	 4.367990184405493e-13
	 -8.07223742122029e-13
	 -8.293329765291427e-13
	 4.984698615141812e-09
	 -1.432151558281324e-08
	 -2.145986394798661e-09
	 5.903490834617088e-13
	 -8.790244241372267e-13
	 -9.311876092048992e-13
	 6.024664660464346e-09
	 -1.38981803603037e-08
	 -2.654908190830818e-09
	 7.121312932254801e-13
	 -9.623331433907857e-13
	 -9.446546195013214e-13
	 6.218517938340385e-09
	 -1.33817275540366e-08
	 -3.59538461386006e-09
	 8.007906389941294e-13
	 -1.060848708685799e-12
	 9.563257467733169e-13
	 5.869577133546518e-09
	 -1.275960546473875e-08
	 -4.613109692215215e-09
	 8.742899221979565e-13
	 -1.180592450419906e-12
	 -8.256148883262916e-13
	 5.332510824636914e-09
	 -1.202562518600786e-08
	 1.32057520953647e-09
	 8.742899221979565e-13
	 -1.180592450419906e-12

