	 9.139649860308827
	 0.6976481371253574
	 1.420565227005012
	 0.0003110272959425769
	 1.776932346553468e-05
	 0.0006246390023098014
	 7.47052483629591 
	 0.3856897507776981
	 1.630134707714292
	 0.0003454903038772045
	 1.036506978513919e-05
	 0.0005065948015579191
	 7.801828079710519
	 0.2019943343669112
	 2.239880240159427
	 0.0004724162532818969
	 3.629636709089602e-06
	 0.0005248167417142617
	 8.701232765899912
	 0.03123252274994921
	 3.164071982512816
	 0.0006782986821951819
	 1.380999001288415e-05
	 0.0005763563947857102
	 9.177796288920302
	 0.2528494337767609
	 3.989254331853853
	 0.0009315937735134423
	 3.575242297636955e-05
	 0.0006006012775514777
	 0.4999996875226433
	 3e-09            

