	 -2.603517561487723
	 1.649921809133882
	 3.80451281910632 
	 0.001933871873924247
	 2.603248295187136e-05
	 -0.001295927680785738
	 -3.972900772198555
	 1.990770911195099
	 3.279417169539877
	 0.003355896558473856
	 -0.0005927756604209293
	 -0.001243895122639084
	 -5.217155993921393
	 4.341179226373828
	 2.207681682110576
	 0.003318114830923657
	 -0.0007894180078128547
	 -0.001071508143225355
	 -6.53761113508016
	 7.628100032007952
	 1.804924356255952
	 0.003072426346988909
	 -0.0006543825517399935
	 -0.001034848797894542
	 -2.006442261906619
	 0.4641356847165901
	 2.042451751243787
	 -5.440613892102703e-05
	 0.0008473351581302344
	 -0.001016189686366521

