	 0.7899724165908992
	 -3.814126963261515
	 2.967025876045227
	 0.0004734013685947502
	 0.001184550925543704
	 -0.001947484767015339
	 0.7102714753709733
	 -3.226328198681585
	 4.425834059715271
	 0.00028849222928784
	 0.001100705757053788
	 -0.003444694302970674
	 2.452221659943461
	 -2.275607812451199
	 6.304492855444551
	 0.0002854351592986859
	 0.0009277945667633958
	 -0.00344077324666614
	 4.68792438833043 
	 -2.031156002660282
	 8.83650335855782 
	 0.0005526983948129782
	 0.0008717219381964014
	 -0.003142221755865648
	 -0.6264837477356195
	 -1.914476712467149
	 2.086896900087595
	 0.0008572363997245702
	 0.0009404891084798805
	 0.0003663391443069486
	 2.575604892645342
	 3.389158683587454e-13

