	 0.007173823760029618
	 9.128169717037508
	 -1.647538834038671
	 -0.0005677221500119344
	 0.0004049758188991576
	 -3.022842002390526e-05
	 0.006945511653906777
	 7.569459042100783
	 -1.148076063982839
	 -0.0004194803161208614
	 0.0004463147444267694
	 -3.080082798775345e-05
	 0.005344205426922155
	 8.059894084346086
	 -0.9820719807243403
	 -0.000372193189709559
	 0.0005989051734844712
	 -3.751967108703325e-05
	 0.004484788673968509
	 9.216707695973156
	 -0.8809414061274963
	 -0.0003094548593944347
	 0.0008318614691863492
	 -6.863452471283726e-05
	 0.1114807284563728
	 9.946254436447891
	 -1.126775227771154
	 -0.0001673445872414292
	 0.001089961522622706
	 -0.0001176722461634487

