1.000000000000000036e-10
1.501172703525823064e-10
2.253519485811028485e-10
3.382921938963064371e-10
5.078350072930002404e-10
7.623480508430924219e-10
1.144416084511766670e-09
1.717966187544965577e-09
2.578963946322826875e-09
3.871470279597063860e-09
5.811745506242598212e-09
8.724433713810253652e-09
1.309688174489237572e-08
1.966068137673812692e-08
2.951407821547777405e-08
4.430572858680146247e-08
6.651055036433008742e-08
9.984382270341182088e-08
1.498828212580336637e-07
2.250000000000001222e-07
