9.999999999999999395e-12
1.546056378565806454e-11
2.390290325704015693e-11
3.695523604678832476e-11
5.713487841154209626e-11
8.833374320674644249e-11
1.365689471273843081e-10
2.111432918203088359e-10
3.264394331101698996e-10
5.046937677753840627e-10
7.802850188915423543e-10
1.206364630556609737e-09
1.865107731948228723e-09
2.883561705690962953e-09
4.458148968071609677e-09
6.892549648683678992e-09
1.065627034892890922e-08
1.647519474468321257e-08
2.547157992313132974e-08
3.938049861230592234e-08
6.088447107065745594e-08
9.413082485439525947e-08
1.455315621857985383e-07
2.250000000000001222e-07
0.000000000000000000e+00
