0.000000000000000000e+00
3.091000000000000000e+03
6.182000000000000000e+03
9.271000000000000000e+03
1.236300000000000000e+04
1.545300000000000000e+04
1.854500000000000000e+04
2.163800000000000000e+04
2.473300000000000000e+04
2.782400000000000000e+04
3.091700000000000000e+04
3.400900000000000000e+04
3.710000000000000000e+04
4.019300000000000000e+04
4.328300000000000000e+04
4.637300000000000000e+04
4.946100000000000000e+04
5.255300000000000000e+04
5.564200000000000000e+04
5.873300000000000000e+04
6.182400000000000000e+04
6.491300000000000000e+04
6.800200000000000000e+04
7.109400000000000000e+04
