0.000000000000000000e+00
3.084000000000000000e+03
6.169000000000000000e+03
9.255000000000000000e+03
1.233800000000000000e+04
1.542100000000000000e+04
1.850400000000000000e+04
2.158700000000000000e+04
2.467300000000000000e+04
2.775800000000000000e+04
3.084500000000000000e+04
3.393000000000000000e+04
3.701500000000000000e+04
4.010100000000000000e+04
4.318600000000000000e+04
4.627100000000000000e+04
4.935600000000000000e+04
5.244400000000000000e+04
5.552900000000000000e+04
5.861400000000000000e+04
6.170100000000000000e+04
6.478600000000000000e+04
6.787100000000000000e+04
7.095800000000000000e+04
