1 139643.532 340.331
2 32613.272 183.269
3 3806.229 126.86
4 38547.977 93.97
5   465.987 46.044
6   986.372 120.71
7 1833.933 84.518
8   596.962 62.983
9 1215.881 132.841
10 11954.671 449.263
11   977.184 157.265
12   229.191 45.153
13   546.734 173.058
14   765.291 117.763
15   3936.84 226.67
16 3088.668 323.861
17    118.12 55.782
18   576.019 48.935
19 1231.401 72.659
20   254.982 101.997
21   257.961 96.045
22 1043.715 323.477
23   338.255 62.375
24   554.975 233.558
25   159.836 67.413
26    94.632 46.747
27   646.483 132.326
28   643.077 167.7
29 2103.023 187.853
30   238.456 96.799
31 1268.115 412.584
32   106.167 49.62
34   291.626 134.149
35   166.718 76.29
36   245.514 86.582
37   189.707 84.623
38     49.83 24.817
39   939.076 279.684
40   350.481 89.957
41   723.534 121.258
42   147.445 47.113
43    74.755 25.136
44    68.184 33.458
45 1115.547 275.717
46   135.706 62.782
47   144.403 70.451
48 1318.034 512.014
49   176.639 85.388
50   124.107 42.027
51   417.753 140.463
52   2308.95 420.581
53   128.326 56.579
54   371.895 141.535
56   797.238 96.698
57   454.114 203.249
58    44.048 21.967
59   473.769 190.829
60    12.497 6.185
62     43.57 21.758
63   150.988 66.373
65 2990.906 504.055
68   321.421 135.243
69   595.357 206.76
70    213.93 92.797
71    97.797 48.104
72    82.722 37.582
74   101.895 48.951
75    71.329 31.69
76   482.278 201.446
77    31.841 15.873
78    444.357 84.087
79     44.034 21.633
80     89.737 38.401
81    200.226 91.279
82     36.088 17.982
83     93.231 45.344
84     45.404 19.21
85    884.824 146.811
86    247.214 118.942
87   2726.311 531.952
88      0.055 0.027
89    557.072 133.009
90    146.728 72.165
91    100.804 48.968
92    375.176 176.15
93    350.267 145.906
94    713.723 313.444
95    151.282 75.253
96    431.057 177.179
97    210.124 78.474
98     129.27 59.993
99     75.571 35.518
100    124.982 61.74
102    236.332 88.196
103    151.309 74.011
104    163.453 80.618
105    171.787 69.85
106    337.535 159.721
107   1422.992 464.415
109     51.619 24.915
110    127.185 62.49
111    108.247 51.28
112      47.02 23.052
113      21.37 10.651
114    131.966 62.975
115     47.322 23.309
117   1453.566 435.368
118      9.548 4.771
120    502.516 232.707
121    713.675 291.224
124    166.505 76.974
127    117.181 57.88
128    618.626 210.888
129    684.256 200.467
130    864.951 294.577
132     30.303 14.755
134    173.804 78.883
135    136.653 59.914
137    277.249 126.85
139    404.038 108.798
140    360.331 130.179
141    115.238 54.453
143     51.644 25.749
144    471.278 121.876
145    461.851 123.055
146    209.047 101.392
147     78.621 39.22
148    129.656 63.668
150    106.505 52.648
154    817.895 322.045
156     429.78 81.628
159    270.009 131.608
160     89.965 44.536
162    203.147 92.477
163     21.516 10.609
164    470.318 107.979
165     285.68 139.537
168    444.827 206.958
171    139.839 69.453
172     79.253 38.036
173    306.789 136.442
175    142.881 70.244
176    144.007 71.451
177     28.753 14.306
181     439.78 193.506
185    774.136 243.015
187      372.9 86.373
191     93.987 46.655
192    230.535 70.417
194    523.744 107.014
195     69.927    34.8
196    867.047 361.097
198     29.651 14.406
200     266.13 125.838
201    176.335 84.064
203    169.328 82.667
205     14.818 7.408
206    207.589 100.326
209    180.181 89.822
210     22.894 11.438
211    275.891 133.146
212    133.713 66.259
213     40.499 20.206
216    687.345 173.442
221    155.795 76.814
223     88.982 44.217
224     64.429 31.805
225    121.946 60.326
227    233.312 109.782
230    349.702 141.842
233    316.961 140.441
236     190.65 88.318
238     559.72 233.434
240     85.484 40.914
241    963.174 342.19
247    105.893 51.632
250    245.307 120.373
259    808.064 296.308
266    248.112 117.623
268    134.613 65.831
275    233.252 110.23
276    452.566 217.572
283    237.643 112.678
287     33.835 16.849
303     80.021 39.909
304     14.118 7.043
308    289.006 137.485
313     72.947 30.632
322     36.047 17.925
324   1682.131 45.327
326     45.434 21.252
328    323.707 152.584
329     46.065 22.861
334    572.159 232.556
335     73.943 34.109
336     64.361 29.608
337      87.95 40.988
338     22.106 11.047
344    372.187 75.866
345    100.699 48.761
346    140.482 69.103
347     30.486 15.095
349    276.607 130.263
350    253.986 125.4
354   1078.281 183.015
356    108.613 50.163
357     131.75 65.607
358     61.697 30.742
360    436.211 189.055
362      76.35 37.995
363    207.657 98.134
365     76.459 37.909
366    114.144 56.805
369      48.37 24.09
372   1237.702 324.096
373     76.503 38.097
375    465.838 214.3
377     38.443 19.191
381    495.946 217.389
385    111.656    54.7
386    550.244 212.234
387    132.193 60.346
388    215.378 105.901
389    104.021 50.336
393    285.309 91.258
404     89.289 41.338
405    240.229 51.53
407    101.937 50.366
409     1011.8 201.135
410    303.222 96.475
412    166.019 80.653
415     99.281 46.367
416    123.889 59.146
419    255.322 72.371
420    220.068 108.699
423    654.344 264.106
424     67.947 33.82
426    228.829 109.764
431    107.679 53.226
432     15.057 7.483
433      3.548 1.037
442      24.96 12.436
444    889.725 221.21
445      47.05 23.497
449     17.583 8.776
451   1671.212 588.194
454     21.631 10.802
455    340.048 111.366
464    125.102 60.637
465     24.069 12.025
466     91.237 45.521
469    304.433 137.562
471    528.244 191.253
476    342.566 148.598
481     64.673 32.135
485     22.236 11.103
488    561.612 229.459
489    121.924 60.49
490     69.112 34.496
491    202.066 99.899
498     91.707 44.284
503     45.347 22.078
505    166.145 69.346
506    322.294 155.267
508    206.435 102.288
511    6637.43 481.733
514    219.734 107.83
516     52.638 24.191
517    100.264 49.805
521     76.898 37.306
532   1213.536 151.443
535     23.438 11.701
536    808.338 364.913
545    170.952 83.798
547      21.62 10.793
554    126.682 60.162
566    541.209 240.02
568     50.683 25.276
569     43.667 21.659
584      20.399 10.034
585       5.529 2.876
591     30.558 15.074
593     62.446 30.55
595      93.31 46.541
596     178.84 85.354
598     20.551 10.265
599     71.685 34.736
602    168.836 82.134
604     53.701 26.742
618    166.141 82.396
623      7.431 3.713
626     72.832 35.212
635     57.819 28.865
654    188.097 56.725
663    239.643 114.428
667     73.041 36.352
674     193.64 91.865
675     96.325 46.769
680    206.775 96.732
683    295.566 141.445
690    201.167 98.318
691     92.304 45.887
694    153.259 56.94
696     99.448 49.299
702    906.957 374.186
704   4737.367 426.508
705    324.182 154.286
709    292.189 137.624
712    365.024 119.975
713    111.487 55.303
735     38.073 18.737
739    184.532 84.457
740    177.118 86.57
747    801.111 138.793
751    113.875 53.535
752     26.569 13.253
760     66.464 32.58
762    134.105 66.593
769      94.09 46.69
772     61.622 30.734
773     68.306 34.041
776     398.26 174.681
778      21.89 10.936
780    208.182 102.535
784     36.056 17.994
786    237.241 112.327
788    235.031 115.048
790    537.375 257.943
791     87.213 43.342
804    651.926 227.504
814    186.167 88.93
849     130.09 64.042
895    203.534 100.739
909    361.354 173.346
914     53.687 26.163
980     73.406 36.296
1015     39.901 19.94
1021    138.012 62.136
1036      9.792 4.344
1093    134.311 65.664
1107    165.609 83.314
1171     84.409 41.675
1467     51.282 27.305
