0.000000000000000000e+00
1.000000000000000036e-10
1.649648074098020590e-10
2.721338768375308745e-10
4.489251258218607728e-10
7.405684692262442597e-10
1.221677348996793127e-09
2.015337685941735323e-09
3.324597932270944919e-09
5.484416576121026303e-09
9.047357242349311000e-09
1.492495545051829102e-08
2.462092401494625519e-08
4.061585988376979445e-08
6.700187503509590016e-08
1.105295141126019875e-07
1.823348000868438664e-07
3.007882518043096018e-07
4.961947603002897566e-07
8.185467307069021234e-07
1.350314037869872138e-06
2.227542951999556381e-06
3.674661940736688007e-06
6.061898993497572126e-06
1.000000000000000082e-05
