	 19.99341247731253
	 1.57163986162288 
	 3.025034483934975
	 0.0007361653992951606
	 5.085499079271033e-05
	 0.001340386462636965
	 21.41384626142145
	 1.156872333496606
	 4.561406973803373
	 0.001041212023913761
	 4.184368043888735e-05
	 0.001426368949201213
	 22.47195350828325
	 0.7216994852382356
	 6.319493775500471
	 0.001408744173035859
	 2.117676213816702e-05
	 0.001487698375581645
	 22.97586537237498
	 0.5078930998938476
	 8.185697232591481
	 0.001833054466305594
	 3.309747145525419e-05
	 0.001505477953864288
	 36.95594616954401
	 1.084827145197221
	 15.95147281553902
	 0.003780132416842276
	 0.0001474325595565518
	 0.002398282010907878
	 2.299999999999997e-05
	 0.4999996875005508
	 3e-09            
	 1.289819589662062e-05
	 1.29349480252606e-05
	 1.850328963235039e-05
	 1.305416666153294e-05
	 3.781404555798702e-05

