	 -8.838635242544115
	 1.357094947248697
	 -2.410784373059869
	 0.003071252903282584
	 0.0006023002698469782
	 0.001005327709833637
	 97.41774801630527
	 -4.122195326955989
	 19.78371389210224
	 -0.002550770181528605
	 0.0009169883781652288
	 0.007256410306581529
	 20.87124129617587
	 0.3330220530042425
	 4.544247586280107
	 0.0001924998690583379
	 0.000813281415595668
	 0.001724917804949655
	 28.49902739888057
	 1.101153929950669
	 9.255072139203548
	 -0.001256409565144168
	 0.0008156524740456916
	 0.00193447621938958
	 -33.59578289743513
	 0.6120106733869761
	 -13.87086531147361
	 0.004126356415554255
	 0.0009566604326707306
	 -0.002291738178087144
	 15.00584983791019
	 -3.432731694633977
	 8.558510740399239
	 -0.0005501620214368602
	 -0.0008197987987135628
	 0.001759856817341297
	 -787.6216816086292
	 8.908589360853449
	 1.657360123938498e-06
	 -1.53064668480219e-07
	 2.094026575089142e-06
	 1.717546820744733e-06
	 1.246448845010729e-06
	 -8.37869794163386e-09
	 3.164065033324447e-07
	 -2.582005063992089e-06
	 -8.082465694200779e-07
	 -2.729483381565239e-06
	 -1.387104126743551e-06
	 6.838074482464049e-07
	 3.754915404860998e-07
	 -2.262974046350962e-07
	 -1.55425023441755e-06

