	 -2.311012268066406
	 -1.375045299530029
	 -2.09151554107666
	 0.6686172485351562
	 1.375782012939453
	 0.9167699813842773
	 1.675022125244141
	 2.137451171875   
	 1.965824127197266
	 0.3424115180969238
	 0.427978515625   
	 0.4160661697387695
	 0.8303966522216797
	 0.8939590454101562
	 0.9044475555419922
	 -0.344573974609375
	 -0.2915878295898438
	 -0.2727575302124023
	 -0.9100379943847656
	 -0.8689498901367188
	 -0.8417015075683594
	 2.768581390380859
	 2.783256530761719
	 2.820880889892578
	 -0.1200714111328125
	 -0.1168899536132812
	 -0.07198810577392578
	 -2.693275451660156
	 -2.702495574951172
	 -2.650509834289551
	 1.198493957519531
	 1.163650512695312
	 1.228130340576172
	 1.550567626953125
	 1.503250122070312
	 1.572810173034668
	 -0.1748809814453125
	 -0.2339725494384766
	 -0.160247802734375
	 2.355941772460938
	 2.286077499389648
	 2.362998962402344
	 0.846893310546875
	 0.7673873901367188
	 0.8465681076049805
	 0.05721282958984375
	 -0.03070068359375
	 0.04985809326171875
	 -0.5426483154296875
	 -0.6454095840454102
	 -0.5641841888427734
	 0.03515625       
	 -0.07421684265136719
	 0.004465103149414062
	 0.070526123046875
	 -0.04034423828125
	 0.0364079475402832
	 -0.71319580078125
	 -0.8243827819824219
	 -0.7498970031738281
	 0.3420867919921875
	 0.2316513061523438
	 0.3035860061645508
	 0.3072662353515625
	 0.1986007690429688
	 0.267789363861084
	 -0.281707763671875
	 -0.3877220153808594
	 -0.3214530944824219
	 0.1266708374023438
	 0.02420425415039062
	 0.08746576309204102
	 -1.166007995605469
	 -1.26422119140625
	 -1.203989028930664
	 1.023506164550781
	 0.9302749633789062
	 0.9874668121337891
	 -0.170806884765625
	 -0.2584381103515625
	 -0.2042596340179443
	 0.1192169189453125
	 0.037628173828125
	 0.08895242214202881
	 0.2217941284179688
	 0.1467971801757812
	 0.1953827440738678
	 -0.4526596069335938
	 -0.5136947631835938
	 -0.4701166152954102
	 -0.7395782470703125
	 -0.7932586669921875
	 -0.75188148021698
	 -0.201690673828125
	 -0.247833251953125
	 -0.2084548473358154
	 -0.109222412109375
	 -0.1478271484375 
	 -0.1101338863372803
	 -0.1848068237304688
	 -0.2083892822265625
	 -0.1733441352844238
	 -0.5691375732421875
	 -0.5853424072265625
	 -0.5512332916259766
	 -0.01816177368164062
	 -0.02025604248046875
	 0.01290082931518555
	 0.8138828277587891
	 0.81842041015625 
	 0.8515443801879883
	 0.1755580902099609
	 0.1864700317382812
	 0.2197780609130859
	 0.09575653076171875
	 0.1127166748046875
	 0.1464385986328125
	 0.152219295501709
	 0.179931640625   
	 0.2153253555297852
	 -0.2756259441375732
	 -0.2432098388671875
	 -0.2066450119018555
	 2.41835880279541 
	 2.45501708984375 
	 2.492929458618164
	 2.119319915771484
	 2.159660339355469
	 2.199143409729004
	 1.300893783569336
	 1.3443603515625  
	 1.385598182678223
	 -0.8175716400146484
	 -0.7714920043945312
	 -0.7284202575683594
	 -2.067478179931641
	 -2.017852783203125
	 -1.970803260803223
	 -2.924476623535156
	 -2.873931884765625
	 -2.824790954589844
	 2.194068908691406
	 2.244979858398438
	 2.296185493469238
	 1.460678100585938
	 1.511474609375   
	 1.56463623046875 
	 1.370479583740234
	 1.420639038085938
	 1.475692749023438
	 0.5091323852539062
	 0.5581436157226562
	 0.6149587631225586
	 -1.275421142578125
	 -1.227935791015625
	 -1.169613838195801
	 0.9601364135742188
	 1.005661010742188
	 1.065290451049805
	 -0.2922134399414062
	 -0.2489471435546875
	 -0.1882696151733398
	 2.224273681640625
	 2.2620849609375  
	 2.323772430419922
	 -0.7672653198242188
	 -0.7394256591796875
	 -0.6780948638916016
	 -2.145217895507812
	 -2.117191314697266
	 -2.05754280090332
	 2.5958251953125  
	 2.618751525878906
	 2.673810958862305
	 1.852561950683594
	 1.873632431030273
	 1.925363540649414
	 0.52459716796875 
	 0.5444374084472656
	 0.5921411514282227
	 0.3854904174804688
	 0.4051189422607422
	 0.4493799209594727
	 5.1473388671875  
	 5.166865587234497
	 5.206053733825684
	 -2.451240539550781
	 -2.430973052978516
	 -2.397335052490234
	 -0.79107666015625
	 -0.7664833068847656
	 -0.7453265190124512
	 2.357955932617188
	 2.386114120483398
	 2.4006028175354  
	 4.132713317871094
	 4.103042602539062
	 4.15196704864502 
	 -0.2855072021484375
	 -0.3366355895996094
	 -0.2793188095092773
	 -2.288810729980469
	 -2.349498748779297
	 -2.289225578308105
	 -5.330253601074219
	 -5.39940071105957
	 -5.337010383605957
	 2.534919738769531
	 2.458470344543457
	 2.522191047668457
	 -0.6105804443359375
	 -0.6998348236083984
	 -0.6352758407592773
	 1.316535949707031
	 1.222391128540039
	 1.284939765930176
	 4.990005493164062
	 4.895519256591797
	 4.956595420837402
	 4.234382629394531
	 4.140182495117188
	 4.19950008392334 
	 0.8170623779296875
	 0.7240867614746094
	 0.7813863754272461
	 1.167678833007812
	 1.076904296875   
	 1.13200855255127 
	 3.595291137695312
	 3.511428833007812
	 3.561903953552246
	 3.4241943359375  
	 3.355751037597656
	 3.399396657943726
	 -0.44073486328125
	 -0.5030059814453125
	 -0.4614590406417847
	 -0.08368682861328125
	 -0.1394577026367188
	 -0.09982305765151978
	 -0.600250244140625
	 -0.6492385864257812
	 -0.6113351881504059
	 2.588821411132812
	 2.546760559082031
	 2.583192825317383
	 1.338752746582031
	 1.303878784179688
	 1.339017391204834
	 0.7336845397949219
	 0.7132949829101562
	 0.7466847896575928
	 1.519874572753906
	 1.506683349609375
	 1.539609432220459
	 -0.84844970703125
	 -0.8545150756835938
	 -0.8218121528625488
	 0.4975242614746094
	 0.511474609375   
	 0.5452861785888672
	 1.160619735717773
	 1.180625915527344
	 1.215397357940674
	 1.727867126464844
	 1.753662109375   
	 1.789565086364746
	 0.6714744567871094
	 0.7075958251953125
	 0.7465105056762695
	 1.310445785522461
	 1.35101318359375 
	 1.391822814941406
	 1.61948561668396 
	 1.6639404296875  
	 1.706889152526855
	 -0.5001640319824219
	 -0.4522933959960938
	 -0.4070663452148438
	 -0.5046110153198242
	 -0.4538803100585938
	 -0.4062118530273438
	 0.1897602081298828
	 0.2427520751953125
	 0.2930326461791992
	 -0.224395751953125
	 -0.1697463989257812
	 -0.116729736328125
	 -0.6055755615234375
	 -0.5498733520507812
	 -0.4940328598022461
	 0.1585845947265625
	 0.2148284912109375
	 0.2734651565551758
	 0.1168746948242188
	 0.1730804443359375
	 0.2345066070556641
	 -0.00640106201171875
	 0.049163818359375
	 0.11334228515625 
	 0.6612586975097656
	 0.7156906127929688
	 0.7824802398681641
	 0.3141403198242188
	 0.3668289184570312
	 0.436152458190918
	 -0.3131179809570312
	 -0.2626800537109375
	 -0.1909999847412109
	 -0.119232177734375
	 -0.0714111328125 
	 0.002310752868652344
	 -0.2280502319335938
	 -0.1832427978515625
	 -0.1077470779418945
	 0.44091796875    
	 0.4800262451171875
	 0.5578517913818359
	 -0.2307968139648438
	 -0.1939544677734375
	 -0.1157112121582031
	 0.7281723022460938
	 0.761016845703125
	 0.8398313522338867
	 0.4756317138671875
	 0.5043830871582031
	 0.5832033157348633
	 0.4086151123046875
	 0.43328857421875 
	 0.5115156173706055
	 0.2135238647460938
	 0.2304115295410156
	 0.3053922653198242
	 1.406288146972656
	 1.419845581054688
	 1.492080688476562
	 0.6348495483398438
	 0.6455593109130859
	 0.7142524719238281
	 0.4179916381835938
	 0.4272480010986328
	 0.4925155639648438
	 0.3718490600585938
	 0.3785767555236816
	 0.4335918426513672
	 2.036163330078125
	 2.046150207519531
	 2.081095695495605
	 -4.077011108398438
	 -4.063888549804688
	 -4.036515235900879
	 -0.6678619384765625
	 -0.6506004333496094
	 -0.6309571266174316
	 0.2383346557617188
	 0.2606086730957031
	 0.2725484371185303
	 -0.918701171875  
	 -0.8906402587890625
	 -0.8861861228942871
	 0.2314262390136719
	 0.2724533081054688
	 0.2636770009994507
	 -0.1089210510253906
	 -0.06150054931640625
	 -0.0756295919418335
	 0.3268241882324219
	 0.3802947998046875
	 0.3619730472564697
	 0.5767459869384766
	 0.6233444213867188
	 0.6319828033447266
	 0.3206906318664551
	 0.3462371826171875
	 0.3572640419006348
	 0.4531891345977783
	 0.5183181762695312
	 0.5000276565551758
	 1.870147705078125
	 1.927589416503906
	 1.918115615844727
	 -0.006704330444335938
	 0.04413604736328125
	 0.04033565521240234
	 -2.763519287109375
	 -2.730247497558594
	 -2.721443176269531
	 0.8375320434570312
	 0.8604049682617188
	 0.8756446838378906
	 2.008136749267578
	 2.020057678222656
	 2.041469573974609
	 -0.6442642211914062
	 -0.6437759399414062
	 -0.6164665222167969
	 0.8552322387695312
	 0.8223381042480469
	 0.8641319274902344
	 -2.512687683105469
	 -2.564834594726562
	 -2.516689300537109
	 -0.766143798828125
	 -0.8335561752319336
	 -0.7817621231079102
	 2.527503967285156
	 2.454087257385254
	 2.506777763366699
	 -0.7509994506835938
	 -0.7277755737304688
	 -0.692833423614502
	 -1.299206733703613
	 -1.259918212890625
	 -1.219247817993164
	 -0.6290884017944336
	 -0.585296630859375
	 -0.5422601699829102
	 -4.313920736312866
	 -4.266494750976562
	 -4.220468521118164
	 0.8539063930511475
	 0.9049072265625  
	 0.9536027908325195
	 3.578220367431641
	 3.634468078613281
	 3.689229011535645
	 1.48716926574707 
	 1.546318054199219
	 1.60758113861084 
	 -3.640148162841797
	 -3.580459594726562
	 -3.51585578918457
	 -1.200569152832031
	 -1.141616821289062
	 -1.070347785949707
	 -0.7482147216796875
	 -0.6922531127929688
	 -0.6146879196166992
	 -0.4236793518066406
	 -0.3700332641601562
	 -0.2895383834838867
	 -2.302871704101562
	 -2.252006530761719
	 -2.168815612792969
	 -0.9967193603515625
	 -0.949188232421875
	 -0.8635673522949219
	 0.255279541015625
	 0.2949371337890625
	 0.3843545913696289
	 -1.643547058105469
	 -1.609527587890625
	 -1.51849365234375
	 1.517829895019531
	 1.547172546386719
	 1.638849258422852
	 0.3051986694335938
	 0.3249702453613281
	 0.4160270690917969
	 2.525962829589844
	 2.541122436523438
	 2.630769729614258
	 1.531303405761719
	 1.542201995849609
	 1.62959098815918 
	 -0.8819351196289062
	 -0.8780307769775391
	 -0.7977790832519531
	 0.5451126098632812
	 0.5445246696472168
	 0.6038217544555664
	 0.6849212646484375
	 0.6851720809936523
	 0.737119197845459
	 -0.2158355712890625
	 -0.2136077880859375
	 -0.1695404052734375
	 -2.174766540527344
	 -2.169414520263672
	 -2.133652687072754
	 -1.6937255859375 
	 -1.678699493408203
	 -1.660185098648071
	 -0.68365478515625
	 -0.6492767333984375
	 -0.6541359797120094
	 -1.406970977783203
	 -1.35992431640625
	 -1.376132249832153
	 -0.1525001525878906
	 -0.1011886596679688
	 -0.09531927108764648
	 -0.1385135650634766
	 -0.09793853759765625
	 -0.08896160125732422
	 -0.399017333984375
	 -0.3691787719726562
	 -0.3589901924133301
	 0.419501781463623
	 0.4402389526367188
	 0.4495382308959961
	 0.3339886665344238
	 0.39569091796875 
	 0.3745241165161133
	 0.1442375183105469
	 0.1988067626953125
	 0.1852626800537109
	 0.9358386993408203
	 0.9842529296875  
	 0.9757213592529297
	 0.9016456604003906
	 0.9335861206054688
	 0.9364051818847656
	 0.1208534240722656
	 0.1371002197265625
	 0.1331396102905273
	 -0.7837600708007812
	 -0.7707748413085938
	 -0.7703847885131836
	 -0.531280517578125
	 -0.52392578125   
	 -0.5181407928466797
	 -1.269203186035156
	 -1.269412994384766
	 -1.257576942443848
	 0.5793838500976562
	 0.5582313537597656
	 0.5879831314086914
	 -0.4042816162109375
	 -0.4357032775878906
	 -0.401942253112793
	 -2.240859985351562
	 -2.281845092773438
	 -2.24476146697998
	 -2.213340759277344
	 -2.26312255859375
	 -2.223311424255371
	 -0.2794723510742188
	 -0.3370609283447266
	 -0.2951602935791016
	 3.502265930175781
	 3.437955856323242
	 3.481364250183105
	 0.917022705078125
	 0.8470735549926758
	 0.8914337158203125
	 -1.320510864257812
	 -1.394987881183624
	 -1.350180625915527
	 -0.3393173217773438
	 -0.4171009063720703
	 -0.3722934722900391
	 -0.7783279418945312
	 -0.8582553863525391
	 -0.8138341903686523
	 -1.357070922851562
	 -1.43809700012207
	 -1.394387245178223
	 2.551803588867188
	 2.473960876464844
	 2.514576435089111
	 -0.0733642578125 
	 -0.1486167907714844
	 -0.1093716621398926
	 -2.496932983398438
	 -2.568851470947266
	 -2.531003475189209
	 -2.047050476074219
	 -2.114822387695312
	 -2.078388214111328
	 3.819679260253906
	 3.756645202636719
	 3.791715383529663
	 -5.063400268554688
	 -5.102523803710938
	 -5.071624755859375
	 -1.522041320800781
	 -1.547431945800781
	 -1.517630100250244
	 -3.7119140625    
	 -3.730331420898438
	 -3.700532674789429
	 -1.7603759765625 
	 -1.771690368652344
	 -1.741703987121582
	 2.959911346435547
	 2.95556640625    
	 2.986103773117065
	 -2.38043212890625
	 -2.377838134765625
	 -2.346574783325195
	 -2.471767425537109
	 -2.462387084960938
	 -2.430122852325439
	 -1.320648193359375
	 -1.304710388183594
	 -1.2711501121521 
	 -1.407135009765625
	 -1.378936767578125
	 -1.341918468475342
	 -0.8073768615722656
	 -0.7684478759765625
	 -0.7268610000610352
	 -4.765701293945312
	 -4.748489379882812
	 -4.652308464050293
	 1.366683959960938
	 1.368967056274414
	 1.452822685241699
	 1.30523681640625 
	 1.305576324462891
	 1.383862495422363
	 -0.01621246337890625
	 -0.01677989959716797
	 0.04775714874267578
	 0.5654220581054688
	 0.5660114288330078
	 0.6226530075073242
	 3.295829772949219
	 3.298675537109375
	 3.346860885620117
	 1.349601745605469
	 1.355911254882812
	 1.395227432250977
	 0.955535888671875
	 0.9664115905761719
	 0.9966340065002441
	 -0.7518692016601562
	 -0.7354965209960938
	 -0.7143573760986328
	 -4.459335327148438
	 -4.436538696289062
	 -4.424265384674072
	 -0.9017410278320312
	 -0.8720741271972656
	 -0.8681455850601196
	 -3.275497436523438
	 -3.23876953125   
	 -3.242474429309368
	 2.176109313964844
	 2.225906372070312
	 2.209920406341553
	 -5.047389984130859
	 -4.991844177246094
	 -5.012038946151733
	 -3.459329605102539
	 -3.399238586425781
	 -3.422136306762695
	 1.771101951599121
	 1.834281921386719
	 1.810176372528076
	 1.546444892883301
	 1.60772705078125 
	 1.588651657104492
	 1.237144470214844
	 1.293312072753906
	 1.278494834899902
	 3.943611145019531
	 3.986175537109375
	 3.9815673828125  
	 2.043384552001953
	 2.076545715332031
	 2.077840805053711
	 0.8676071166992188
	 0.89239501953125 
	 0.9039592742919922
	 -2.821208953857422
	 -2.809913635253906
	 -2.792038917541504
	 -1.635665893554688
	 -1.637607574462891
	 -1.614140510559082
	 2.08758544921875 
	 2.075355529785156
	 2.100656509399414
	 0.4850540161132812
	 0.4628639221191406
	 0.4911403656005859
	 0.6478042602539062
	 0.6147346496582031
	 0.6471481323242188
	 -0.1048126220703125
	 -0.1479034423828125
	 -0.1120519638061523
	 0.09737396240234375
	 0.04509735107421875
	 0.08377361297607422
	 0.6324615478515625
	 0.5720043182373047
	 0.6128864288330078
	 -0.96539306640625
	 -1.032991409301758
	 -0.9904794692993164
	 0.3403167724609375
	 0.2666935920715332
	 0.3102836608886719
	 -0.151519775390625
	 -0.2337541580200195
	 -0.189417839050293
	 1.119636535644531
	 1.034858703613281
	 1.078962326049805
	 0.4569931030273438
	 0.3708782196044922
	 0.4144258499145508
	 -0.5379180908203125
	 -0.6251296997070312
	 -0.582545280456543
	 -1.073883056640625
	 -1.160251617431641
	 -1.11870288848877
	 0.3009109497070312
	 0.2162284851074219
	 0.2566227912902832
	 -0.7458648681640625
	 -0.820404052734375
	 -0.7837457656860352
	 0.2505416870117188
	 0.1860427856445312
	 0.2201943397521973
	 0.0652008056640625
	 0.0064239501953125
	 0.03956270217895508
	 -0.1039810180664062
	 -0.156585693359375
	 -0.1241763830184937
	 0.8757400512695312
	 0.8362274169921875
	 0.8680400848388672
	 -0.5456924438476562
	 -0.5783538818359375
	 -0.5466839075088501
	 -0.9139785766601562
	 -0.9326324462890625
	 -0.9006285667419434
	 1.135341644287109
	 1.123695373535156
	 1.15629768371582 
	 2.264854431152344
	 2.260108947753906
	 2.293582439422607
	 -1.177433013916016
	 -1.175369262695312
	 -1.140790462493896
	 -0.6228713989257812
	 -0.6140670776367188
	 -0.5782856941223145
	 -0.07410812377929688
	 -0.0529022216796875
	 -0.01355123519897461
	 -0.4768924713134766
	 -0.4499664306640625
	 -0.4084386825561523
	 -1.987209320068359
	 -1.954940795898438
	 -1.911023139953613
	 1.112780570983887
	 1.15447998046875 
	 1.203826904296875
	 5.185721397399902
	 5.231170654296875
	 5.28378963470459 
	 -0.8680281639099121
	 -0.8190765380859375
	 -0.7633142471313477
	 0.03937721252441406
	 0.09124755859375 
	 0.1503505706787109
	 -3.148717880249023
	 -3.094436645507812
	 -3.031943321228027
	 -0.7007179260253906
	 -0.6446380615234375
	 -0.5786247253417969
	 0.7260475158691406
	 0.7833633422851562
	 0.8529214859008789
	 -0.3069572448730469
	 -0.2489242553710938
	 -0.1758670806884766
	 1.667270660400391
	 1.72540283203125 
	 1.801926612854004
	 0.1724357604980469
	 0.2300872802734375
	 0.310032844543457
	 -0.7642097473144531
	 -0.707489013671875
	 -0.6243476867675781
	 2.535545349121094
	 2.588844299316406
	 2.677823066711426
	 0.3847885131835938
	 0.43560791015625 
	 0.5271625518798828
	 1.443252563476562
	 1.491203308105469
	 1.584980010986328
	 -4.454452514648438
	 -4.409767150878906
	 -4.314191818237305
	 1.367134094238281
	 1.406997680664062
	 1.504018783569336
	 -4.933586120605469
	 -4.897262573242188
	 -4.799884796142578
	 -4.450271606445312
	 -4.417591094970703
	 -4.32044792175293
	 -1.419685363769531
	 -1.390617370605469
	 -1.294285774230957
	 2.903106689453125
	 2.928619384765625
	 3.023507118225098
	 -2.094558715820312
	 -2.072418212890625
	 -1.979593276977539
	 -1.032005310058594
	 -1.013038635253906
	 -0.9229106903076172
	 2.185539245605469
	 2.196699142456055
	 2.276270866394043
	 4.624809265136719
	 4.634775161743164
	 4.708436965942383
	 -2.197891235351562
	 -2.1880784034729 
	 -2.121170043945312
	 2.4605712890625  
	 2.478286743164062
	 2.480229377746582
	 3.557838439941406
	 3.566440582275391
	 3.573972702026367
	 3.391593933105469
	 3.384017944335938
	 3.404948234558105
	 2.079750061035156
	 2.04931640625    
	 2.078832626342773
	 -4.691566467285156
	 -4.732490539550781
	 -4.69953441619873
	 -1.201820373535156
	 -1.260873794555664
	 -1.222887992858887
	 -1.824165344238281
	 -1.890625953674316
	 -1.850996017456055
	 -0.729827880859375
	 -0.8025913238525391
	 -0.7618532180786133
	 2.621810913085938
	 2.543996930122375
	 2.585361480712891
	 -3.418601989746094
	 -3.500269889831543
	 -3.458694458007812
	 -1.800559997558594
	 -1.886520385742188
	 -1.84552001953125
	 -0.3196945190429688
	 -0.4040565490722656
	 -0.3655910491943359
	 -0.499725341796875
	 -0.5816879272460938
	 -0.5442585945129395
	 -5.193862915039062
	 -5.272598266601562
	 -5.236234188079834
	 3.15374755859375 
	 3.078971862792969
	 3.114292144775391
	 -0.2284927368164062
	 -0.2986221313476562
	 -0.2642700672149658
	 0.4520645141601562
	 0.3871002197265625
	 0.4205923080444336
	 3.555191040039062
	 3.49591064453125 
	 3.528650760650635
	 -0.4136810302734375
	 -0.4669265747070312
	 -0.4347159862518311
	 0.61187744140625 
	 0.5650177001953125
	 0.5968633145093918
	 -1.058731079101562
	 -1.098976135253906
	 -1.06725800037384
	 0.6601409912109375
	 0.6336288452148438
	 0.6657531261444092
	 -0.072418212890625
	 -0.09194183349609375
	 -0.05920696258544922
	 -0.3521881103515625
	 -0.3647308349609375
	 -0.331139087677002
	 -1.400310516357422
	 -1.405960083007812
	 -1.371270179748535
	 -0.5648384094238281
	 -0.563812255859375
	 -0.5276947021484375
	 1.245311737060547
	 1.252876281738281
	 1.290646076202393
	 -1.320537567138672
	 -1.306678771972656
	 -1.26698637008667
	 -0.7136154174804688
	 -0.6937637329101562
	 -0.6518955230712891
	 -0.01261329650878906
	 0.012908935546875
	 0.05720376968383789
	 0.1437559127807617
	 0.1795196533203125
	 0.229243278503418
	 0.717320442199707
	 0.757537841796875
	 0.8102970123291016
	 0.6958329677581787
	 0.743316650390625
	 0.8028182983398438
	 0.1271839141845703
	 0.1775665283203125
	 0.2405986785888672
	 0.7175769805908203
	 0.7723541259765625
	 0.8424711227416992
	 -0.07588768005371094
	 -0.019775390625  
	 0.05393600463867188
	 0.1137428283691406
	 0.1706161499023438
	 0.2479190826416016
	 -0.7425613403320312
	 -0.68585205078125
	 -0.6015481948852539
	 -0.4420738220214844
	 -0.3861923217773438
	 -0.298619270324707
	 0.8500289916992188
	 0.902679443359375
	 0.9961509704589844
	 1.060272216796875
	 1.107986450195312
	 1.20610237121582 
	 0.2111587524414062
	 0.2558135986328125
	 0.3556556701660156
	 0.376708984375   
	 0.41693115234375 
	 0.5184230804443359
	 1.393913269042969
	 1.429473876953125
	 1.530984878540039
	 0.753173828125   
	 0.7852745056152344
	 0.8862543106079102
	 -0.0550384521484375
	 -0.02637863159179688
	 0.07341766357421875
	 -0.4675827026367188
	 -0.4503650665283203
	 -0.3626041412353516
	 -0.3665313720703125
	 -0.3519630432128906
	 -0.2705049514770508
	 0.3015899658203125
	 0.3154935836791992
	 0.3907260894775391
	 -0.0536651611328125
	 -0.03952479362487793
	 0.02855300903320312
	 -1.181221008300781
	 -1.165885925292969
	 -1.10560417175293
	 -2.670768737792969
	 -2.653178215026855
	 -2.601354122161865
	 -1.608078002929688
	 -1.582851409912109
	 -1.549333572387695
	 0.2976760864257812
	 0.33441162109375 
	 0.3490595817565918
	 -1.101318359375  
	 -1.057819366455078
	 -1.05231499671936
	 0.6992416381835938
	 0.7498970031738281
	 0.7468326091766357
	 -3.779987335205078
	 -3.709091186523438
	 -3.732192516326904
	 -2.679603576660156
	 -2.603439331054688
	 -2.630621433258057
	 0.2619419097900391
	 0.3419113159179688
	 0.3122611045837402
	 -2.30478048324585
	 -2.222373962402344
	 -2.252471923828125
	 -1.292673110961914
	 -1.216117858886719
	 -1.240908622741699
	 -2.112586975097656
	 -2.042747497558594
	 -2.06299877166748
	 -0.9284591674804688
	 -0.8756637573242188
	 -0.8853731155395508
	 2.622409820556641
	 2.66455078125    
	 2.660752296447754
	 4.986301422119141
	 5.016891479492188
	 5.019067764282227
	 -2.095417022705078
	 -2.0770263671875 
	 -2.068998336791992
	 0.0927734375     
	 0.07371902465820312
	 0.09737586975097656
	 1.978813171386719
	 1.948104858398438
	 1.975796699523926
	 4.040306091308594
	 3.998561859130859
	 4.029784202575684
	 2.86871337890625 
	 2.850212097167969
	 2.885648250579834
	 2.000007629394531
	 1.988418579101562
	 2.025096416473389
	 -3.451774597167969
	 -3.456596374511719
	 -3.418406963348389
	 0.2197532653808594
	 0.2214736938476562
	 0.2615318298339844
	 3.432876586914062
	 3.441024780273438
	 3.48305606842041 
	 -3.479583740234375
	 -3.465354919433594
	 -3.421065330505371
	 -0.6576328277587891
	 -0.6375808715820312
	 -0.590848445892334
	 -1.957244873046875
	 -1.931732177734375
	 -1.882323265075684
	 -3.579611778259277
	 -3.548980712890625
	 -3.496750831604004
	 -4.010313034057617
	 -3.970626831054688
	 -3.912388801574707
	 -0.497950553894043
	 -0.454559326171875
	 -0.3929843902587891
	 0.2147617340087891
	 0.2614593505859375
	 0.3263740539550781
	 -0.4032669067382812
	 -0.3538055419921875
	 -0.285456657409668
	 -0.6071014404296875
	 -0.5554046630859375
	 -0.4835872650146484
	 2.555313110351562
	 2.60870361328125 
	 2.684012413024902
	 -0.1529464721679688
	 -0.09757232666015625
	 -0.01225090026855469
	 -0.8808441162109375
	 -0.8257369995117188
	 -0.7374248504638672
	 -0.1779937744140625
	 -0.1250076293945312
	 -0.03133010864257812
	 0.9726333618164062
	 1.023963928222656
	 1.119816780090332
	 -1.835151672363281
	 -1.789352416992188
	 -1.689966201782227
	 0.8145828247070312
	 0.8526382446289062
	 0.9526729583740234
	 0.8688278198242188
	 0.9040145874023438
	 1.002985000610352
	 -0.9856491088867188
	 -0.9556159973144531
	 -0.8611736297607422
	 -2.211151123046875
	 -2.183197021484375
	 -2.092294692993164
	 -0.4862060546875 
	 -0.4597320556640625
	 -0.3732967376708984
	 -1.282356262207031
	 -1.257808685302734
	 -1.185025215148926
	 -0.4320907592773438
	 -0.4050254821777344
	 -0.3355550765991211
	 -0.8970794677734375
	 -0.8664994239807129
	 -0.8125629425048828
	 -0.0694580078125 
	 -0.03563594818115234
	 0.009595394134521484
	 0.2631683349609375
	 0.3012294769287109
	 0.3372869491577148
	 0.6477432250976562
	 0.6909770965576172
	 0.7176017761230469
	 -1.328582763671875
	 -1.279258728027344
	 -1.262180328369141
	 1.211296081542969
	 1.267463684082031
	 1.275125980377197
	 -0.7462615966796875
	 -0.6828155517578125
	 -0.68414306640625
	 0.2664794921875  
	 0.3374366760253906
	 0.3277617692947388
	 -0.5973854064941406
	 -0.5191650390625 
	 -0.5362414605915546
	 -0.2854957580566406
	 -0.2004852294921875
	 -0.223827600479126
	 -0.1405563354492188
	 -0.0449981689453125
	 -0.0766444206237793
	 -0.06583976745605469
	 0.0327606201171875
	 -0.0007181167602539062
	 -0.02704811096191406
	 0.07268524169921875
	 0.03898859024047852
	 -0.2364110946655273
	 -0.1375885009765625
	 -0.1700191497802734
	 1.217744112014771
	 1.314163208007812
	 1.284053802490234
	 -1.017585754394531
	 -0.9443359375    
	 -0.9592094421386719
	 0.2849578857421875
	 0.3471298217773438
	 0.3385391235351562
	 0.6087150573730469
	 0.6585769653320312
	 0.6566123962402344
	 0.2500267028808594
	 0.2860260009765625
	 0.2906723022460938
	 -1.665153503417969
	 -1.657024383544922
	 -1.640083312988281
	 0.4261245727539062
	 0.4067764282226562
	 0.4342613220214844
	 -1.433876037597656
	 -1.478706359863281
	 -1.443014144897461
	 -1.350738525390625
	 -1.416835784912109
	 -1.375643730163574
	 -0.8224258422851562
	 -0.8973445892333984
	 -0.8543214797973633
	 0.836090087890625
	 0.7536587715148926
	 0.7979621887207031
	 -1.064926147460938
	 -1.158608436584473
	 -1.113141059875488
	 -1.160072326660156
	 -1.259908676147461
	 -1.214720726013184
	 -1.301948547363281
	 -1.404857635498047
	 -1.361597537994385
	 2.8038330078125  
	 2.702171325683594
	 2.744494915008545
	 -2.566024780273438
	 -2.665596008300781
	 -2.624228954315186
	 0.448883056640625
	 0.35589599609375 
	 0.3953690528869629
	 -0.2082290649414062
	 -0.2968826293945312
	 -0.2582647800445557
	 2.600349426269531
	 2.516677856445312
	 2.554526090621948
	 -2.722671508789062
	 -2.800910949707031
	 -2.763656258583069
	 2.258895874023438
	 2.186431884765625
	 2.223283171653748
	 -2.085731506347656
	 -2.151947021484375
	 -2.115381121635437
	 -4.142959594726562
	 -4.202598571777344
	 -4.166150450706482
	 -0.4760360717773438
	 -0.5289459228515625
	 -0.4923365116119385
	 0.9241867065429688
	 0.8782577514648438
	 0.915168285369873
	 0.6313629150390625
	 0.5924758911132812
	 0.6299316883087158
	 -2.365562438964844
	 -2.397346496582031
	 -2.359105587005615
	 -0.02276992797851562
	 -0.04749298095703125
	 -0.008228778839111328
	 -0.7644577026367188
	 -0.7166595458984375
	 -0.6303081512451172
	 -0.1051406860351562
	 -0.05807876586914062
	 0.02553367614746094
	 0.7872161865234375
	 0.8338699340820312
	 0.9138956069946289
	 1.663421630859375
	 1.710205078125   
	 1.785765647888184
	 0.6839370727539062
	 0.7315177917480469
	 0.8016834259033203
	 -4.817153930664062
	 -4.768011093139648
	 -4.704174041748047
	 -0.023193359375  
	 0.03630870580673218
	 0.08043479919433594
	 3.756935119628906
	 3.820952892303467
	 3.856732368469238
	 0.2056655883789062
	 0.2882232666015625
	 0.2969980239868164
	 1.019264221191406
	 1.109466552734375
	 1.109175205230713
	 -1.364494323730469
	 -1.258003234863281
	 -1.275004386901855
	 0.4910125732421875
	 0.6055374145507812
	 0.5814071893692017
	 0.7447547912597656
	 0.8667449951171875
	 0.8366227596998215
	 0.10052490234375 
	 0.2339324951171875
	 0.1955180168151855
	 1.028556823730469
	 1.1669921875     
	 1.116498708724976
	 0.7173986434936523
	 0.8684463500976562
	 0.8173065185546875
	 -2.314313888549805
	 -2.162521362304688
	 -2.209285736083984
	 -1.882818698883057
	 -1.754600524902344
	 -1.783020496368408
	 1.420845985412598
	 1.540580749511719
	 1.518350601196289
	 -0.04527473449707031
	 0.06357574462890625
	 0.04852485656738281
	 1.955036163330078
	 2.050895690917969
	 2.043708801269531
	 0.8443984985351562
	 0.9254837036132812
	 0.9265451431274414
	 -0.09041976928710938
	 -0.025482177734375
	 -0.01603794097900391
	 0.9116973876953125
	 0.9162788391113281
	 0.9644641876220703
	 2.184959411621094
	 2.168601989746094
	 2.222244262695312
	 -0.5591354370117188
	 -0.5810585021972656
	 -0.5358743667602539
	 -1.119827270507812
	 -1.199457168579102
	 -1.13864803314209
	 -0.8220367431640625
	 -0.91290283203125
	 -0.8500499725341797
	 -0.8730926513671875
	 -0.9736456871032715
	 -0.9094018936157227
	 -0.088409423828125
	 -0.1972231864929199
	 -0.1321811676025391
	 -0.3382797241210938
	 -0.4538211822509766
	 -0.3885154724121094
	 0.03427886962890625
	 -0.09223365783691406
	 -0.02832174301147461
	 -0.5526123046875 
	 -0.6806449890136719
	 -0.6178112030029297
	 0.9744110107421875
	 0.8460311889648438
	 0.9075932502746582
	 -0.8371124267578125
	 -0.9646339416503906
	 -0.9044618606567383
	 -1.05908203125   
	 -1.184734344482422
	 -1.126055717468262
	 0.7476959228515625
	 0.6249008178710938
	 0.682065486907959
	 -0.4600372314453125
	 -0.5791854858398438
	 -0.5234904289245605
	 -0.1465225219726562
	 -0.2612228393554688
	 -0.2069263458251953
	 -1.741119384765625
	 -1.850669860839844
	 -1.797715306282043
	 -0.23712158203125
	 -0.340911865234375
	 -0.2891569137573242
	 0.1683578491210938
	 0.0707855224609375
	 0.1214203983545303
	 1.907814025878906
	 1.823883056640625
	 1.872947812080383
	 -0.46429443359375
	 -0.5409774780273438
	 -0.4923849105834961
	 0.6075592041015625
	 0.5459136962890625
	 0.5942304134368896
	 -2.790985107421875
	 -2.844985961914062
	 -2.796512603759766
	 -0.3584747314453125
	 -0.4048080444335938
	 -0.3559322357177734
	 1.449806213378906
	 1.411064147949219
	 1.460570335388184
	 -0.6595115661621094
	 -0.690765380859375
	 -0.6404237747192383
	 0.8321647644042969
	 0.8082656860351562
	 0.8596444129943848
	 -0.4025335311889648
	 -0.3990020751953125
	 -0.3420734405517578
	 -2.816209077835083
	 -2.806686401367188
	 -2.747870445251465
	 -1.036211013793945
	 -1.021087646484375
	 -0.9602622985839844
	 -1.364034652709961
	 -1.338508605957031
	 -1.273856163024902
	 -0.86865234375   
	 -0.8343048095703125
	 -0.7658348083496094
	 -2.224575042724609
	 -2.186370849609375
	 -2.116141319274902
	 0.3262367248535156
	 0.3679733276367188
	 0.4398164749145508
	 1.735240936279297
	 1.780105590820312
	 1.85345458984375 
	 3.092044830322266
	 3.142265319824219
	 3.217835426330566
	 -1.773445129394531
	 -1.718963623046875
	 -1.642436981201172
	 3.964752197265625
	 4.021064758300781
	 4.097519874572754
	 -0.8107376098632812
	 -0.7527542114257812
	 -0.676849365234375
	 0.996337890625   
	 1.056045532226562
	 1.130877494812012
	 1.071830749511719
	 1.1331787109375  
	 1.206414222717285
	 -1.772720336914062
	 -1.707744598388672
	 -1.63957405090332
	 -2.250755310058594
	 -2.181175231933594
	 -2.120705604553223
	 0.3416366577148438
	 0.4174613952636719
	 0.4674320220947266
	 2.406524658203125
	 2.5419921875     
	 2.542202949523926
	 -3.798336029052734
	 -3.71026611328125
	 -3.684602737426758
	 2.816177368164062
	 2.834449768066406
	 2.883693695068359
	 -0.79937744140625
	 -0.8023338317871094
	 -0.7453756332397461
	 -0.00678253173828125
	 -0.02492523193359375
	 0.03386974334716797
	 0.9350357055664062
	 0.8974227905273438
	 0.9630022048950195
	 3.838249206542969
	 3.782127380371094
	 3.853374481201172
	 -2.804450988769531
	 -2.893699645996094
	 -2.814115524291992
	 -2.311607360839844
	 -2.415066719055176
	 -2.332772254943848
	 -1.924331665039062
	 -2.040301322937012
	 -1.95616626739502
	 1.82659912109375 
	 1.697431087493896
	 1.783069610595703
	 -2.457427978515625
	 -2.611040115356445
	 -2.527895450592041
	 -3.725669860839844
	 -3.882511138916016
	 -3.801313400268555
	 1.209060668945312
	 1.051418304443359
	 1.130796909332275
	 -1.4354248046875 
	 -1.591217041015625
	 -1.515803813934326
	 -0.5900726318359375
	 -0.7433395385742188
	 -0.6700315475463867
	 0.2022628784179688
	 0.05673980712890625
	 0.1259353160858154
	 0.2536163330078125
	 0.1188125610351562
	 0.1841861009597778
	 0.8631362915039062
	 0.7345657348632812
	 0.7982531487941742
	 0.0975341796875  
	 -0.02422332763671875
	 0.03788340091705322
	 -2.7633056640625 
	 -2.862625122070312
	 -2.804085969924927
	 -1.004615783691406
	 -1.0877685546875 
	 -1.030640602111816
	 1.310493469238281
	 1.235527038574219
	 1.29230785369873 
	 0.6849098205566406
	 0.6182327270507812
	 0.6748032569885254
	 -0.9038963317871094
	 -0.9622955322265625
	 -0.9057464599609375
	 -1.097017288208008
	 -1.139091491699219
	 -1.082098960876465
	 -0.8005199432373047
	 -0.8346099853515625
	 -0.7771720886230469
	 0.4725656509399414
	 0.4462738037109375
	 0.5042915344238281
	 0.09122991561889648
	 0.07244873046875 
	 0.1312475204467773
	 -0.3758754730224609
	 -0.38739013671875
	 -0.3277416229248047
	 0.5050740242004395
	 0.50067138671875 
	 0.561126708984375
	 -0.1107397079467773
	 -0.1083984375    
	 -0.04700565338134766
	 -1.122842788696289
	 -1.113975524902344
	 -1.051708221435547
	 -0.4566860198974609
	 -0.4415969848632812
	 -0.3784751892089844
	 -0.1910762786865234
	 -0.1701202392578125
	 -0.1061582565307617
	 0.6838912963867188
	 0.71044921875    
	 0.7751178741455078
	 -0.9399375915527344
	 -0.898193359375  
	 -0.832423210144043
	 -0.04644393920898438
	 -0.000152587890625
	 0.06550884246826172
	 0.9342880249023438
	 0.98919677734375 
	 1.053607940673828
	 1.382110595703125
	 1.441154479980469
	 1.504369735717773
	 -0.9486465454101562
	 -0.8855056762695312
	 -0.8239259719848633
	 0.3082046508789062
	 0.375457763671875
	 0.4348640441894531
	 -0.3479995727539062
	 -0.2722549438476562
	 -0.2187881469726562
	 0.1086578369140625
	 0.1889266967773438
	 0.2385358810424805
	 -1.930038452148438
	 -1.844905853271484
	 -1.799788475036621
	 -1.647224426269531
	 -1.556766510009766
	 -1.516778945922852
	 -1.50830078125   
	 -1.412132263183594
	 -1.377889633178711
	 0.1553115844726562
	 0.2577857971191406
	 0.2856273651123047
	 -1.211067199707031
	 -1.09412956237793
	 -1.080790519714355
	 -0.530609130859375
	 -0.4054641723632812
	 -0.4001636505126953
	 1.984512329101562
	 2.118623197078705
	 2.115667343139648
	 0.815673828125   
	 0.9593997001647949
	 0.9478845596313477
	 -2.699325561523438
	 -2.545421600341797
	 -2.565546989440918
	 3.259140014648438
	 3.434614181518555
	 3.397900104522705
	 0.6692657470703125
	 0.855743408203125
	 0.8115310668945312
	 -3.365814208984375
	 -3.168567657470703
	 -3.219411373138428
	 0.5458526611328125
	 0.7533226013183594
	 0.6969907283782959
	 1.905242919921875
	 2.121910095214844
	 2.061468601226807
	 0.1508331298828125
	 0.3751373291015625
	 0.3122266158461571
	 0.4452400207519531
	 0.675201416015625
	 0.6116805076599121
	 -1.131317138671875
	 -0.8980941772460938
	 -0.9602222442626953
	 -2.683319091796875
	 -2.449600219726562
	 -2.508354425430298
	 1.055417060852051
	 1.280616760253906
	 1.234437465667725
	 -2.756508350372314
	 -2.5406494140625 
	 -2.577913761138916
	 3.501828193664551
	 3.705558776855469
	 3.678318500518799
	 -3.196284294128418
	 -3.008399963378906
	 -3.024149894714355
	 -0.7972335815429688
	 -0.6357269287109375
	 -0.6274642944335938
	 2.435749053955078
	 2.57012939453125 
	 2.593770980834961
	 -3.262260437011719
	 -3.185462951660156
	 -3.13427734375   
	 -3.071723937988281
	 -3.233001708984375
	 -3.154732942581177
	 6.141937255859375
	 5.987785339355469
	 6.063355803489685
	 -4.661041259765625
	 -4.807769775390625
	 -4.734400510787964
	 2.515174865722656
	 2.376327514648438
	 2.447654247283936
	 -0.343048095703125
	 -0.4473876953125 
	 -0.3823027610778809
	 -3.217117309570312
	 -3.312614440917969
	 -3.248377799987793
	 2.691276550292969
	 2.604911804199219
	 2.668219089508057
	 1.735160827636719
	 1.666999816894531
	 1.72892951965332 
	 -2.194223403930664
	 -2.253402709960938
	 -2.191911697387695
	 5.981383323669434
	 5.931076049804688
	 5.992241859436035
	 2.899054527282715
	 2.857498168945312
	 2.918412208557129
	 -3.241222977638245
	 -3.274017333984375
	 -3.21347713470459
	 3.420721530914307
	 3.3963623046875  
	 3.456748962402344
	 0.1372795104980469
	 0.12115478515625 
	 0.181401252746582
	 1.565608978271484
	 1.572959899902344
	 1.632536888122559
	 1.241592407226562
	 1.25634765625    
	 1.315524101257324
	 -3.508094787597656
	 -3.4791259765625 
	 -3.421234130859375
	 -1.297653198242188
	 -1.261802673339844
	 -1.20493221282959
	 0.0443115234375  
	 0.0868682861328125
	 0.1424779891967773
	 -3.247535705566406
	 -3.198356628417969
	 -3.144321441650391
	 1.766265869140625
	 1.822052001953125
	 1.874134063720703
	 0.4412612915039062
	 0.5102767944335938
	 0.5572118759155273
	 -0.5519256591796875
	 -0.4717941284179688
	 -0.4310398101806641
	 1.432914733886719
	 1.519813537597656
	 1.556220054626465
	 0.4813232421875  
	 0.57537841796875 
	 0.606816291809082
	 -0.813934326171875
	 -0.7123298645019531
	 -0.6864862442016602
	 -0.5936965942382812
	 -0.4756050109863281
	 -0.4627971649169922
	 0.269378662109375
	 0.3967018127441406
	 0.4020605087280273
	 -0.5023269653320312
	 -0.3650169372558594
	 -0.3677129745483398
	 -2.8079833984375 
	 -2.659894943237305
	 -2.671175003051758
	 -0.2175216674804688
	 -0.05806827545166016
	 -0.08103084564208984
	 -0.9189910888671875
	 -0.7458081245422363
	 -0.7789840698242188
	 0.6712570190429688
	 0.8594741821289062
	 0.8159084320068359
	 -1.104751586914062
	 -0.900390625     
	 -0.954188346862793
	 -0.1252593994140625
	 0.09621429443359375
	 0.03276824951171875
	 -0.0296630859375 
	 0.2093296051025391
	 0.1373906135559082
	 -0.5741348266601562
	 -0.3179359436035156
	 -0.3965978622436523
	 0.6138153076171875
	 0.8611526489257812
	 0.7891256809234619
	 0.6917648315429688
	 0.9502410888671875
	 0.8741233348846436
	 0.2157402038574219
	 0.4959259033203125
	 0.4183748960494995
	 0.8350181579589844
	 1.11737060546875 
	 1.043490409851074
	 1.826637268066406
	 2.102943420410156
	 2.042943954467773
	 -0.07451343536376953
	 0.1808013916015625
	 0.1423039436340332
	 1.002018928527832
	 1.241485595703125
	 1.215798854827881
	 0.1536226272583008
	 0.37359619140625 
	 0.3618898391723633
	 1.395313262939453
	 1.592727661132812
	 1.59563159942627 
	 -1.165731430053711
	 -0.9934539794921875
	 -0.9757280349731445
	 -0.3837852478027344
	 -0.2386550903320312
	 -0.206242561340332
	 -2.183498382568359
	 -2.066879272460938
	 -2.020326614379883
	 1.101673126220703
	 1.188819885253906
	 1.24882698059082 
	 -0.2778244018554688
	 -0.3573226928710938
	 -0.2412605285644531
	 -0.054595947265625
	 -0.1567649841308594
	 -0.03594875335693359
	 -0.67767333984375
	 -0.8005313873291016
	 -0.6761541366577148
	 -1.289108276367188
	 -1.430627822875977
	 -1.303778648376465
	 -1.274955749511719
	 -1.433036327362061
	 -1.304713249206543
	 0.36474609375    
	 0.1922430992126465
	 0.3211297988891602
	 -2.401283264160156
	 -2.596370697021484
	 -2.468659400939941
	 3.323211669921875
	 3.119766235351562
	 3.24594783782959 
	 5.905097961425781
	 5.695140838623047
	 5.819268703460693
	 2.117294311523438
	 1.902732849121094
	 2.024458885192871
	 0.7069931030273438
	 0.4892807006835938
	 0.6082339286804199
	 1.202789306640625
	 0.9834060668945312
	 1.096123695373535
	 0.4096298217773438
	 0.1914749145507812
	 0.3008177280426025
	 -3.541786193847656
	 -3.757469177246094
	 -3.651588201522827
	 -2.386756896972656
	 -2.598876953125  
	 -2.495823621749878
	 -0.894439697265625
	 -1.102043151855469
	 -1.002483129501343
	 2.637710571289062
	 2.435546875      
	 2.531660079956055
	 0.6023941040039062
	 0.4066619873046875
	 0.4989900961518288
	 -0.811859130859375
	 -1.000572204589844
	 -0.9115714430809021
	 -4.179153442382812
	 -4.360206604003906
	 -4.27431046962738
	 1.740814208984375
	 1.567901611328125
	 1.650885820388794
	 0.5021591186523438
	 0.3379135131835938
	 0.4181234836578369
	 1.601631164550781
	 1.669227600097656
	 1.700505256652832
	 2.3671875        
	 2.455146789550781
	 2.477194786071777
	 5.383926391601562
	 5.480560302734375
	 5.497927665710449
	 1.004493713378906
	 1.111366271972656
	 1.123136520385742
	 -2.7528076171875 
	 -2.635295867919922
	 -2.629667282104492
	 0.3289260864257812
	 0.4574775695800781
	 0.456451416015625
	 -7.797103881835938
	 -7.656997680664062
	 -7.665199279785156
	 -2.601364135742188
	 -2.436367034912109
	 -2.460264205932617
	 -2.142250061035156
	 -1.949853897094727
	 -1.990900993347168
	 0.894927978515625
	 1.101959228515625
	 1.052068710327148
	 -2.585067749023438
	 -2.347484588623047
	 -2.414669990539551
	 1.343116760253906
	 1.596456527709961
	 1.521059036254883
	 -0.1201934814453125
	 0.1644859313964844
	 0.07480144500732422
	 2.515663146972656
	 2.815185546875   
	 2.719979763031006
	 0.662078857421875
	 0.9876289367675781
	 0.8861026763916016
	 -0.38458251953125
	 -0.04874038696289062
	 -0.1505626440048218
	 -1.653739929199219
	 -1.310111999511719
	 -1.410043284296989
	 0.7202072143554688
	 1.0687255859375  
	 0.9732637405395508
	 2.064170837402344
	 2.413604736328125
	 2.325013160705566
	 0.4177284240722656
	 0.7640762329101562
	 0.6847724914550781
	 -1.024507522583008
	 -0.6855316162109375
	 -0.7532577514648438
	 -0.2762289047241211
	 0.01384735107421875
	 -0.007831096649169922
	 1.601049423217773
	 1.869331359863281
	 1.877011299133301
	 0.6269416809082031
	 0.8170547485351562
	 0.8721914291381836
	 0.4000396728515625
	 0.5480804443359375
	 0.6240301132202148
	 -1.545822143554688
	 -1.511611938476562
	 -1.402695655822754
	 -0.7886505126953125
	 -0.8543968200683594
	 -0.7117118835449219
	 -0.2901611328125 
	 -0.3851051330566406
	 -0.2354631423950195
	 -0.8196868896484375
	 -0.9416847229003906
	 -0.7865867614746094
	 0.04462432861328125
	 -0.1020526885986328
	 0.05707931518554688
	 -0.276611328125  
	 -0.4456501007080078
	 -0.2838010787963867
	 -0.3918380737304688
	 -0.5807361602783203
	 -0.4173688888549805
	 -0.3140029907226562
	 -0.5203278064727783
	 -0.3565282821655273
	 -0.0571441650390625
	 -0.2786016464233398
	 -0.1153297424316406
	 -0.2624664306640625
	 -0.4966411590576172
	 -0.3347482681274414
	 -0.3614883422851562
	 -0.6128273010253906
	 -0.4551987648010254
	 -1.93389892578125
	 -2.200710296630859
	 -2.05428409576416
	 0.1896286010742188
	 -0.07836151123046875
	 0.06382942199707031
	 0.9824676513671875
	 0.716644287109375
	 0.8498351573944092
	 0.3894271850585938
	 0.1268463134765625
	 0.2546687126159668
	 0.4442367553710938
	 0.1861114501953125
	 0.3092905282974243
	 -1.015892028808594
	 -1.262168884277344
	 -1.148171950131655
	 1.92767333984375 
	 1.688697814941406
	 1.798160076141357
	 1.709236145019531
	 1.496452331542969
	 1.592939853668213
	 -0.9569931030273438
	 -1.138725280761719
	 -1.054056644439697
	 0.5832138061523438
	 0.4237747192382812
	 0.5013914108276367
	 0.8096351623535156
	 0.661712646484375
	 0.7359743118286133
	 1.097461700439453
	 0.9731292724609375
	 1.040926933288574
	 -0.02943611145019531
	 -0.1417694091796875
	 -0.07712078094482422
	 3.039395809173584
	 2.939056396484375
	 3.000715255737305
	 -0.05900819133967161
	 -0.14752197265625
	 -0.08859634399414062
	 -1.629096508026123
	 -1.705429077148438
	 -1.649592399597168
	 0.9086666107177734
	 0.8564910888671875
	 0.9062929153442383
	 -0.8139877319335938
	 -0.8540267944335938
	 -0.8074169158935547
	 2.689109802246094
	 2.673126220703125
	 2.713186264038086
	 -0.09169769287109375
	 -0.0956268310546875
	 -0.05908584594726562
	 -0.878448486328125
	 -0.8703155517578125
	 -0.8374900817871094
	 2.249546051025391
	 2.269783020019531
	 2.298640251159668
	 -1.503486633300781
	 -1.471038818359375
	 -1.446480751037598
	 -0.4811782836914062
	 -0.43646240234375
	 -0.4164514541625977
	 1.617759704589844
	 1.674942016601562
	 1.689982414245605
	 2.53192138671875 
	 2.601753234863281
	 2.611454963684082
	 4.494316101074219
	 4.577018737792969
	 4.580973625183105
	 -2.44232177734375
	 -2.344749450683594
	 -2.347618103027344
	 4.740257263183594
	 4.852119445800781
	 4.842472076416016
	 -3.59393310546875
	 -3.467918395996094
	 -3.484565734863281
	 3.122738361358643
	 3.4898681640625  
	 3.451021194458008
	 -3.116745948791504
	 -2.774673461914062
	 -2.793009757995605
	 0.3947563171386719
	 0.7069244384765625
	 0.7102756500244141
	 -2.353080749511719
	 -2.1112060546875 
	 -2.064142227172852
	 -1.001113891601562
	 -0.7982025146484375
	 -0.7300214767456055
	 -1.976066589355469
	 -1.854888916015625
	 -1.747986793518066
	 -1.413787841796875
	 -1.369956970214844
	 -1.23872184753418
	 -3.750587463378906
	 -3.744709014892578
	 -3.599349975585938
	 -0.176727294921875
	 -0.2511367797851562
	 -0.07730484008789062
	 0.01686859130859375
	 -0.09126663208007812
	 0.09033203125    
	 -0.6099853515625 
	 -0.8035182952880859
	 -0.608698844909668
	 0.7753067016601562
	 0.5587067604064941
	 0.755000114440918
	 -0.8433456420898438
	 -1.080283403396606
	 -0.8837766647338867
	 -0.3660049438476562
	 -0.6356391906738281
	 -0.441864013671875
	 -0.00673675537109375
	 -0.3075714111328125
	 -0.1241564750671387
	 -1.762664794921875
	 -2.069179534912109
	 -1.890299320220947
	 0.733795166015625
	 0.4235382080078125
	 0.5975089073181152
	 -1.763290405273438
	 -2.074104309082031
	 -1.916473627090454
	 1.260566711425781
	 0.9525985717773438
	 1.104196310043335
	 -0.96783447265625
	 -1.271591186523438
	 -1.125796914100647
	 0.9630126953125  
	 0.6647720336914062
	 0.8046888709068298
	 -0.8666763305664062
	 -1.150779724121094
	 -1.022477924823761
	 -0.9112777709960938
	 -1.186943054199219
	 -1.064361095428467
	 0.574127197265625
	 0.3077850341796875
	 0.424734354019165
	 -0.5654525756835938
	 -0.8217926025390625
	 -0.710357666015625
	 0.3684768676757812
	 0.1228408813476562
	 0.2288165092468262
	 -1.315643310546875
	 -1.550071716308594
	 -1.449363708496094
	 1.684814453125   
	 1.462059020996094
	 1.557694911956787
	 0.7833251953125  
	 0.5851821899414062
	 0.6710028648376465
	 1.107780456542969
	 0.9356918334960938
	 1.011947631835938
	 0.7759761810302734
	 0.6172943115234375
	 0.6888895034790039
	 0.9916877746582031
	 0.8885040283203125
	 0.9417819976806641
	 0.3621377944946289
	 0.2731781005859375
	 0.3218498229980469
	 1.234582901000977
	 1.174331665039062
	 1.21360969543457 
	 0.4619312286376953
	 0.4161529541015625
	 0.4506025314331055
	 0.4372940063476562
	 0.4061050415039062
	 0.4355983734130859
	 -1.767311096191406
	 -1.768913269042969
	 -1.749954223632812
	 1.246971130371094
	 1.260429382324219
	 1.273737907409668
	 -1.439983367919922
	 -1.411231994628906
	 -1.403885841369629
	 1.078529357910156
	 1.138534545898438
	 1.133040428161621
	 0.60418701171875 
	 0.6967620849609375
	 0.6769390106201172
	 -1.595138549804688
	 -1.486763000488281
	 -1.513903617858887
	 -0.1396484375    
	 -0.01434326171875
	 -0.04955387115478516
	 -1.036766052246094
	 -0.8938064575195312
	 -0.9375858306884766
	 0.105987548828125
	 0.267120361328125
	 0.2143487930297852
	 0.355560302734375
	 0.5355873107910156
	 0.473383903503418
	 -2.673072814941406
	 -2.473556518554688
	 -2.54555606842041
	 1.889755249023438
	 2.109535217285156
	 2.027410507202148
	 0.8523101806640625
	 1.093101501464844
	 1.000576972961426
	 -4.149635314941406
	 -3.86335277557373
	 -3.975027084350586
	 -0.2717742919921875
	 0.05972939729690552
	 -0.07077693939208984
	 -3.223800659179688
	 -2.846803665161133
	 -2.993243217468262
	 1.375694274902344
	 1.833175659179688
	 1.672854423522949
	 -2.655807495117188
	 -2.183483123779297
	 -2.341682195663452
	 -3.403366088867188
	 -2.919452667236328
	 -3.072764694690704
	 4.514900207519531
	 5.006744384765625
	 4.861354023218155
	 2.26666259765625 
	 2.758720397949219
	 2.63828706741333 
	 -0.1785240173339844
	 0.305694580078125
	 0.2021732330322266
	 1.677974700927734
	 2.148574829101562
	 2.064626216888428
	 -0.771453857421875
	 -0.320404052734375
	 -0.3824410438537598
	 -1.89385986328125
	 -1.534164428710938
	 -1.521566390991211
	 4.886409759521484
	 5.206047058105469
	 5.244696617126465
	 -1.509788513183594
	 -1.879020690917969
	 -1.691611289978027
	 0.3118209838867188
	 -0.05512237548828125
	 0.1251485347747803
	 0.8960113525390625
	 0.5447845458984375
	 0.7029673652723432
	 1.410484313964844
	 1.067039489746094
	 1.217759132385254
	 1.328216552734375
	 0.9936141967773438
	 1.136902451515198
	 -2.359222412109375
	 -2.684059143066406
	 -2.548088073730469
	 -1.745513916015625
	 -2.048011779785156
	 -1.926674604415894
	 5.718250274658203
	 5.42803955078125 
	 5.542200088500977
	 0.2844505310058594
	 0.02086639404296875
	 0.1208343505859375
	 -1.179698944091797
	 -1.41448974609375
	 -1.328383922576904
	 -1.905471801757812
	 -2.109756469726562
	 -2.037258148193359
	 0.5303506851196289
	 0.3419342041015625
	 0.4076395034790039
	 0.6122980117797852
	 0.4401397705078125
	 0.4990053176879883
	 -1.276093900203705
	 -1.43212890625   
	 -1.379639625549316
	 1.199770450592041
	 1.06048583984375 
	 1.106198310852051
	 -0.1285619735717773
	 -0.2507858276367188
	 -0.2119388580322266
	 -1.736127853393555
	 -1.841026306152344
	 -1.809122085571289
	 -0.3335647583007812
	 -0.4208450317382812
	 -0.3960247039794922
	 0.3842639923095703
	 0.3147964477539062
	 0.3324527740478516
	 3.516368865966797
	 3.465080261230469
	 3.475345611572266
	 2.124744415283203
	 2.091865539550781
	 2.094588279724121
	 0.4928398132324219
	 0.4787139892578125
	 0.4736232757568359
	 -1.046356201171875
	 -1.041389465332031
	 -1.054536819458008
	 0.4288558959960938
	 0.4532928466796875
	 0.431788444519043
	 2.381805419921875
	 2.426048278808594
	 2.395957946777344
	 1.196296691894531
	 1.260848999023438
	 1.221834182739258
	 -0.01528167724609375
	 0.07098388671875 
	 0.02221298217773438
	 -1.358047485351562
	 -1.251243591308594
	 -1.309299468994141
	 -0.095672607421875
	 0.03568267822265625
	 -0.03332424163818359
	 -0.5702285766601562
	 -0.41595458984375
	 -0.4952602386474609
	 0.6685333251953125
	 0.8462982177734375
	 0.7564573287963867
	 0.5692520141601562
	 0.77301025390625 
	 0.6720943450927734
	 -0.5859527587890625
	 -0.3364982604980469
	 -0.4592180252075195
	 0.789520263671875
	 1.118869781494141
	 0.9614629745483398
	 -0.9942703247070312
	 -0.6383838653564453
	 -0.8106307983398438
	 -0.6844406127929688
	 -0.2980589866638184
	 -0.4824638366699219
	 -0.3597030639648438
	 0.05540764331817627
	 -0.1311550140380859
	 0.3462066650390625
	 0.7895736694335938
	 0.5948734283447266
	 1.157730102539062
	 1.628772735595703
	 1.427363395690918
	 -0.5012893676757812
	 -0.003549575805664062
	 -0.2098832130432129
	 0.4022216796875  
	 0.9251174926757812
	 0.7160062789916992
	 -1.127548217773438
	 -0.5614509582519531
	 -0.7683587074279785
	 0.529083251953125
	 1.123985290527344
	 0.9317934513092041
	 0.2713890075683594
	 0.8748931884765625
	 0.711173415184021
	 -0.6298332214355469
	 -0.03083038330078125
	 -0.1750826835632324
	 -1.251293182373047
	 -0.66363525390625
	 -0.7849898338317871
	 -1.277518272399902
	 -0.733245849609375
	 -0.8004374504089355
	 -0.8837823867797852
	 -0.371368408203125
	 -0.4083304405212402
	 1.169189929962158
	 1.642906188964844
	 1.637761116027832
	 -1.546899795532227
	 -1.116836547851562
	 -1.089975357055664
	 -1.260885238647461
	 -0.8797531127929688
	 -0.8209295272827148
	 1.935752868652344
	 2.210639953613281
	 2.330078125      
	 0.05426025390625 
	 0.1583786010742188
	 0.3596105575561523
	 1.763633728027344
	 1.755668640136719
	 1.995320320129395
	 0.96527099609375 
	 0.9089775085449219
	 1.160077095031738
	 -0.79632568359375
	 -0.9015464782714844
	 -0.6378097534179688
	 0.0721282958984375
	 -0.07904052734375
	 0.1948738098144531
	 0.9259262084960938
	 0.7321186065673828
	 1.01380729675293 
	 -2.052879333496094
	 -2.28587532043457
	 -1.998708724975586
	 -1.296760559082031
	 -1.565425872802734
	 -1.274870872497559
	 2.396293640136719
	 2.066882848739624
	 2.358706474304199
	 6.438728332519531
	 6.062414169311523
	 6.349343299865723
	 4.163864135742188
	 3.769033432006836
	 4.051628112792969
	 5.77227783203125 
	 5.361282348632812
	 5.638296127319336
	 -1.184890747070312
	 -1.608547210693359
	 -1.337958812713623
	 1.243408203125   
	 0.8101806640625  
	 1.07371187210083 
	 -0.777069091796875
	 -1.217250823974609
	 -0.9614171981811523
	 -0.2995147705078125
	 -0.7443618774414062
	 -0.4967241287231445
	 -1.965408325195312
	 -2.412666320800781
	 -2.17365574836731
	 0.188720703125   
	 -0.2587814331054688
	 -0.02875852584838867
	 6.244529724121094
	 5.798721313476562
	 6.019461154937744
	 -1.690887451171875
	 -2.133186340332031
	 -1.92192804813385
	 -0.220611572265625
	 -0.6512603759765625
	 -0.4588042665272951
	 -0.01834869384765625
	 0.025360107421875
	 -0.04441165924072266
	 0.7397537231445312
	 0.836456298828125
	 0.742579460144043
	 -2.76068115234375
	 -2.637382507324219
	 -2.743318557739258
	 3.360298156738281
	 3.512115478515625
	 3.393337249755859
	 -0.14605712890625
	 0.0348052978515625
	 -0.09694862365722656
	 1.279617309570312
	 1.490333557128906
	 1.345417976379395
	 0.8105316162109375
	 1.052028656005859
	 0.8937902450561523
	 1.857826232910156
	 2.130924224853516
	 1.959281921386719
	 -2.84991455078125
	 -2.544342041015625
	 -2.729399681091309
	 2.070106506347656
	 2.443021774291992
	 2.231635093688965
	 2.320480346679688
	 2.727537155151367
	 2.503030776977539
	 1.525993347167969
	 2.004623889923096
	 1.759528160095215
	 -1.210517883300781
	 -0.6967939138412476
	 -0.9511823654174805
	 -0.00511932373046875
	 0.543121337890625
	 0.2811479568481445
	 2.13665771484375 
	 2.780319213867188
	 2.509006500244141
	 1.567390441894531
	 2.237972259521484
	 1.969295978546143
	 0.07472991943359375
	 0.8002510070800781
	 0.5616357326507568
	 1.562786102294922
	 2.295677185058594
	 2.075293809175491
	 1.854564666748047
	 2.587226867675781
	 2.389264941215515
	 -3.418113708496094
	 -2.687980651855469
	 -2.842404365539551
	 -1.706596374511719
	 -1.005828857421875
	 -1.118670463562012
	 -1.677520751953125
	 -1.015846252441406
	 -1.091249465942383
	 -0.8357696533203125
	 -0.2189254760742188
	 -0.257899284362793
	 -1.144655704498291
	 -0.5507125854492188
	 -0.5724296569824219
	 -0.4347267150878906
	 0.131195068359375
	 0.1351628303527832
	 -0.7138795852661133
	 -0.201202392578125
	 -0.1579999923706055
	 0.3995838165283203
	 0.853759765625   
	 0.9357728958129883
	 -1.712959289550781
	 -1.321327209472656
	 -1.20172119140625
	 -1.851406097412109
	 -1.525177001953125
	 -1.369827270507812
	 -1.1251220703125 
	 -0.8660202026367188
	 -0.6772289276123047
	 -0.2712440490722656
	 -0.07672119140625
	 0.1573877334594727
	 -2.088638305664062
	 -1.968536376953125
	 -1.705714225769043
	 -1.528076171875  
	 -1.478801727294922
	 -1.191924095153809
	 -0.23858642578125
	 -0.3050804138183594
	 0.005517005920410156
	 -0.1777420043945312
	 -0.3559951782226562
	 -0.01909542083740234
	 -0.3564605712890625
	 -0.5848903656005859
	 -0.2392387390136719
	 0.308135986328125
	 0.03358078002929688
	 0.3853282928466797
	 0.4316635131835938
	 0.1150569915771484
	 0.4704036712646484
	 -0.3829345703125 
	 -0.7375116348266602
	 -0.3808069229125977
	 0.4770889282226562
	 0.05871009826660156
	 0.4122419357299805
	 0.6982955932617188
	 0.253936767578125
	 0.6033611297607422
	 0.1856918334960938
	 -0.2810726165771484
	 0.06283140182495117
	 0.7738723754882812
	 0.2883262634277344
	 0.6254472732543945
	 -1.067337036132812
	 -1.568424224853516
	 -1.239138603210449
	 -0.1078720092773438
	 -0.6304855346679688
	 -0.3195695877075195
	 0.2391891479492188
	 -0.2898826599121094
	 0.01078319549560547
	 -0.00514984130859375
	 -0.538055419921875
	 -0.2481510639190674
	 0.9582366943359375
	 0.4249114990234375
	 0.6919364929199219
	 3.384017944335938
	 2.853790283203125
	 3.108875751495361
	 1.02191162109375 
	 0.496734619140625
	 0.7396568655967712
	 -0.8530426025390625
	 -1.371299743652344
	 -1.140716224908829
	 -1.149581909179688
	 -1.648948669433594
	 -1.443488717079163
	 3.331157684326172
	 2.856513977050781
	 3.036710500717163
	 -0.677642822265625
	 -1.137916564941406
	 -0.9704408645629883
	 -1.328044891357422
	 -1.772811889648438
	 -1.61805248260498
	 3.758926391601562
	 3.348289489746094
	 3.47780179977417 
	 -2.331840515136719
	 -2.723869323730469
	 -2.607057571411133
	 0.7681255340576172
	 0.3956222534179688
	 0.4997334480285645
	 -0.7000179290771484
	 -1.052154541015625
	 -0.9607582092285156
	 5.141824722290039
	 4.810775756835938
	 4.889534950256348
	 1.05465030670166 
	 0.768310546875   
	 0.8214035034179688
	 -0.07767820358276367
	 -0.3408050537109375
	 -0.3003759384155273
	 3.467380523681641
	 3.2530517578125  
	 3.26756477355957 
	 -1.423809051513672
	 -1.559814453125  
	 -1.585150718688965
	 -5.146755218505859
	 -5.255294799804688
	 -5.294219017028809
	 -3.021705627441406
	 -3.102027893066406
	 -3.154770851135254
	 -0.9636878967285156
	 -0.9549789428710938
	 -1.050333023071289
	 -0.5647048950195312
	 -0.524749755859375
	 -0.634760856628418
	 -2.218582153320312
	 -2.146430969238281
	 -2.271395683288574
	 -1.352706909179688
	 -0.5049514770507812
	 -0.7053401470184326
	 -3.6534423828125 
	 -2.855247497558594
	 -2.978330135345459
	 0.4135503768920898
	 1.172981262207031
	 1.093075275421143
	 0.7685713768005371
	 1.480361938476562
	 1.445650577545166
	 0.9474835395812988
	 1.602828979492188
	 1.614715099334717
	 2.684402465820312
	 3.277091979980469
	 3.335160255432129
	 1.027654647827148
	 1.552421569824219
	 1.655763626098633
	 2.547397613525391
	 2.999229431152344
	 3.146445274353027
	 0.2138404846191406
	 0.5122604370117188
	 0.7398538589477539
	 0.8020057678222656
	 1.022117614746094
	 1.284600257873535

