	 52632606909.52181
	 2181777846.983967
	 -4721690728.227427
	 49652225820.51794
	 11276379366.21651
	 -3720917423.823769
	 32199876057.59248
	 34507312269.96462
	 -224617744.8928221
	 -1321623176.100245
	 46095781985.58778
	 3830685220.503015
	 -16226384194.4988
	 44326258445.05933
	 5053981215.985955
	 -20960477823.72079
	 42878111262.34408
	 5370133272.558887
	 -25509642264.19724
	 41040036971.84276
	 5637458063.990369
	 -33924504893.89036
	 36315525644.81056
	 6023739288.248691
	 -37738984121.84763
	 33495232067.06175
	 6143400303.835771
	 -41265872729.708 
	 30415363823.76234
	 6215464669.510375
	 -47408032179.05553
	 23613698750.17272
	 6223498398.567355
	 -50009019952.18453
	 19957993461.1749 
	 6163557196.72392 
	 -52292871174.47825
	 16174089404.12176
	 6064042371.45575 
	 -54260382302.35562
	 12291125275.70393
	 5927407781.657541
	 -55914681212.9817
	 8336350434.774877
	 5756166825.456154
	 -57260813545.20797
	 4335074900.964917
	 5552850427.120746
	 -59056189845.42413
	 -3715342914.806806
	 5060011865.867974
	 -59712418595.80042
	 -11695155103.58995
	 4468418604.985775
	 -59637362823.54399
	 -15614534220.5587
	 4141391131.930405
	 -59307269296.34021
	 -19466483108.94109
	 3796471821.203405
	 -58732777841.75423
	 -23237414162.21509
	 3435747119.556802
	 -57924665831.78372
	 -26914978993.40816
	 3061214838.758725
	 -56893767018.25821
	 -30487958632.10686
	 2674785688.822923
	 -55650908900.02074
	 -33946159943.25188
	 2278285991.662039
	 -54206865583.89661
	 -37280319068.99129
	 1873461239.715429
	 -52572323502.49433
	 -40482012252.62004
	 1461980248.680677
	 -50757857806.26044
	 -43543574167.54971
	 1045439644.083662
	 -48773917469.91634
	 -46458023539.48117
	 625368595.7068897
	 -46630817622.80763
	 -49218995874.82635
	 203233591.759875 
	 -41907724557.11465
	 -54257778152.56374
	 -641647075.1393141
	 -39347699100.28192
	 -56525428892.8378
	 -1061730509.551477
	 -36668466642.48149
	 -58619192947.10426
	 -1478544428.721714
	 -33879729484.06785
	 -60535001084.59094
	 -1890866108.859605
	 -28012126316.13164
	 -63818143611.26153
	 -2697317273.764987
	 -24952292438.38767
	 -65178928897.47301
	 -3089165343.603112
	 -18627858432.95137
	 -67324587299.55845
	 -3844594861.847628
	 -15382151042.67822
	 -68104466773.24275
	 -4206034774.793296
	 -12093414698.63154
	 -68686101723.61632
	 -4555225191.806467
	 -8771184438.030327
	 -69067560783.24539
	 -4891133407.747861
	 -2064796566.233162
	 -69223314517.05614
	 -5519023372.747857
	 1299801871.61008 
	 -68994840621.64081
	 -5808984237.50524
	 4658724441.918499
	 -68560665765.07193
	 -6081617395.243588
	 8001792785.559696
	 -67919989320.85268
	 -6335923507.865332
	 11318620762.83862
	 -67072268773.10616
	 -6570905252.458752
	 14598586951.11835
	 -66017240233.48032
	 -6785566486.084648
	 21004105574.13135
	 -63285754580.94601
	 -7149946359.227414
	 24106989566.53234
	 -61610418923.97958
	 -7297676656.747632
	 27127620696.33502
	 -59730098098.90676
	 -7421111305.527444
	 30053790249.56237
	 -57646418536.20255
	 -7519262979.069959
	 32872895373.09698
	 -55361530267.42707
	 -7591150948.657988
	 35571918128.96664
	 -52878174198.36591
	 -7635804684.527232
	 38137408462.73842
	 -50199759046.08665
	 -7652268570.018295
	 40555472463.22755
	 -47330448891.28362
	 -7639607973.959676
	 42811767675.1228 
	 -44275262262.65864
	 -7596916934.025375
	 46779478966.97274
	 -37632287336.06429
	 -7418022232.126013
	 49917334328.84312
	 -30332633627.09932
	 -7109328700.671987
	 51135042650.1768 
	 -26461784764.27581
	 -6904696607.955573
	 52786224950.81087
	 -18342955390.07793
	 -6392660188.382456
	 53187033223.94244
	 -14126765491.75665
	 -6084856049.032033
	 53283370714.36214
	 -9830925634.329199
	 -5742606935.450284
	 53060051577.22446
	 -5477108856.019884
	 -5366290253.497386
	 52502920078.90151
	 -1089592827.644674
	 -4956590738.927908
	 51599270150.29848
	 3304628261.527749
	 -4514548118.835207
	 48711840276.0122 
	 11991392289.58833
	 -3539661695.856912
	 46714620915.24689
	 16216327207.51937
	 -3011108689.190964
	 -47466188849.07492
	 23425499507.33601
	 6221816754.694894
	 -52331189210.38989
	 15978110929.4467 
	 6059914401.022532
	 -54288840594.02607
	 12092592241.88848
	 5922171090.165543
	 -55933410971.59726
	 8136073960.382012
	 5749899677.285102
	 -57269999099.37099
	 4133805745.172722
	 5545631048.057319
	 -59047000641.8505
	 -3916580442.679954
	 5051118212.805112
	 -59685989874.14265
	 -11894038183.2624
	 4458144599.791081
	 -59602784215.30339
	 -15811494149.90345
	 4130531020.823618
	 -59264867528.45139
	 -19661082145.71177
	 3785091359.319505
	 -58682885079.79093
	 -23429254676.6144
	 3423909288.217403
	 -57867616848.67467
	 -27103699955.08943
	 3048979882.186706
	 -55580551822.29688
	 -34127688732.92939
	 2265426897.617355
	 -50670014361.6524
	 -43712342559.80601
	 1032032890.328924
	 -48680890693.29368
	 -46622104077.55779
	 611874072.442006 
	 -46532923084.15079
	 -49378203059.31055
	 189695451.822243 
	 -44236286664.57952
	 -51974847432.48595
	 -233096101.9921581
	 -41801024041.46922
	 -54406745446.6947
	 -655146748.4500387
	 -39237052324.01612
	 -56669057503.85214
	 -1075151118.216905
	 -33762086127.91882
	 -60667574840.97139
	 -1904015430.106188
	 -30870402478.2103
	 -62396002349.19625
	 -2310467997.309597
	 -27888663026.49102
	 -63939227045.32455
	 -2710051624.834678
	 -18497844130.28925
	 -67427769830.0522
	 -3856452208.852349
	 -15250532927.36297
	 -68201534989.53661
	 -4217534478.025821
	 -11960484211.527 
	 -68776993463.64711
	 -4566335397.443763
	 -5290401061.951447
	 -69325509039.75343
	 -5222974373.623024
	 -1929701437.533203
	 -69295370194.09758
	 -5528777211.401678
	 1435015907.537315
	 -69060537790.96695
	 -5818224072.985007
	 4793748143.363053
	 -68619976257.78706
	 -6090312526.011205
	 8136310932.237082
	 -67972892574.93579
	 -6344043294.873796
	 11452311295.82455
	 -67118752416.13061
	 -6578419102.63992
	 14731120121.77975
	 -66057300793.24141
	 -6792443829.572851
	 17961844448.06046
	 -64788587623.35759
	 -6985122055.691424
	 21133299739.77694
	 -63312998690.32109
	 -7155459049.791391
	 24233982462.25141
	 -61631292536.4473
	 -7302461270.240246
	 27252043357.13618
	 -59744643893.54496
	 -7425137455.724912
	 30175261929.98623
	 -57654694364.35841
	 -7522500427.913976
	 32991022842.50256
	 -55363611113.79606
	 -7593569723.636545
	 35686295101.73019
	 -52874154394.57399
	 -7637375197.396263
	 38247615159.62587
	 -50189754806.8179
	 -7652961785.47003
	 40661075357.97984
	 -47314601195.51018
	 -7639395630.063848
	 42912319515.85198
	 -44253740077.84751
	 -7595771793.79525
	 44986547864.53772
	 -41013187448.63003
	 -7521223853.132001
	 46868534084.27702
	 -37600053621.34218
	 -7414935653.494277
	 48542657728.74641
	 -34022681554.11994
	 -7276155597.411242
	 49992956060.2321 
	 -30290798615.6561
	 -7104213790.663077
	 52156999447.63515
	 -22410330589.22864
	 -6658700018.821822
	 52837944857.40504
	 -18289657432.73904
	 -6384399059.55858
	 53229790712.40305
	 -14070670205.24228
	 -6075538662.313652
	 53316689277.32561
	 -9772661286.951593
	 -5732241001.333449
	 52516048391.92619
	 -1029189771.787123
	 -4944187363.027951
	 48692196677.59581
	 12048256033.96674
	 -3524526409.506463
	 46683719118.28175
	 16269886486.38822
	 -2995206064.013323
	 44303132496.21921
	 20362238507.23092
	 -2442305273.035762
	 41553588403.6992 
	 24285934774.59774
	 -1869330576.202039
	 38443299471.07735
	 28000337711.93634
	 -1280355849.782045
	 31201738273.12365
	 34637431101.89597
	 -73412491.80822542
	 27116268985.39037
	 37480671395.36042
	 533861921.3178919
	 22761771458.31871
	 39958084785.36104
	 1135931159.359259
	 13402018514.46951
	 43693392755.73042
	 2300139013.343418
	 3479133071.7398  
	 45658356267.72866
	 3371370590.650247
	 -1569031602.516823
	 45949071712.33566
	 3858422479.670395
	 -11585647688.4849
	 45156461343.12804
	 4712945318.657851
	 -16458087746.74691
	 44098164537.72411
	 5073651677.719806
	 -25718004647.35171
	 40764414624.16007
	 5651117806.190444
	 -30034098806.40615
	 38545146723.12969
	 5865918452.10832 
	 -34101991735.09333
	 35999999487.6132 
	 6031319055.853942
	 -37899010065.15091
	 33162888255.61922
	 6148010276.635635
	 -47511080754.20705
	 23243495221.24345
	 6219805673.657461
	 -52356481716.87816
	 15788485720.34248
	 6055484862.869476
	 -55939354135.00352
	 7942255967.127927
	 5743354994.055262
	 -57266514129.8727
	 3939030271.901792
	 5538144579.553536
	 -18356944365.14714
	 -67525041760.32945
	 -3868498209.195127
	 -8492569638.808486
	 -69231130728.89932
	 -4912696005.873462
	 -5145070312.626783
	 -69398198513.0826
	 -5233394231.560847
	 -1784005227.46668
	 -69361800412.47549
	 -5538712742.263286
	 1580773603.919713
	 -69120677357.00687
	 -5827644688.074243
	 8281259514.560122
	 -68020386855.21691
	 -6352343052.829682
	 14873975489.00802
	 -66092119734.25925
	 -6799502247.793678
	 18103153220.12202
	 -64817080923.20514
	 -6991514898.163066
	 24371154306.98067
	 -61647213387.21374
	 -7307433722.869452
	 30306837985.31565
	 -57658235730.41914
	 -7525934713.03796
	 33119226147.2844 
	 -55361074081.74395
	 -7596191460.216313
	 35810726430.10207
	 -52865637913.22783
	 -7639155999.748173
	 38367862775.96178
	 -50175379309.57262
	 -7653873897.696481
	 43022913626.49937
	 -44228107887.11632
	 -7594866876.944205
	 45091647136.71977
	 -40982215705.97385
	 -7519373100.542385
	 46967677409.13145
	 -37563979771.44565
	 -7412116440.676516
	 50078764617.86402
	 -30245393177.9678
	 -7099399364.28442
	 51281615445.54632
	 -26366138376.78254
	 -6892707541.603377
	 52227533943.89854
	 -22357072715.52067
	 -6651834723.572671
	 53283116090.77328
	 -14011492122.90679
	 -6066604429.835992
	 51615408564.12916
	 3427823732.997133
	 -4488286649.580436
	 50332760392.0722 
	 7796654812.369404
	 -4013537802.65087
	 48684151945.54325
	 12107872591.26322
	 -3509917760.683297
	 46664624811.34972
	 16326223146.50152
	 -2979852008.477666
	 41512621408.68572
	 24332213945.89892
	 -1852793770.784323
	 31130889492.77896
	 34659515069.91956
	 -56117885.8045947
	 22675029822.3243 
	 39958360327.4641 
	 1152895429.225806
	 18083114031.62349
	 42025809457.56548
	 1743249008.505474
	 13304191068.77963
	 43668370398.85249
	 2316045637.845972
	 8385239426.326756
	 44866068023.97486
	 2865342752.343821
	 3375974118.751924
	 45606028350.90474
	 3385526902.213428
	 -1672567262.216365
	 45882884689.79189
	 3871476669.259614
	 -11685469225.63337
	 45063244797.68653
	 4723441794.749784
	 -16553979218.94517
	 43992172645.62614
	 5082739720.337214
	 -25802506056.53451
	 40635137575.0106 
	 5657250893.85352 
	 -30111438003.53651
	 38405579316.90257
	 5870550355.396727
	 -34171398921.44991
	 35851136002.92159
	 6034460719.486631
	 -37959868919.53682
	 33005755900.26154
	 6149689446.705361
	 -41459333215.85495
	 29903960290.88571
	 6217450053.715215
	 -44656925897.18748
	 26580089860.58654
	 6239367861.697748
	 -47543987876.89655
	 23067701808.20107
	 6217390162.644496
	 -50115580964.91696
	 19399112420.83125
	 6153704275.559843
	 -52369991587.20906
	 15605071408.72811
	 6050665395.13679 
	 -54308248861.04323
	 11714549810.02612
	 5910735040.22282 
	 -55933673772.28249
	 7754621642.571364
	 5736430021.728913
	 -57251469540.74464
	 3750419915.977632
	 5530281254.631719
	 -58268357995.08372
	 -274850596.7615628
	 5294801460.57677 
	 -58992263092.66473
	 -4299859167.581878
	 5032460538.213317
	 -59432040001.15674
	 -8305066131.395094
	 4745667481.600889
	 -59597246596.40633
	 -12272621301.18576
	 4436757727.729695
	 -58547806020.25661
	 -23793831649.63983
	 3399429242.527843
	 -57718395500.37882
	 -27462071595.74585
	 3023714605.38405 
	 -56667192150.77747
	 -31024744269.30058
	 2636274906.35875 
	 -55405020992.68343
	 -34471745894.90073
	 2238928925.598907
	 -53942649948.07668
	 -37793893536.96336
	 1833414966.319634
	 -46302945732.4381
	 -49677767556.73222
	 161871393.2414542
	 -41553654218.8951
	 -54685873483.55558
	 -682881528.2919195
	 -38981896640.8259
	 -56937526221.28493
	 -1102721414.444757
	 -36291830027.05746
	 -59014901816.01718
	 -1519177290.818101
	 -33493148096.72689
	 -60913963980.35693
	 -1931029930.708527
	 -30595457876.1068
	 -62631013541.19003
	 -2337095617.563718
	 -27608296467.03714
	 -64162660214.76372
	 -2736222260.281651
	 -24541149382.66726
	 -65505798602.59393
	 -3127285797.492938
	 -18204700596.45734
	 -67615436061.93689
	 -3880846913.189483
	 -11661732851.95621
	 -68940106079.83932
	 -4589220985.90029
	 52308249162.8894 
	 -22293495200.78434
	 -6645015304.979971
	 53414352079.84647
	 -9639484786.532377
	 -5712298676.713995
	 53161450342.73975
	 -5281358702.530493
	 -5332909702.116209
	 51637998431.14074
	 3501698447.140722
	 -4475299925.737017
	 50344333405.90756
	 7869370328.280795
	 -3999636630.515878
	 48684504492.94148
	 12178385986.39563
	 -3495168807.196339
	 46653659522.99516
	 16393415518.62798
	 -2964337905.928924
	 44250763062.90365
	 20476832665.4596 
	 -2410123190.92826
	 41479254469.88139
	 24389163907.90916
	 -1836065448.463216
	 38347669846.1759 
	 28089718475.80335
	 -1246272567.359828
	 34870175285.87617
	 31537406268.12656
	 -645401630.2592912
	 31066951071.61087
	 34691733878.4091 
	 -38612817.3090632
	 22594876842.65096
	 39968268786.37226
	 1170059557.244986
	 17996641101.37062
	 42023143127.52526
	 1759962455.569498
	 13212784780.78725
	 43652412828.6365 
	 2332122511.192779
	 8290390962.277806
	 44836310858.69572
	 2880604562.124908
	 -6805312657.695471
	 45626896783.94257
	 4330595609.824925
	 -11778578825.69938
	 44977764005.06221
	 4733976238.795064
	 -21356043269.62891
	 42396646916.51569
	 5402057525.109022
	 -25879773740.20994
	 40513093617.13209
	 5663331991.6619  
	 -30181344478.86556
	 38273142343.81631
	 5875102550.988589
	 -34233170778.75032
	 35709332030.94693
	 6037496799.417417
	 -38012890718.43558
	 32855642131.14268
	 6151239256.481283
	 -41503138458.21556
	 29746599650.33425
	 6217557582.687377
	 -44691184635.80401
	 26416530105.26577
	 6238088387.207164
	 -47568492320.80692
	 22898959255.56434
	 6214787623.344917
	 -50130230319.23275
	 19226159919.21708
	 6149848879.255383
	 -52374776957.55087
	 15428830108.15479
	 6045631564.234069
	 -54303238879.92235
	 11535884116.38853
	 5904599679.884541
	 -55919001352.48657
	 7574336749.796576
	 5729271100.213799
	 -57227319960.92381
	 3569261364.451662
	 5522176689.132031
	 -58949873696.01962
	 -4480760816.511139
	 5022693987.569378
	 -59380946023.07932
	 -8484947376.125724
	 4735180930.2224  
	 -59537752081.42458
	 -12450955767.12787
	 4425622086.733144
	 -59430375806.95047
	 -16362559914.86917
	 4096268467.069318
	 -59069253355.68382
	 -20204990542.05436
	 3749284369.728186
	 -58465047520.29747
	 -23964818087.0233
	 3386745426.615417
	 -55301999474.9053
	 -34632121972.00867
	 2225239028.242821
	 -52175889533.67738
	 -41134738169.69037
	 1407301601.584594
	 -50339605584.62312
	 -44178293656.41089
	 990237477.5843768
	 -48335122561.57569
	 -47073920025.64594
	 569826987.6718192
	 -43862619127.22216
	 -52396764028.95926
	 -275253956.9516303
	 -41414793127.11023
	 -54812990499.19768
	 -697173445.7867459
	 -36145534913.61804
	 -59131011513.74731
	 -1533260442.760426
	 -33343585483.02573
	 -61024386778.68171
	 -1944952415.039217
	 -30442923924.88864
	 -62735640931.23837
	 -2350821336.17697
	 -27453085392.71796
	 -64261392903.10146
	 -2749716065.125245
	 -24383553999.43339
	 -65598545788.97189
	 -3140513349.61495
	 -18043212611.54692
	 -67695971115.8961
	 -3893441725.783996
	 -14791297358.36376
	 -68451308747.51332
	 -4253435941.659264
	 -11497522911.18045
	 -69008155639.84769
	 -4601053111.382952
	 -4822649279.636451
	 -69518978001.72212
	 -5255041883.893482
	 -1460903474.118451
	 -69469798647.78383
	 -5559379965.526162
	 1903944465.152403
	 -69215824584.53049
	 -5847269815.084299
	 5261876619.861001
	 -68756042329.64694
	 -6117709421.946408
	 8602691103.785744
	 -68089682251.57887
	 -6369699848.254874
	 11915974950.54084
	 -67216235044.57529
	 -6602244037.93327
	 15191076548.7678 
	 -66135472845.62758
	 -6814346050.425942
	 18417077933.08843
	 -64847475252.13329
	 -7005010622.245503
	 21582767077.3035 
	 -63352660793.73398
	 -7173243194.485706
	 24676610494.73349
	 -61651824407.80475
	 -7318050479.791107
	 27686726615.87192
	 -59746181481.71252
	 -7438441595.481531
	 33406359966.03887
	 -55327756199.04047
	 -7602035935.734135
	 36090156026.09392
	 -52820010550.76393
	 -7643290672.659965
	 38638745472.52487
	 -50117678328.64403
	 -7656240830.067163
	 41038180333.4137 
	 -47225022348.52383
	 -7639954931.820146
	 45331557839.18788
	 -40890239712.34838
	 -7516107306.21001
	 47195397990.46507
	 -37461440095.22656
	 -7406872467.577601
	 48849930909.59026
	 -33869236368.56144
	 -7265081801.589006
	 50279166374.23414
	 -30123489946.49174
	 -7090073879.716939
	 51466856023.33872
	 -26235626825.70263
	 -6881291420.695138
	 52396601807.31944
	 -22218814420.96333
	 -6638305702.21591
	 53052000841.87394
	 -18088146551.17297
	 -6360844930.581125
	 53475301394.00903
	 -9556380490.562265
	 -5702396261.315078
	 53212324375.35487
	 -5196774398.467368
	 -5321965278.858448
	 52613899301.38416
	 -806617332.4001876
	 -4908259428.741569
	 -34288953667.7273
	 35577050740.54964
	 6040397726.65135 
	 -38059877254.22833
	 32715032398.87258
	 6152647381.581781
	 -41540865377.24541
	 29598732446.12953
	 6217517960.34551 
	 -47586844781.42524
	 22739708187.83797
	 6212030081.358443
	 -50138697836.93083
	 19062705175.37898
	 6145835946.297894
	 -54292001538.65616
	 11366738020.33729
	 5898304116.400745
	 -55898085566.75713
	 7403585253.483986
	 5721951658.316329
	 -57196915137.83911
	 3397650933.385908
	 5513911831.218954
	 -58195295552.46885
	 -627978010.1756765
	 5276695387.164705
	 -58901216144.54323
	 -4652084357.773501
	 5012768939.569406
	 -59471988232.34389
	 -12619684220.04894
	 4414331027.125578
	 -58376032852.88365
	 -24126165015.9857
	 3373912144.796203
	 -57532450234.34847
	 -27787957605.54923
	 2997415521.398912
	 -56467746547.071 
	 -31343529735.25149
	 2609308952.634356
	 -55192744436.26344
	 -34782837479.26105
	 2211406126.361269
	 -53718207064.14524
	 -38096752091.12663
	 1805440454.436584
	 -52054805532.47097
	 -41276971893.57914
	 1393069366.442585
	 -50213096777.49887
	 -44315941775.03816
	 975878800.4868919
	 -48203509894.46636
	 -47206779922.81042
	 555387944.4181799
	 -46036339406.57357
	 -49943211551.94253
	 133054062.6791489
	 -43721744298.3538
	 -52519509356.1086
	 -289722768.6084474
	 -38690263955.09859
	 -57171217307.1003
	 -1131262749.812872
	 -35993069915.65318
	 -59237458841.26234
	 -1547470024.385805
	 -33187857240.61424
	 -61125150229.34311
	 -1958999858.924214
	 -30284227955.74062
	 -62830612185.70888
	 -2364670608.976447
	 -27291715277.80201
	 -64350472717.71527
	 -2763332047.271173
	 -24219801995.48175
	 -65681643329.86851
	 -3153861740.452773
	 -21077940095.08268
	 -66821299110.25694
	 -3535161622.189175
	 -17875571456.52216
	 -67766862502.62864
	 -3906154750.813333
	 -14622149556.32689
	 -68515990683.65247
	 -4265782310.415887
	 -8000153931.940196
	 -69416692092.22302
	 -4946779314.720576
	 -4650752062.170047
	 -69564687826.06882
	 -5266097357.336783
	 2076168328.848552
	 -69248667184.91798
	 -5857308249.07056
	 5433798467.034879
	 -68782406621.38246
	 -6127192892.63506
	 12086331386.28755
	 -67229592175.56873
	 -6610525045.376564
	 15360154740.54644
	 -66142318532.07247
	 -6821979624.692323
	 18584536194.91767
	 -64847817236.48316
	 -7011965980.513034
	 24839764700.26868
	 -61639227671.25386
	 -7323557204.155075
	 27847175072.22795
	 -59727175836.44933
	 -7443178053.969114
	 33560229695.80941
	 -55296131541.1772
	 -7605140874.986574
	 38784393164.19616
	 -50073828204.89607
	 -7657595479.479517
	 41179066616.49766
	 -47175265018.59928
	 -7640391515.263386
	 43409736995.07935
	 -44091682279.44445
	 -7593022453.104301
	 47319235052.91165
	 -37395139438.09769
	 -7404397429.862488
	 48967121814.41244
	 -33797936061.15381
	 -7261589957.905306
	 50389212728.98495
	 -30047519942.76558
	 -7085546505.633287
	 53493260052.04807
	 -13770593232.90845
	 -6040055966.844041
	 53542097015.95817
	 -9464004391.938343
	 -5692569010.29199
	 53269040447.67996
	 -5102983179.693511
	 -5311099773.550046
	 52660127608.27907
	 -712215892.8914223
	 -4896384159.149834
	 51702915594.38164
	 3680882288.601177
	 -4449520484.95262
	 50386980910.76883
	 8046125516.594354
	 -3972018737.180264
	 46650791139.14051
	 16558828972.72425
	 -2933484418.1702 
	 41431218223.27358
	 24533703080.23684
	 -1802788829.322951
	 38277945981.75861
	 28220040358.44257
	 -1212176167.332484
	 34779835314.44164
	 31650980834.40383
	 -610790962.8437761
	 22452911003.52126
	 40017533660.67854
	 1204122787.327078
	 17842076250.7706 
	 42047033109.36797
	 1793097566.303437
	 13048428594.0799 
	 43649516285.84586
	 2363956126.400179
	 3104455478.380657
	 45503209225.94714
	 3427992091.463856
	 -6977963226.481697
	 45511571180.50624
	 4353955783.676364
	 -11945653979.12129
	 44835286755.80991
	 4754593759.748579
	 -21503998978.17832
	 42203789532.38847
	 5416778883.364496
	 -26014756650.34415
	 40297575755.50878
	 5674998779.405295
	 -30301503303.02301
	 38036915476.06234
	 5883704406.781879
	 -34336980471.04384
	 35454463852.94434
	 6043062830.456993
	 -44739862889.88865
	 26118473548.91798
	 6235030243.707307
	 -47597668770.11478
	 22590646066.93985
	 6209090197.661795
	 -50139721394.36794
	 18909531031.547  
	 6141654155.666203
	 -33026227030.87387
	 -61216023485.56541
	 -1973125919.202366
	 -30119644217.51655
	 -62915746303.50606
	 -2378601806.865039
	 -27124468729.95807
	 -64429768162.1911
	 -2777033527.477251
	 -24050182216.91745
	 -65755008862.28487
	 -3167299424.710886
	 -20906236163.28356
	 -66888651271.1936
	 -3548302127.651536
	 -17702072609.81925
	 -67828125199.90339
	 -3918965308.904255
	 -14447145829.43613
	 -68571094834.11351
	 -4278230638.864861
	 -11150944969.19104
	 -69115449727.04861
	 -4625055036.18314
	 -7823017383.572613
	 -69459299101.75777
	 -4958408009.438108
	 -1110608139.045771
	 -69539006806.73161
	 -5580626609.694792
	 2254266907.138511
	 -69272179568.5097
	 -5867473839.675989
	 5611603777.959811
	 -68799489124.92081
	 -6136809216.311122
	 8951188322.305302
	 -68120181385.08189
	 -6387633944.622777
	 12262593612.00467
	 -67233763781.42285
	 -6618951074.567825
	 15535152399.80323
	 -66140026641.09597
	 -6829764719.207505
	 25008890583.03365
	 -61617637119.21185
	 -7329236912.192304
	 28013616846.02544
	 -59699224353.83933
	 -7448095379.173745
	 33720143619.52577
	 -55255657013.46992
	 -7608443670.777822
	 36396171747.6822 
	 -52735613630.97153
	 -7647986418.224801
	 43551593803.80348
	 -44027531285.66471
	 -7592751015.468846
	 47449350048.28928
	 -37320268103.97289
	 -7402182292.130893
	 49090644827.32446
	 -33718107561.05158
	 -7258370017.973331
	 51678106754.08776
	 -26066658907.27011
	 -6870432605.770331
	 52591610987.9471 
	 -22042179064.96901
	 -6625337536.079751
	 53229766340.92284
	 -17904840617.69983
	 -6345757221.167978
	 53615666184.01728
	 -9363278579.064011
	 -5683092830.518035
	 53332623643.15019
	 -5000850630.192877
	 -5300598911.694572
	 51745371573.75809
	 3783357083.928568
	 -4437066801.914779
	 50418419940.81898
	 8147368138.26261 
	 -3958662013.537065
	 48724716096.71335
	 12449567768.92363
	 -3451657075.933836
	 46659732642.12991
	 16654400291.87052
	 -2918541705.314644
	 44222819879.61341
	 20724048023.92859
	 -2362346230.936186
	 41417862470.20284
	 24618896458.61597
	 -1786663825.205467
	 38253895492.11421
	 28298181484.60378
	 -1195654172.596018
	 34745626545.84631
	 31720824451.31882
	 -594023111.6364764
	 30913803020.11395
	 34846443386.58949
	 13026260.98777702
	 26785362606.10268
	 37636507158.53651
	 619874102.8798445
	 17776298946.77971
	 42072545234.62907
	 1809105366.007421
	 12977860786.26705
	 43661810489.13635
	 2379314579.945445
	 8045384614.916461
	 44804235215.8959 
	 2925312460.847696
	 3028826582.332556
	 45487853466.03768
	 3441537690.068567
	 -2020714344.715797
	 45708231658.5043 
	 3922939535.122548
	 -16869339171.343 
	 43656053876.65963
	 5117924422.88734 
	 -21566227428.24924
	 42122539101.32451
	 5423665071.26899 
	 -26070563001.07902
	 40205185851.20742
	 5680376364.942986
	 -30349977487.78324
	 37934349599.59495
	 5887568635.087811
	 -38130859433.89047
	 32464428329.26873
	 6154730257.477908
	 -44753017772.11587
	 25985565707.74421
	 6233138388.863167
	 -50133520583.86462
	 18767539776.57182
	 6137226292.321911
	 -54247930757.14533
	 11060558166.64885
	 5885195296.438965
	 -55834919846.93766
	 7094333627.327552
	 5706824874.821436
	 -57115031664.07017
	 3086793097.756237
	 5496921669.719711
	 -58783333839.6884
	 -4962218101.803249
	 4992506176.161805
	 -59320371005.144 
	 -12924559476.97881
	 4391374785.511238
	 -58804817348.33209
	 -20665052965.08354
	 3711790991.066056
	 -58178562729.58283
	 -24416291034.69059
	 3347913766.028241
	 -57321012310.86172
	 -28071655990.28292
	 2970647791.454108
	 -54955358496.73814
	 -35051811211.43549
	 2183435441.01249 
	 -53468834021.54709
	 -38357540259.41582
	 1777026419.043128
	 -51794095569.13684
	 -41529091152.16622
	 1364311331.436298
	 -49941692799.56264
	 -44558951960.09592
	 946871907.1506339
	 -47922046893.36223
	 -47440279795.78567
	 526223451.8228202
	 -45745444295.58669
	 -50166835058.12599
	 103819577.4193269
	 -43422035946.75369
	 -52732922166.11686
	 -318942956.0885936
	 -40961841213.54912
	 -55133336625.44723
	 -740719595.0418364
	 -38374755530.15533
	 -57363317871.00599
	 -1160213441.298082
	 -35670561078.31651
	 -59418507496.17209
	 -1576170839.235054
	 -32858940008.22015
	 -61294912543.00046
	 -1987377173.537273
	 -29949489709.15216
	 -62988873454.62498
	 -2392652838.812684
	 49217590730.86832
	 -33627037842.24812
	 -7255237908.359332
	 50625493994.66531
	 -29867427948.73358
	 -7077155276.990403
	 51790356396.02557
	 -25966837173.8549
	 -6865254203.455347
	 52695773484.85258
	 -21938601138.72085
	 -6619119147.538232
	 53325351230.83774
	 -17797998992.67603
	 -6338494324.779714
	 53662898354.78344
	 -13562442059.79305
	 -6023316766.081449
	 52770009455.50655
	 -495909073.200274
	 -4873545141.544882
	 51791358128.53967
	 3896626253.775021
	 -4424777787.083473
	 46672330346.7448 
	 16760743957.43962
	 -2903788470.821975
	 44224214334.09145
	 20825827805.68842
	 -2346949724.455745
	 38233615488.3821 
	 28387157848.68953
	 -1179339519.184916
	 34715215649.88661
	 31801541123.30142
	 -577466424.2911568
	 30873976656.0054 
	 34917699387.12801
	 29660954.17799125
	 22337539707.45223
	 40104635871.04536
	 1236854051.859322
	 17714335805.1743 
	 42109128900.22737
	 1824898256.2651  
	 7975270914.420512
	 44814001808.35222
	 2939634693.063037
	 2956911305.412238
	 45483709057.92817
	 3454874817.624444
	 -2092881085.871726
	 45690144619.78427
	 3935146736.992966
	 -7123360822.730125
	 45436627474.89854
	 4376065626.33142 
	 -12085545889.0535
	 44733630594.18179
	 4773992975.779637
	 -16933444724.72744
	 43598104571.06359
	 5126093933.443946
	 -21625044332.95445
	 42052569007.08463
	 5430353696.056093
	 -26123020213.58397
	 40124060122.0645 
	 5685556685.179415
	 -38159384884.21135
	 32355769425.56644
	 6155426433.040718
	 -41612956865.50629
	 29218188276.09371
	 6216014020.310436
	 -44763053241.85028
	 25863743601.82978
	 6231037855.52627 
	 -54219292280.5144
	 10924021488.9019 
	 5878297565.139853
	 -55796766096.54414
	 6956246047.94275 
	 5698916345.178237
	 -57067544856.87391
	 2947891195.542715
	 5488079471.81259 
	 -58038555795.51319
	 -1078129512.674389
	 5248294714.088278
	 -58717883776.63519
	 -5100765679.871786
	 4982023822.124612
	 -59098723575.94801
	 -16963881374.46418
	 4047896668.115324
	 -58706923713.46291
	 -20796401608.92406
	 3698880628.119908
	 -58073359558.28574
	 -24544750231.63884
	 3334559415.991467
	 -57208830783.38596
	 -28196866239.88205
	 2956909380.832851
	 -56124176321.44453
	 -31741792179.60045
	 2567820317.6788  
	 -54830215809.11737
	 -35169572211.42934
	 2169098408.435038
	 -53337705832.06345
	 -38471157314.82715
	 1762469951.617507
	 -51657308448.27892
	 -41638317921.70703
	 1349585627.845082
	 -49799569894.58477
	 -44663564042.01884
	 932025054.5958505
	 -47774907604.33061
	 -47540072638.80669
	 511301545.5035996
	 -45593604097.00619
	 -50261622022.99774
	 88866892.23434587
	 -40801530201.37464
	 -55217615244.54185
	 -755607681.6704738
	 -38210667353.04387
	 -57442121987.33357
	 -1175009121.100502
	 -32688198217.48719
	 -61362387531.06282
	 -2001874241.501994
	 -29775866456.75981
	 -63050514927.24935
	 -2406945915.195967
	 -26775529498.47778
	 -64552744386.24278
	 -2804903329.383446
	 -23696666524.0873
	 -65866012895.12615
	 -3194626487.753969
	 -20548727719.93022
	 -66987519371.5489
	 -3575019452.725273
	 -17341155077.33356
	 -67914708775.63197
	 -3945007131.107137
	 -4104322280.259203
	 -69637213370.9968
	 -5299970733.453966
	 -741494373.5434498
	 -69562434202.46382
	 -5602336851.547489
	 2623211008.644109
	 -69282726159.43523
	 -5888131366.390372
	 9317911905.147892
	 -68104833274.18623
	 -6406002606.714881
	 15897060051.09531
	 -66098717266.13038
	 -6845601082.527832
	 19116416839.25902
	 -64784801539.17885
	 -7033558892.765007
	 22274061835.73606
	 -63264149994.20711
	 -7198963022.17097
	 25358420740.01673
	 -61537606828.16631
	 -7340820488.017166
	 31259201641.61914
	 -57472406293.20552
	 -7549938463.230859
	 36718702445.45461
	 -52605479611.66724
	 -7653062548.733372
	 39249891891.33938
	 -49879071138.58579
	 -7662470952.820876
	 41630186151.79554
	 -46962924355.93046
	 -7642531751.884117
	 43845134575.98323
	 -43862283049.0541
	 -7592347505.451584
	 45879845405.40031
	 -40583385945.69391
	 -7511061619.486725
	 49346918074.7209 
	 -33521533513.43425
	 -7252038826.22066
	 51904647282.34441
	 -25852363802.10505
	 -6859960901.291674
	 53422577357.99802
	 -17676328595.85001
	 -6331065849.261174
	 -16999072991.45632
	 43550958471.47311
	 5134409881.330467
	 -26176611579.68385
	 40053405552.69041
	 5690820554.774334
	 -38188420575.65767
	 32257322217.82389
	 6156126064.904384
	 -41632706734.51924
	 29112612675.15086
	 6215265841.669068
	 -44773203936.20816
	 25752094825.13174
	 6228899417.442676
	 -47601977875.56863
	 22209130212.76849
	 6199024655.658253
	 -50114723918.1151
	 18515769537.58202
	 6127865349.790354
	 -54190107985.73588
	 10797798861.12952
	 5871307131.678997
	 -55757932341.92611
	 6828536592.960687
	 5690906351.667743
	 -57019256131.5165
	 2819438308.250096
	 5479128644.363435
	 -57981047320.21806
	 -1206641533.507473
	 5238480693.094286
	 -59007218216.77258
	 -17086875792.38104
	 4035365901.258059
	 -58607718212.99548
	 -20916820845.41246
	 3685842051.909609
	 -57966789221.35364
	 -24662200475.51968
	 3321076113.199841
	 -56003889441.59506
	 -31852264029.6426
	 2553625913.910188
	 -54703576089.48926
	 -35276097162.83984
	 2154632414.064244
	 -51518961635.5743
	 -41736168274.11028
	 1334732230.840091
	 -47626160479.82964
	 -47628357421.65463
	 496253887.8184483
	 -45440136469.29702
	 -50344838093.09968
	 73789632.16118227
	 -43107932445.84294
	 -52900511541.74711
	 -348948010.4135336
	 -35333750226.56311
	 -59553099559.98947
	 -1605619295.828332
	 -29600544666.18108
	 -63100239036.27346
	 -2421353678.084724
	 -26597615097.55703
	 -64596480536.64606
	 -2819069730.03212
	 -23516454336.41198
	 -65903670152.30813
	 -3208516972.649763
	 -20366511993.06503
	 -67019014675.8632
	 -3588600162.363377
	 -13898065222.11193
	 -68664211484.34175
	 -4316394203.73999
	 -10598510482.1673
	 -69189660037.57735
	 -4662006576.889709
	 -7268119647.474459
	 -69514441945.82237
	 -4994052553.987798
	 -3916531028.446678
	 -69636904395.92723
	 -5311512761.638125
	 -553492450.4018462
	 -69555613571.35928
	 -5613375667.976192
	 2811113158.884177
	 -69269359842.48375
	 -5898635663.5061 
	 6167241563.276368
	 -68777166719.46402
	 -6166291392.440947
	 9504660469.403189
	 -68078303777.20193
	 -6415344346.270411
	 12812922298.92432
	 -67172303858.07283
	 -6644797774.217388
	 16081336614.17378
	 -66058984889.81261
	 -6853655941.147327
	 19298942383.5064 
	 -64738476718.38696
	 -7040923768.020373
	 28532660988.38031
	 -59540516855.18843
	 -7463250318.061122
	 31431052726.92054
	 -57400053215.85378
	 -7554234645.499053
	 36882847550.80989
	 -52520536231.12434
	 -7655641888.130143
	 39409545830.78806
	 -49788008069.72418
	 -7664147765.802832
	 41784904989.61386
	 -46865892143.5087
	 -7643277689.538939
	 43994460535.39513
	 -43759461564.21997
	 -7592135372.617761
	 47856120045.17657
	 -37019870515.10607
	 -7395667108.99472
	 49477189956.1843 
	 -33402775711.02623
	 -7248806432.46949
	 50870482143.90702
	 -29633794220.38563
	 -7068636927.623331
	 52019718122.57275
	 -25724607498.81146
	 -6854619477.462137
	 52908489429.50851
	 -21688666287.64563
	 -6606347608.854925
	 53520408616.47141
	 -17541376515.85728
	 -6323576523.923535
	 53849469134.64304
	 -8985278338.61367
	 -5654570273.876826
	 53535962907.93913
	 -4618723333.367507
	 -5268975544.669074
	 52884984835.9065 
	 -225638645.7574681
	 -4850249944.488461
	 51884311107.72026
	 4166222142.831118
	 -4399539581.746466
	 50523803052.87061
	 8526334989.586619
	 -3918408235.585175
	 46696642204.42606
	 17015823903.67227
	 -2873508819.17926
	 44225531016.69231
	 21071414640.43054
	 -2315360437.294545
	 41386979804.80015
	 24948482978.5332 
	 -1738085662.09032
	 38190525858.28525
	 28606196888.63644
	 -1145895777.902759
	 34651420487.63792
	 32003495625.19682
	 -543545042.7165045
	 30790979030.36685
	 35100115974.98102
	 63721079.69091503
	 26636708520.35003
	 37857757143.36118
	 670249380.3903005
	 22222159552.05261
	 40241325034.32826
	 1270094147.56417 
	 17586467324.98921
	 42220175175.78373
	 1857160846.051464
	 7831164275.701432
	 44870076019.41877
	 2968838249.507605
	 2809361577.486274
	 45511344206.57222
	 3482041546.386477
	 -2240700119.929461
	 45689329987.94949
	 3959984386.067288
	 -7268345530.576435
	 45407810296.28587
	 4398325845.566403
	 -17064126567.09072
	 43516270696.15137
	 5142651225.355831
	 -21744751550.98252
	 41946406541.04004
	 5443886948.894586
	 -30486793671.58532
	 37693781393.02861
	 5898614414.916518
	 -45287906474.20221
	 -50415573599.0488
	 58803537.19656853
	 -42951340896.19082
	 -52966073187.6567
	 -363920610.4082182
	 -40478913965.2429
	 -55350436181.3955
	 -785535817.8080286
	 -37880510312.2302
	 -57563941252.56696
	 -1204749359.52309
	 -26421192905.50932
	 -64628176368.59762
	 -2833146440.831981
	 -23337761053.98727
	 -65929347743.54115
	 -3222318559.612607
	 -20185839912.8606
	 -67038590083.16412
	 -3602092850.741  
	 -13714314086.63638
	 -68671359966.29212
	 -4329170086.92451
	 -10413661635.72426
	 -69190497712.9812
	 -4674375469.67077
	 -7082470531.300704
	 -69508912960.15771
	 -5005982533.49545
	 -3730382228.981172
	 -69624959688.67535
	 -5322972199.552078
	 -367148450.6267338
	 -69537210965.50449
	 -5624333140.945255
	 2997343188.925291
	 -69244464267.85539
	 -5909059890.632298
	 6353042915.94873 
	 -68745750598.59668
	 -6176151223.047665
	 16263896027.56623
	 -66007924372.63801
	 -6861636220.611296
	 19479742359.01383
	 -64680871782.32815
	 -7048215526.927474
	 25712571225.22548
	 -61407550679.77313
	 -7352534504.431216
	 28706010025.21863
	 -59463450571.3379
	 -7468291188.214211
	 31601156099.94821
	 -57316604790.56435
	 -7558463882.282164
	 34385282404.3816 
	 -54969337615.71407
	 -7622074785.932593
	 37045241209.88361
	 -52424586634.27784
	 -7658157595.954469
	 41937874127.62865
	 -46757941756.99992
	 -7643963490.474885
	 46165027446.71452
	 -40355760159.7019
	 -7508613430.297061
	 47991499032.09425
	 -36895360772.82428
	 -7393409283.244577
	 49605735075.92567
	 -33273276766.92598
	 -7245521829.985664
	 50991692019.99854
	 -29499645660.88367
	 -7064307378.4703 
	 53013506618.72245
	 -21546452495.68478
	 -6599889676.701996
	 53616571004.93256
	 -17395868954.61378
	 -6316045401.638193
	 53926118788.4025 
	 -13152070003.55538
	 -5997654713.853168
	 53926461539.7644 
	 -8835008411.061037
	 -5644908487.47885
	 53602689890.10179
	 -4467139557.979537
	 -5258273550.183861
	 52941045593.90392
	 -73562561.85490988
	 -4838538371.554653
	 51929362383.22157
	 4317883710.889645
	 -4386861327.32448
	 50557575936.29198
	 8676590426.472441
	 -3904819983.021028
	 48818298157.26757
	 12969238651.34212
	 -3394458869.064033
	 46707443397.99752
	 17159975718.09407
	 -2858332547.896281
	 44224885022.9816 
	 21210734924.65553
	 -2299539718.295307
	 41375109591.12418
	 25081722304.00505
	 -1721743465.816647
	 38167824435.59811
	 28732086917.5862 
	 -1129172247.98288
	 26585731355.44837
	 37954269340.39888
	 687128307.8505188
	 22163785803.37843
	 40325877118.24834
	 1286660757.659376
	 12704424950.08534
	 43827527620.79287
	 2440750135.350606
	 2735469913.403148
	 45541562096.20526
	 3495533650.813844
	 -2314603578.243183
	 45705433252.19326
	 3972308823.896122
	 -7340725771.218902
	 45410043569.7412 
	 4409361557.127508
	 -12294146184.58566
	 44666498779.17372
	 4803126417.348843
	 -17129207028.87617
	 43492305876.29366
	 5150844743.143329
	 -21804306500.88403
	 41910447536.52979
	 5450577423.443233
	 -26282582089.49167
	 39948321070.01964
	 5701180869.699224
	 -30532309347.06002
	 37636630164.32825
	 5902253077.776073
	 -50095512272.13319
	 18312161914.09174
	 6118477368.280293
	 -52271571614.91066
	 14492672960.49534
	 6006092334.262724
	 -54132092193.98729
	 10583550572.59705
	 5857432849.703987
	 -55680895186.14365
	 6611393594.798619
	 5675022817.412886
	 -56923590230.30695
	 2600858231.274252
	 5461391504.082154
	 -57867223406.91135
	 -1425317681.154612
	 5219043226.317331
	 -58890885093.27041
	 -9442831353.206522
	 4657957154.738692
	 -58989663369.25129
	 -13397603258.3154
	 4343927343.414706
	 -58826479366.70641
	 -17294665301.50621
	 4010577682.01221 
	 -58411828307.95448
	 -21119546303.27785
	 3660053498.226227
	 -57756408455.95928
	 -24859089942.62987
	 3294411327.73833 
	 -55766519671.82018
	 -32035440359.31606
	 2525559612.231656
	 -54453705329.76015
	 -35451517996.75478
	 2126030584.545288
	 -52943331766.27327
	 -38740604584.11887
	 1718751431.783039
	 -51246051090.97821
	 -41894541970.60615
	 1305366069.190004
	 -49372398115.19955
	 -44905904573.93639
	 887447780.7348845
	 -47332778054.66065
	 -47767927416.8103
	 466503990.4502779
	 -45137460979.66969
	 -50474441151.80207
	 43981046.20297356
	 -42796581711.92345
	 -53019813626.91481
	 -378730991.9436697
	 -40320144244.14581
	 -55398897670.94768
	 -800293702.7251014
	 -37718029768.69255
	 -57606984596.22534
	 -1219415745.105917
	 -35000007757.30383
	 -59639763127.97194
	 -1634848527.883713
	 39723425591.09576
	 -49573778926.46916
	 -7667402034.303473
	 44287775039.58657
	 -43522021101.84706
	 -7591644103.060795
	 46304950572.01665
	 -40226546343.79764
	 -7507424018.040389
	 48125133138.60748
	 -36760926648.94546
	 -7391228101.543215
	 49732592619.81815
	 -33133912562.18789
	 -7242328098.304809
	 51111277129.12312
	 -29355687976.5904
	 -7060083347.65014
	 52244897333.45003
	 -25438038408.61601
	 -6843962291.785233
	 53711332616.98283
	 -17240694707.54953
	 -6308665749.447508
	 54002233351.56059
	 -8675135311.908493
	 -5635429574.265334
	 53668295309.71808
	 -4305971560.073726
	 -5247769988.866582
	 51973505626.35553
	 4479123402.613664
	 -4374411471.757964
	 50590553573.07493
	 8836439311.935795
	 -3891474113.298598
	 46717680447.67312
	 17313793936.12243
	 -2843423461.518462
	 44223789689.89821
	 21359780959.70328
	 -2283996487.172633
	 38144890899.03541
	 28867869177.3661 
	 -1112741347.262575
	 34585373024.8484 
	 32248060455.71545
	 -509944498.5741167
	 30706041262.20169
	 35325161887.43314
	 97430321.43389902
	 26534779303.07556
	 38061035944.63088
	 703708702.3825759
	 22105494742.18616
	 40420828677.11432
	 1302931827.316836
	 17457640572.48384
	 42374209350.1147 
	 1889001673.571793
	 12635419396.05433
	 43896507474.17565
	 2455846931.607342
	 -2388413772.277386
	 45732721794.55473
	 3984385856.281389
	 -12363574798.49322
	 44666784444.06643
	 4812558512.663056
	 -21864058710.82016
	 41886195661.7345 
	 5457080025.885568
	 -26335856054.80756
	 39913078403.72865
	 5706172653.880435
	 -38274679102.35339
	 32035326069.23   
	 6157959975.486636
	 -47603451897.80112
	 21933689847.99963
	 6188568008.287115
	 -50087059629.93217
	 18228428234.22474
	 6113715665.467764
	 -52253506465.44579
	 14405916725.63743
	 6000183649.390146
	 -54104499533.11356
	 10494611486.26352
	 5850453659.096549
	 -55643920323.35069
	 6521052673.844703
	 5667050334.998063
	 -56877427421.74072
	 2509837813.833868
	 5452502643.556302
	 -57812105919.54017
	 -1516352577.790711
	 5209313799.109014
	 -58456163716.53341
	 -5536691662.822482
	 4939938575.912792
	 -58818672665.39053
	 -9532117230.184456
	 4646766833.668676
	 -58738383594.48546
	 -17380161883.14834
	 3998204673.722608
	 -56761543282.83679
	 -28578074668.7748
	 2901948464.267591
	 -55650570991.15101
	 -32108574369.2165
	 2511572468.51508 
	 -52815440518.09348
	 -38805701290.93879
	 1704291619.714512
	 -51112677903.121 
	 -41955250200.00576
	 1290745235.25966 
	 -49233864500.59975
	 -44962006982.03224
	 872713324.0179634
	 -44989555135.44843
	 -50520755107.04439
	 29153949.93764491
	 -42644455991.0695
	 -53060978084.09885
	 -393540540.5896681
	 -34837042420.56644
	 -59664625381.15918
	 -1649367775.83222
	 -26075674562.93966
	 -64655886195.42825
	 -2860976922.121405
	 -19832122780.69155
	 -67042276076.73134
	 -3628762651.417534
	 -16617924639.24052
	 -67944806927.53954
	 -3997385970.47925
	 -10052001711.0834
	 -69157066777.54083
	 -4698814651.43968
	 -6719335649.712662
	 -69462876752.28128
	 -5029551177.38091
	 -3366367572.038885
	 -69566224171.18881
	 -5345607830.062708
	 -2856823.555271461
	 -69465695801.90979
	 -5645973736.72817
	 3361299794.495418
	 -69160103256.58879
	 -5929643766.766053
	 10051117954.17992
	 -67930156265.28047
	 -6442894890.434629
	 13356059551.87488
	 -67004653447.76182
	 -6670481124.781139
	 19832408776.80049
	 -64531844985.46312
	 -7062596465.923508
	 22981540826.38469
	 -62985207650.62669
	 -7225136426.081362
	 26055932233.48333
	 -61232812056.94467
	 -7364007161.728099
	 29043612372.34893
	 -59275985071.87378
	 -7478218794.38232
	 31932231234.9526 
	 -57116539220.75973
	 -7566786332.639171
	 34709036689.90514
	 -54756834215.10258
	 -7628732577.497158
	 37360854806.68495
	 -52199847688.44918
	 -7663092134.964758
	 39874074595.58089
	 -49449255908.80556
	 -7668916593.812635
	 42234638637.10206
	 -46509525448.10614
	 -7645281152.825034
	 44428041521.50641
	 -43386016698.88164
	 -7591292952.554416
	 46439338564.01103
	 -40085099948.16896
	 -7506101313.441654
	 48253167522.61263
	 -36614284808.29565
	 -7388910390.338872
	 2579982433.42754 
	 45634882654.36346
	 3522262247.675975
	 -2470235077.483432
	 45770638353.79708
	 3996718035.111531
	 -7493442916.756103
	 45447603844.41669
	 4431208964.484377
	 -17267606522.13661
	 43477601715.17081
	 5167036268.510574
	 -21931796530.24725
	 41871792757.53081
	 5463774971.985011
	 -30631987818.97329
	 37555619351.6126 
	 5909365885.302001
	 -38311516825.04372
	 31982358400.19965
	 6158598182.598683
	 -41719121866.0757
	 28809744684.21803
	 6212026273.428753
	 -47611941071.38776
	 21862793632.22459
	 6185088453.061741
	 -50085800562.46145
	 18153543069.18883
	 6108998841.45284 
	 -55613767409.29387
	 6439435501.277499
	 5659082950.368196
	 -56837966475.59462
	 2427524188.417026
	 5443608326.640773
	 -57763573443.39413
	 -1598687270.72386
	 5199569682.088769
	 -58752823048.34786
	 -9612689564.300104
	 4635547102.734951
	 -58226779897.89695
	 -21276657504.0146
	 3634277344.68623 
	 -57557008666.52257
	 -25010302008.41749
	 3267768907.784929
	 -56657942037.39864
	 -28645952671.00599
	 2888229627.555253
	 -52693189880.9091
	 -38861813849.27012
	 1689782097.229745
	 -50984872162.10164
	 -42006926906.78474
	 1276075224.070654
	 -49100828425.23911
	 -45009028829.87331
	 857930689.2784346
	 -47051455817.45821
	 -47861393382.55769
	 436852014.9877679
	 -42497636134.04481
	 -53092906660.49195
	 -408392834.9448184
	 -40013311967.59131
	 -55461336181.6407
	 -829836908.9505229
	 -37403917661.90184
	 -57658491925.25317
	 -1248761737.360142
	 -34679216216.25497
	 -59680086084.35382
	 -1663921232.236782
	 -31848873238.9363
	 -61522190022.14924
	 -2074107579.247109
	 -28922472592.34675
	 -63181203082.21101
	 -2478147272.272677
	 -25909533665.07908
	 -64653825679.19445
	 -2874897308.481936
	 -19661909672.56359
	 -67028073469.06528
	 -3642087742.501998
	 -13181606790.85304
	 -68623785536.44401
	 -4367014213.212304
	 -9877883900.439365
	 -69124112506.48442
	 -4710999785.178947
	 3536427091.729045
	 -69101431751.34637
	 -5939864124.844081
	 6890645940.560173
	 -68583310401.71221
	 -6205268093.263011
	 13528645375.41004
	 -66926407671.68979
	 -6678901051.090348
	 16791227563.74256
	 -65787048251.26217
	 -6885137896.960173
	 20001627647.564  
	 -64440539114.39054
	 -7069661504.704109
	 26220360815.71966
	 -61128536861.22903
	 -7369593998.009248
	 29205085062.03128
	 -59165292062.2726
	 -7483020518.798694
	 32090358264.17603
	 -56999493734.11347
	 -7570772519.707336
	 37511069487.80532
	 -52070367924.09566
	 -7665357380.565916
	 42375222339.12435
	 -46368122211.44749
	 -7645709655.839746
	 44563130711.06627
	 -43238910864.23624
	 -7590762039.263234
	 46568462643.69172
	 -39932507478.00978
	 -7504585541.137382
	 48375843540.40862
	 -36456459209.06351
	 -7386386241.806091
	 49969521291.79498
	 -32819599984.02348
	 -7235440714.279475
	 51333426339.85324
	 -29032207116.88735
	 -7051114349.731714
	 52451257782.84334
	 -25106170286.65564
	 -6832883056.276177
	 53306601239.41131
	 -21055170952.11516
	 -6580358719.511384
	 53883084859.79669
	 -16894868932.64977
	 -6293318799.036179
	 54135457874.76111
	 -8320013315.214682
	 -5615837284.834625
	 53087265306.01337
	 446611150.6265729
	 -4803362976.04174
	 50636963960.65794
	 9191120222.244902
	 -3864055527.232879
	 41317613120.48258
	 25545011016.11877
	 -1672779720.508476
	 38077830678.78969
	 29173309908.85162
	 -1079075311.084905
	 34497692699.20697
	 32536171361.40323
	 -475832415.7485112
	 30599274765.2715 
	 35593509280.06288
	 131648231.2128181
	 21966662039.15852
	 40643082187.76127
	 1336262684.915784
	 17306510903.37473
	 42570691067.83347
	 1921322682.517486
	 12474853863.64433
	 44065888080.24245
	 2486786430.857275
	 7519747513.825123
	 45111031397.69341
	 3026803351.336295
	 -7580312292.612839
	 45480240894.65269
	 4442368432.280128
	 -12524882678.58419
	 44696409465.9355 
	 4831976621.295804
	 -52576265252.60819
	 -38908991715.36153
	 1675328286.388081
	 -50862386869.30271
	 -42049663111.66718
	 1261461659.499175
	 -44709781515.69349
	 -50586056536.16942
	 -531319.9961599801
	 -42356115488.84031
	 -53115866266.72652
	 -423185504.4502478
	 -39867813910.77682
	 -55478932229.67427
	 -844568086.1816082
	 -37254747206.12439
	 -57670584435.48696
	 -1263391902.078323
	 -31693260677.87243
	 -61522901032.96588
	 -2088422020.692465
	 -28764085362.39399
	 -63176056446.79955
	 -2492249133.804018
	 -22656478078.64474
	 -65919885653.79547
	 -3276813411.649503
	 -16279573973.66058
	 -67894930939.71526
	 -4023269982.616934
	 -9709033677.114305
	 -69082013589.51878
	 -4723110096.385599
	 -6374952176.26265
	 -69375065595.44121
	 -5052956365.513803
	 -3021172039.83216
	 -69465560169.11679
	 -5368059555.622195
	 342539526.9801444
	 -69352097831.6673
	 -5667409198.315832
	 3706276231.311322
	 -69033504430.9059
	 -5950000469.337354
	 7059966380.371001
	 -68508840709.47446
	 -6214832576.933706
	 10393346072.26311
	 -67777415850.36877
	 -6460907382.497768
	 13695931897.5435 
	 -66838805376.46034
	 -6687228370.585147
	 16956993324.63052
	 -65692873717.32487
	 -6892799966.048998
	 20165524965.08763
	 -64339801853.17332
	 -7076627234.260122
	 23310218915.41745
	 -62780120584.20926
	 -7237716078.905356
	 26379437578.62584
	 -61014749928.76723
	 -7375073946.101872
	 29361187336.26556
	 -59045045373.12702
	 -7487711203.173651
	 32243093713.9281 
	 -56872851638.67923
	 -7574643246.746703
	 35012378763.17981
	 -54500564797.45184
	 -7634893511.057991
	 37655841662.42174
	 -51931203564.54456
	 -7667497508.868782
	 40159843768.67157
	 -49168490674.83295
	 -7671508101.240949
	 42510299663.16022
	 -46216945276.98487
	 -7646002235.368147
	 44692676177.465  
	 -43081987191.44199
	 -7590089367.810605
	 46692001783.24906
	 -39770053847.39141
	 -7502921890.694371
	 48492889341.88837
	 -36288730449.54153
	 -7383707839.571377
	 50079575734.80504
	 -32646893698.81226
	 -7231726286.978052
	 52545803801.58472
	 -24924598740.80492
	 -6827045966.856151
	 54232039393.21638
	 -12451833182.4774
	 -5962664230.354502
	 54192908983.16596
	 -8126767215.017827
	 -5605693599.193878
	 53827894065.22651
	 -3753846637.886681
	 -5214913910.040755
	 53123407522.10882
	 641495357.3039728
	 -4791156675.976258
	 52067513410.36762
	 5031078027.652358
	 -4335629395.887232
	 50650445281.45811
	 9383952613.280642
	 -3849964784.441789
	 48865187698.14196
	 13666475088.98918
	 -3336268182.091908
	 46708107625.95151
	 17842498814.04523
	 -2797159732.613026
	 41284802307.04519
	 25720154612.95785
	 -1655943556.389997
	 34443572599.93528
	 32694929466.2605 
	 -458409530.3502281
	 26338577475.9642 
	 38444876385.0129 
	 754992981.8400279
	 21886981168.81895
	 40768416922.26004
	 1353253843.297902
	 17220736380.43879
	 42682989366.35526
	 1937792049.930541
	 7426232381.040666
	 45195528012.34483
	 3041679410.623989
	 2396495172.701494
	 45765942570.40849
	 3549738225.859262
	 -2653618081.157831
	 45873180559.67355
	 4021821108.295635
	 -7673631158.427999
	 45522150553.94467
	 4453698053.843342
	 -12615113515.35444
	 44724792268.1834 
	 4841901259.314617
	 -22085823828.71703
	 41869390423.06076
	 5477475826.884716
	 -34719513326.15289
	 34845957590.47919
	 6062668069.298702
	 -41791984596.05985
	 28716573207.99262
	 6210698113.149881
	 -44875524835.37785
	 25320494555.17132
	 6216102315.212963
	 -47646290208.88709
	 21748010007.81942
	 6178396285.448127
	 -50100592448.20178
	 18030890227.14431
	 6099837557.180662
	 -52237787318.3275
	 14199248507.31195
	 5982827519.935562
	 -54059802555.90491
	 10281365634.83115
	 5829853803.672606
	 -55570701334.77126
	 6303601215.513714
	 5643442995.225368
	 -57683768238.45774
	 -1735815472.126411
	 5180392905.563483
	 -58638435989.33943
	 -9746191378.747263
	 4613434939.141806
	 -58704534333.10957
	 -13694222161.09431
	 4296896132.572934
	 -58509951974.35571
	 -17582677297.59762
	 3961308215.077809
	 -58065215520.41785
	 -21397254346.69889
	 3608805591.430748
	 -57381041552.48743
	 -25124951519.65256
	 3241433853.122809
	 -56468244143.25567
	 -28753955105.21147
	 2861150428.829186
	 -55337662592.35457
	 -32273532324.27319
	 2469826762.04119 
	 -54000106320.60793
	 -35673930919.78242
	 2069251426.863862
	 -52466313946.21735
	 -38946285935.94778
	 1661134012.65733 
	 -50746924200.22095
	 -42082534004.32865
	 1247109442.463188
	 -48852456570.87147
	 -45075335059.84357
	 828742581.390071 
	 -44579707496.52148
	 -50604432664.321 
	 -15080004.39497006
	 35153615423.59987
	 -54359086532.06528
	 -7637692114.027418
	 40292270077.00565
	 -49014881893.83762
	 -7672524966.024652
	 42637662418.35868
	 -46057493641.39787
	 -7646085936.206817
	 44814518508.3238 
	 -42916879871.14987
	 -7589213273.797236
	 46807853962.50294
	 -39599511867.10609
	 -7501061009.841887
	 48602269868.49047
	 -36113012866.9449
	 -7380839236.218384
	 50181992971.67484
	 -32466302222.27267
	 -7227829626.97561
	 51530937264.74765
	 -28669752748.45836
	 -7041403913.387512
	 52632791871.75323
	 -24735360420.07476
	 -6821045833.267934
	 54029623122.52301
	 -16510233318.50583
	 -6277185840.221756
	 54292134126.34737
	 -12253254732.89353
	 -5953463542.167676
	 53867721098.02189
	 -3552272240.773901
	 -5203630871.473053
	 53152498804.91724
	 843361733.9041656
	 -4778876511.363976
	 52085542957.65852
	 5232320837.296819
	 -4322397547.972722
	 46691860856.02735
	 18035574553.46961
	 -2781490882.106405
	 44151961507.13184
	 22061739717.64112
	 -2219519333.355702
	 34383911272.48063
	 32860334100.46777
	 -441082079.6853258
	 30466595957.16687
	 35897651516.03272
	 166463706.3301972
	 26261226981.51643
	 38589238485.22501
	 772187901.5277659
	 21802428017.39974
	 40900735397.80917
	 1370106440.992878
	 17130286400.47437
	 42802453549.02091
	 1954115661.644164
	 12289519507.77196
	 44270492466.55469
	 2518160040.514901
	 7328359264.662473
	 45287645634.03162
	 3056408574.705198
	 2297222529.639305
	 45844011897.12946
	 3563426709.504231
	 -2752737665.234273
	 45937257777.24374
	 4034330698.108037
	 -7771090998.938231
	 45572512654.74848
	 4464912875.491689
	 -12709491387.84434
	 44761918064.13404
	 4851729755.131755
	 -17522850330.93651
	 43523886595.67309
	 5192149113.040685
	 -22170258634.5867
	 41882149713.58152
	 5484356767.849758
	 -26615625521.22082
	 39864684032.79414
	 5727327467.768432
	 -30828035103.07465
	 37502603090.37582
	 5920767050.612771
	 -34781845467.7157
	 34829088904.72324
	 6065034231.202017
	 -38456572359.94622
	 31878419158.76266
	 6161050452.291332
	 -44910823144.38393
	 25283300401.92802
	 6214263357.283758
	 -50116868777.17236
	 17985106343.57811
	 6095510487.754552
	 -52244548639.98634
	 14150520231.45522
	 5977366957.010455
	 -54057144138.34243
	 10230517854.58069
	 5823336309.202091
	 -55558775983.97849
	 6251399963.882337
	 5635945604.817849
	 -56755296236.44219
	 2237525423.948514
	 5417722080.606798
	 -58263045144.86644
	 -5806545516.165057
	 4898719055.435183
	 -58591763307.17325
	 -9797285898.012146
	 4602768050.841416
	 -58649882701.13548
	 -13743672721.18677
	 4285614643.681937
	 -58447634422.88728
	 -17630030703.03037
	 3949478307.433586
	 -57995552292.60713
	 -21442098074.63474
	 3596490787.356789
	 -56384864551.17971
	 -28792687468.17183
	 2848045750.294286
	 -55247913967.31219
	 -32308727663.73879
	 2456411957.710635
	 -53904313246.19813
	 -35705306465.32011
	 2055579770.149464
	 -50640005364.63948
	 -42105519973.60148
	 1233074828.108817
	 -48740449634.89098
	 -45093794480.5018
	 814597698.6241429
	 -46676516369.5665
	 -47931738273.2307
	 393322809.3500575
	 -44458455094.09896
	 -50613268229.92265
	 -29312436.53235328
	 -39600277496.40253
	 -55485346900.7862
	 -873187644.9220117
	 -34245330787.65571
	 -59671057433.78976
	 -1706557571.893377
	 -31405898662.55988
	 -61496100421.84865
	 -2116219164.80219
	 -28471290846.46944
	 -63137730864.3325
	 -2519626440.624377
	 -22354563343.97411
	 -65857938169.05926
	 -3303143129.392107
	 -19191361370.55346
	 -66930779371.42086
	 -3681048277.747895
	 -15970860162.00553
	 -67808703040.5789
	 -4048284034.783399
	 -12702522782.26132
	 -68489444236.80712
	 -4403797152.035731
	 -9395854182.785645
	 -68970961254.84055
	 -4746548752.570349
	 -2705895251.92316
	 -69329248191.76987
	 -5389668924.214657
	 657959339.4996144
	 -69203026927.25911
	 -5688009933.4924 
	 7373812302.195151
	 -68334065652.98297
	 -6233229577.659608
	 17263633581.56516
	 -65479319747.94482
	 -6907427487.13284
	 20468407735.14757
	 -64113336893.56245
	 -7089874916.164961
	 23608635040.12848
	 -62540789012.53585
	 -7249522398.378534
	 32523634818.61057
	 -56595460709.34988
	 -7581758877.551457
	 35285389377.74956
	 -54210776499.87958
	 -7640324990.92858
	 37920492559.41357
	 -51629227551.77998
	 -7671185952.731282
	 21708721820.05034
	 41039805507.80585
	 1387061033.195572
	 12185335313.90363
	 44383201524.49464
	 2533888668.001886
	 7221169019.702264
	 45386445250.37539
	 3071259414.257048
	 2188588353.915833
	 45928717768.5432 
	 3577241147.523065
	 -2861254377.292528
	 46007917410.32023
	 4046969152.874219
	 -7877973211.251848
	 45629396499.14016
	 4476258080.520215
	 -12813305537.68863
	 44805500771.24239
	 4861688806.706716
	 -17622278495.41726
	 43554820585.02173
	 5200654280.682409
	 -26702900925.21021
	 39872828968.87959
	 5732819352.492846
	 -30907859422.94065
	 37500798935.62989
	 5924744181.694077

