	 353721600        
	 353721600        
	 353721600        
	 353808000        
	 353808000        
	 353808000        
	 353894400        
	 353894400        
	 353894400        
	 353980800        
	 353980800        
	 353980800        
	 354067200        
	 354067200        
	 354067200        
	 354153600        
	 354153600        
	 354153600        
	 354240000        
	 354240000        
	 354240000        
	 354326400        
	 354326400        
	 354326400        
	 354412800        
	 354412800        
	 354412800        
	 354499200        
	 354499200        
	 354499200        
	 354585600        
	 354585600        
	 354585600        
	 354672000        
	 354672000        
	 354672000        
	 354758400        
	 354758400        
	 354758400        
	 354844800        
	 354844800        
	 354844800        
	 354931200        
	 354931200        
	 354931200        
	 355017600        
	 355017600        
	 355017600        
	 355104000        
	 355104000        
	 355104000        
	 355190400        
	 355190400        
	 355190400        
	 355276800        
	 355276800        
	 355276800        
	 355363200        
	 355363200        
	 355363200        
	 355449600        
	 355449600        
	 355449600        
	 355536000        
	 355536000        
	 355536000        
	 355622400        
	 355622400        
	 355622400        
	 355708800        
	 355708800        
	 355708800        
	 355795200        
	 355795200        
	 355795200        
	 355881600        
	 355881600        
	 355881600        
	 355968000        
	 355968000        
	 355968000        
	 356054400        
	 356054400        
	 356054400        
	 356140800        
	 356140800        
	 356140800        
	 356227200        
	 356227200        
	 356227200        
	 356313600        
	 356313600        
	 356313600        
	 356400000        
	 356400000        
	 356400000        
	 356486400        
	 356486400        
	 356486400        
	 356572800        
	 356572800        
	 356572800        
	 356659200        
	 356659200        
	 356659200        
	 356745600        
	 356745600        
	 356745600        
	 356832000        
	 356832000        
	 356832000        
	 356918400        
	 356918400        
	 356918400        
	 357004800        
	 357004800        
	 357004800        
	 357091200        
	 357091200        
	 357091200        
	 357177600        
	 357177600        
	 357177600        
	 357264000        
	 357264000        
	 357264000        
	 357350400        
	 357350400        
	 357350400        
	 357436800        
	 357436800        
	 357436800        
	 357523200        
	 357523200        
	 357523200        
	 357609600        
	 357609600        
	 357609600        
	 357696000        
	 357696000        
	 357696000        
	 357782400        
	 357782400        
	 357782400        
	 357868800        
	 357868800        
	 357868800        
	 357955200        
	 357955200        
	 357955200        
	 358041600        
	 358041600        
	 358041600        
	 358128000        
	 358128000        
	 358128000        
	 358214400        
	 358214400        
	 358214400        
	 358300800        
	 358300800        
	 358300800        
	 358387200        
	 358387200        
	 358387200        
	 358473600        
	 358473600        
	 358473600        
	 358560000        
	 358560000        
	 358560000        
	 358646400        
	 358646400        
	 358646400        
	 358732800        
	 358732800        
	 358732800        
	 358819200        
	 358819200        
	 358819200        
	 358905600        
	 358905600        
	 358905600        
	 358992000        
	 358992000        
	 358992000        
	 359078400        
	 359078400        
	 359078400        
	 359164800        
	 359164800        
	 359164800        
	 359251200        
	 359251200        
	 359251200        
	 359337600        
	 359337600        
	 359337600        
	 359424000        
	 359424000        
	 359424000        
	 359510400        
	 359510400        
	 359510400        
	 359596800        
	 359596800        
	 359596800        
	 359683200        
	 359683200        
	 359683200        
	 359769600        
	 359769600        
	 359769600        
	 359856000        
	 359856000        
	 359856000        
	 359942400        
	 359942400        
	 359942400        
	 360028800        
	 360028800        
	 360028800        
	 360115200        
	 360115200        
	 360115200        
	 360201600        
	 360201600        
	 360201600        
	 360288000        
	 360288000        
	 360288000        
	 362275200        
	 362275200        
	 362275200        
	 362361600        
	 362361600        
	 362361600        
	 362448000        
	 362448000        
	 362448000        
	 362534400        
	 362534400        
	 362534400        
	 362620800        
	 362620800        
	 362620800        
	 362707200        
	 362707200        
	 362707200        
	 362793600        
	 362793600        
	 362793600        
	 362880000        
	 362880000        
	 362880000        
	 362966400        
	 362966400        
	 362966400        
	 363052800        
	 363052800        
	 363052800        
	 363139200        
	 363139200        
	 363139200        
	 363225600        
	 363225600        
	 363225600        
	 363312000        
	 363312000        
	 363312000        
	 363398400        
	 363398400        
	 363398400        
	 363484800        
	 363484800        
	 363484800        
	 363571200        
	 363571200        
	 363571200        
	 363657600        
	 363657600        
	 363657600        
	 363744000        
	 363744000        
	 363744000        
	 363830400        
	 363830400        
	 363830400        
	 363916800        
	 363916800        
	 363916800        
	 364003200        
	 364003200        
	 364003200        
	 364089600        
	 364089600        
	 364089600        
	 364176000        
	 364176000        
	 364176000        
	 364262400        
	 364262400        
	 364262400        
	 364348800        
	 364348800        
	 364348800        
	 364435200        
	 364435200        
	 364435200        
	 364521600        
	 364521600        
	 364521600        
	 364608000        
	 364608000        
	 364608000        
	 364694400        
	 364694400        
	 364694400        
	 364780800        
	 364780800        
	 364780800        
	 364867200        
	 364867200        
	 364867200        
	 364953600        
	 364953600        
	 364953600        
	 365040000        
	 365040000        
	 365040000        
	 365126400        
	 365126400        
	 365126400        
	 365212800        
	 365212800        
	 365212800        
	 365299200        
	 365299200        
	 365299200        
	 365385600        
	 365385600        
	 365385600        
	 365472000        
	 365472000        
	 365472000        
	 365558400        
	 365558400        
	 365558400        
	 365644800        
	 365644800        
	 365644800        
	 365731200        
	 365731200        
	 365731200        
	 365817600        
	 365817600        
	 365817600        
	 365904000        
	 365904000        
	 365904000        
	 365990400        
	 365990400        
	 365990400        
	 366076800        
	 366076800        
	 366076800        
	 366163200        
	 366163200        
	 366163200        
	 366249600        
	 366249600        
	 366249600        
	 366336000        
	 366336000        
	 366336000        
	 366422400        
	 366422400        
	 366422400        
	 366508800        
	 366508800        
	 366508800        
	 366595200        
	 366595200        
	 366595200        
	 366681600        
	 366681600        
	 366681600        
	 366768000        
	 366768000        
	 366768000        
	 366854400        
	 366854400        
	 366854400        
	 366940800        
	 366940800        
	 366940800        
	 367027200        
	 367027200        
	 367027200        
	 367113600        
	 367113600        
	 367113600        
	 367200000        
	 367200000        
	 367200000        
	 367286400        
	 367286400        
	 367286400        
	 367372800        
	 367372800        
	 367372800        
	 367459200        
	 367459200        
	 367459200        
	 367545600        
	 367545600        
	 367545600        
	 367632000        
	 367632000        
	 367632000        
	 367718400        
	 367718400        
	 367718400        
	 367804800        
	 367804800        
	 367804800        
	 367891200        
	 367891200        
	 367891200        
	 367977600        
	 367977600        
	 367977600        
	 368064000        
	 368064000        
	 368064000        
	 368150400        
	 368150400        
	 368150400        
	 368236800        
	 368236800        
	 368236800        
	 368323200        
	 368323200        
	 368323200        
	 368409600        
	 368409600        
	 368409600        
	 368496000        
	 368496000        
	 368496000        
	 368582400        
	 368582400        
	 368582400        
	 368668800        
	 368668800        
	 368668800        
	 368755200        
	 368755200        
	 368755200        
	 368841600        
	 368841600        
	 368841600        
	 368928000        
	 368928000        
	 368928000        
	 369014400        
	 369014400        
	 369014400        
	 369100800        
	 369100800        
	 369100800        
	 369187200        
	 369187200        
	 369187200        
	 369273600        
	 369273600        
	 369273600        
	 369360000        
	 369360000        
	 369360000        
	 369446400        
	 369446400        
	 369446400        
	 369532800        
	 369532800        
	 369532800        
	 369619200        
	 369619200        
	 369619200        
	 369705600        
	 369705600        
	 369705600        
	 369792000        
	 369792000        
	 369792000        
	 369878400        
	 369878400        
	 369878400        
	 369964800        
	 369964800        
	 369964800        
	 370051200        
	 370051200        
	 370051200        
	 370137600        
	 370137600        
	 370137600        
	 370224000        
	 370224000        
	 370224000        
	 370310400        
	 370310400        
	 370310400        
	 372297600        
	 372297600        
	 372297600        
	 372384000        
	 372384000        
	 372384000        
	 372470400        
	 372470400        
	 372470400        
	 372556800        
	 372556800        
	 372556800        
	 372643200        
	 372643200        
	 372643200        
	 372729600        
	 372729600        
	 372729600        
	 372816000        
	 372816000        
	 372816000        
	 372902400        
	 372902400        
	 372902400        
	 372988800        
	 372988800        
	 372988800        
	 373075200        
	 373075200        
	 373075200        
	 373161600        
	 373161600        
	 373161600        
	 373248000        
	 373248000        
	 373248000        
	 373334400        
	 373334400        
	 373334400        
	 373420800        
	 373420800        
	 373420800        
	 373507200        
	 373507200        
	 373507200        
	 373593600        
	 373593600        
	 373593600        
	 373680000        
	 373680000        
	 373680000        
	 373766400        
	 373766400        
	 373766400        
	 373852800        
	 373852800        
	 373852800        
	 373939200        
	 373939200        
	 373939200        
	 374025600        
	 374025600        
	 374025600        
	 374112000        
	 374112000        
	 374112000        
	 374198400        
	 374198400        
	 374198400        
	 374284800        
	 374284800        
	 374284800        
	 374371200        
	 374371200        
	 374371200        
	 374457600        
	 374457600        
	 374457600        
	 374544000        
	 374544000        
	 374544000        
	 374630400        
	 374630400        
	 374630400        
	 374716800        
	 374716800        
	 374716800        
	 374803200        
	 374803200        
	 374803200        
	 374889600        
	 374889600        
	 374889600        
	 374976000        
	 374976000        
	 374976000        
	 375062400        
	 375062400        
	 375062400        
	 375148800        
	 375148800        
	 375148800        
	 375235200        
	 375235200        
	 375235200        
	 375321600        
	 375321600        
	 375321600        
	 375408000        
	 375408000        
	 375408000        
	 375494400        
	 375494400        
	 375494400        
	 375580800        
	 375580800        
	 375580800        
	 375667200        
	 375667200        
	 375667200        
	 375753600        
	 375753600        
	 375753600        
	 375840000        
	 375840000        
	 375840000        
	 375926400        
	 375926400        
	 375926400        
	 376012800        
	 376012800        
	 376012800        
	 376099200        
	 376099200        
	 376099200        
	 376185600        
	 376185600        
	 376185600        
	 376272000        
	 376272000        
	 376272000        
	 376358400        
	 376358400        
	 376358400        
	 376444800        
	 376444800        
	 376444800        
	 376531200        
	 376531200        
	 376531200        
	 376617600        
	 376617600        
	 376617600        
	 376704000        
	 376704000        
	 376704000        
	 376790400        
	 376790400        
	 376790400        
	 376876800        
	 376876800        
	 376876800        
	 376963200        
	 376963200        
	 376963200        
	 377049600        
	 377049600        
	 377049600        
	 377136000        
	 377136000        
	 377136000        
	 377222400        
	 377222400        
	 377222400        
	 377308800        
	 377308800        
	 377308800        
	 377395200        
	 377395200        
	 377395200        
	 377481600        
	 377481600        
	 377481600        
	 377568000        
	 377568000        
	 377568000        
	 377654400        
	 377654400        
	 377654400        
	 377740800        
	 377740800        
	 377740800        
	 377827200        
	 377827200        
	 377827200        
	 377913600        
	 377913600        
	 377913600        
	 378000000        
	 378000000        
	 378000000        
	 378086400        
	 378086400        
	 378086400        
	 378172800        
	 378172800        
	 378172800        
	 378259200        
	 378259200        
	 378259200        
	 378345600        
	 378345600        
	 378345600        
	 378432000        
	 378432000        
	 378432000        
	 378518400        
	 378518400        
	 378518400        
	 378604800        
	 378604800        
	 378604800        
	 378691200        
	 378691200        
	 378691200        
	 378777600        
	 378777600        
	 378777600        
	 378864000        
	 378864000        
	 378864000        
	 378950400        
	 378950400        
	 378950400        
	 379036800        
	 379036800        
	 379036800        
	 379123200        
	 379123200        
	 379123200        
	 379209600        
	 379209600        
	 379209600        
	 379296000        
	 379296000        
	 379296000        
	 379382400        
	 379382400        
	 379382400        
	 379468800        
	 379468800        
	 379468800        
	 379555200        
	 379555200        
	 379555200        
	 379641600        
	 379641600        
	 379641600        
	 379728000        
	 379728000        
	 379728000        
	 379814400        
	 379814400        
	 379814400        
	 379900800        
	 379900800        
	 379900800        
	 379987200        
	 379987200        
	 379987200        
	 380073600        
	 380073600        
	 380073600        
	 380160000        
	 380160000        
	 380160000        
	 380246400        
	 380246400        
	 380246400        
	 380332800        
	 380332800        
	 380332800        
	 382320000        
	 382320000        
	 382320000        
	 382406400        
	 382406400        
	 382406400        
	 382492800        
	 382492800        
	 382492800        
	 382579200        
	 382579200        
	 382579200        
	 382665600        
	 382665600        
	 382665600        
	 382752000        
	 382752000        
	 382752000        
	 382838400        
	 382838400        
	 382838400        
	 382924800        
	 382924800        
	 382924800        
	 383011200        
	 383011200        
	 383011200        
	 383097600        
	 383097600        
	 383097600        
	 383184000        
	 383184000        
	 383184000        
	 383270400        
	 383270400        
	 383270400        
	 383356800        
	 383356800        
	 383356800        
	 383443200        
	 383443200        
	 383443200        
	 383529600        
	 383529600        
	 383529600        
	 383616000        
	 383616000        
	 383616000        
	 383702400        
	 383702400        
	 383702400        
	 383788800        
	 383788800        
	 383788800        
	 383875200        
	 383875200        
	 383875200        
	 383961600        
	 383961600        
	 383961600        
	 384048000        
	 384048000        
	 384048000        
	 384134400        
	 384134400        
	 384134400        
	 384220800        
	 384220800        
	 384220800        
	 384307200        
	 384307200        
	 384307200        
	 384393600        
	 384393600        
	 384393600        
	 384480000        
	 384480000        
	 384480000        
	 384566400        
	 384566400        
	 384566400        
	 384652800        
	 384652800        
	 384652800        
	 384739200        
	 384739200        
	 384739200        
	 384825600        
	 384825600        
	 384825600        
	 384912000        
	 384912000        
	 384912000        
	 384998400        
	 384998400        
	 384998400        
	 385084800        
	 385084800        
	 385084800        
	 385171200        
	 385171200        
	 385171200        
	 385257600        
	 385257600        
	 385257600        
	 385344000        
	 385344000        
	 385344000        
	 385430400        
	 385430400        
	 385430400        
	 385516800        
	 385516800        
	 385516800        
	 385603200        
	 385603200        
	 385603200        
	 385689600        
	 385689600        
	 385689600        
	 385776000        
	 385776000        
	 385776000        
	 385862400        
	 385862400        
	 385862400        
	 385948800        
	 385948800        
	 385948800        
	 386035200        
	 386035200        
	 386035200        
	 386121600        
	 386121600        
	 386121600        
	 386208000        
	 386208000        
	 386208000        
	 386294400        
	 386294400        
	 386294400        
	 386380800        
	 386380800        
	 386380800        
	 386467200        
	 386467200        
	 386467200        
	 386553600        
	 386553600        
	 386553600        
	 386640000        
	 386640000        
	 386640000        
	 386726400        
	 386726400        
	 386726400        
	 386812800        
	 386812800        
	 386812800        
	 386899200        
	 386899200        
	 386899200        
	 386985600        
	 386985600        
	 386985600        
	 387072000        
	 387072000        
	 387072000        
	 387158400        
	 387158400        
	 387158400        
	 387244800        
	 387244800        
	 387244800        
	 387331200        
	 387331200        
	 387331200        
	 387417600        
	 387417600        
	 387417600        
	 387504000        
	 387504000        
	 387504000        
	 387590400        
	 387590400        
	 387590400        
	 387676800        
	 387676800        
	 387676800        
	 387763200        
	 387763200        
	 387763200        
	 387849600        
	 387849600        
	 387849600        
	 387936000        
	 387936000        
	 387936000        
	 388022400        
	 388022400        
	 388022400        
	 388108800        
	 388108800        
	 388108800        
	 388195200        
	 388195200        
	 388195200        
	 388281600        
	 388281600        
	 388281600        
	 388368000        
	 388368000        
	 388368000        
	 388454400        
	 388454400        
	 388454400        
	 388540800        
	 388540800        
	 388540800        
	 388627200        
	 388627200        
	 388627200        
	 388713600        
	 388713600        
	 388713600        
	 388800000        
	 388800000        
	 388800000        
	 388886400        
	 388886400        
	 388886400        

