2008 01 2008.042    6.6   2.5   480
2008 02 2008.124    5.6   2.5   490  
2008 03 2008.206    5.1   2.5   548  
2008 04 2008.290    5.1   2.6   562  
2008 05 2008.373    5.4   2.6   637  
2008 06 2008.456    4.8   2.5   637  
2008 07 2008.540    4.0   2.4   664  
2008 08 2008.624    3.8   2.4   525  
2008 09 2008.708    3.2   2.4   605  
2008 10 2008.791    2.4   2.3   571  
2008 11 2008.874    2.3   2.3   445  
2008 12 2008.958    2.2   2.3   480  
2009 01 2009.042    2.5   2.3   317  
2009 02 2009.123    2.7   2.3   385  
2009 03 2009.204    2.9   2.3   523  
2009 04 2009.288    3.3   2.3   586  
2009 05 2009.371    3.5   2.3   610  
2009 06 2009.455    4.1   2.4   623  
2009 07 2009.538    5.5   2.5   671  
2009 08 2009.623    7.4   2.6   691  
2009 09 2009.707    9.5   2.7   628  
2009 10 2009.790   10.9   2.8   564  
2009 11 2009.874   11.7   2.9   452  
2009 12 2009.958   12.7   2.9   415  
2010 01 2010.042   14.0   3.0   413  
2010 02 2010.123   16.1   3.1   376  
2010 03 2010.204   18.5   3.2   564  
2010 04 2010.288   20.8   3.3   592  
2010 05 2010.371   23.1   3.4   573  
2010 06 2010.455   24.6   3.4   600  
2010 07 2010.538   25.2   3.4   718  
2010 08 2010.623   26.4   3.6   689  
2010 09 2010.707   29.5   3.9   505  
2010 10 2010.790   34.5   4.2   501  
2010 11 2010.874   39.1   4.4   404  
2010 12 2010.958   42.5   4.5   393  
2011 01 2011.042   45.7   4.6   417  
2011 02 2011.123   48.8   4.8   399  
2011 03 2011.204   53.8   5.1   566  
2011 04 2011.288   61.1   5.6   557  
2011 05 2011.371   69.3   6.1   607  
2011 06 2011.455   77.2   6.6   544  
2011 07 2011.538   83.6   6.9   549  
2011 08 2011.623   86.3   7.0   605  
2011 09 2011.707   86.6   7.0   535  
2011 10 2011.790   87.4   7.1   503  
2011 11 2011.874   89.4   7.2   434  
2011 12 2011.958   92.5   7.3   361  
2012 01 2012.042   95.5   7.4   386  
2012 02 2012.124   98.1   7.5   388  
2012 03 2012.206   98.3   7.5   500  
2012 04 2012.290   95.1   7.3   479  
2012 05 2012.373   90.9   7.0   543  
2012 06 2012.456   86.6   6.7   498  
2012 07 2012.540   84.5   6.5   601  
2012 08 2012.624   85.1   6.5   612  
2012 09 2012.708   85.3   6.5   511  
2012 10 2012.791   85.8   6.4   493  
2012 11 2012.874   87.7   6.5   382  
2012 12 2012.958   88.1   6.5   360  
2013 01 2013.042   86.8   6.4   362  
2013 02 2013.123   86.1   6.4   363  
2013 03 2013.204   84.4   6.2   429  
2013 04 2013.288   84.3   6.2   509  
2013 05 2013.371   87.0   6.5   487  
2013 06 2013.455   90.9   6.7   469  
2013 07 2013.538   94.6   7.0   575  
2013 08 2013.623   99.0   7.3   563  
2013 09 2013.707  104.6   7.7   446  
2013 10 2013.790  107.0   7.8   421  
2013 11 2013.874  106.9   7.8   321  
2013 12 2013.958  107.6   7.8   402  
2014 01 2014.042  109.3   7.9   398  
2014 02 2014.123  110.5   8.0   384  
2014 03 2014.204  114.3   8.2   493  
2014 04 2014.288  116.4   8.2   486  
2014 05 2014.371  115.0   8.2   493  
2014 06 2014.455  114.1   8.1   469  
2014 07 2014.538  112.6   8.0   477  
2014 08 2014.623  108.3   7.8   486  
2014 09 2014.707  101.9   7.4   419  
2014 10 2014.790   97.3   7.3   440  
2014 11 2014.874   94.7   7.4   397  
2014 12 2014.958   92.2   7.4   331  
2015 01 2015.042   89.3   7.3   546  
2015 02 2015.123   86.1   7.2   442  
2015 03 2015.204   82.1   7.0   628  
2015 04 2015.288   78.9   6.8   847  
2015 05 2015.371   76.1   6.6   895  
2015 06 2015.455   72.1   6.4   826  
2015 07 2015.538   68.3   6.2   977  
2015 08 2015.623   66.4   6.0   892  
2015 09 2015.707   65.9   6.0   862  
2015 10 2015.790   64.3   5.9   662  
2015 11 2015.874   61.2   5.5   622  
2015 12 2015.958   57.8   5.1   704  
2016 01 2016.042   54.4   4.9   634  
2016 02 2016.124   52.5   4.8   662  
2016 03 2016.206   50.4   4.6   873  
2016 04 2016.288   47.8   4.4   865  
2016 05 2016.373   44.8   4.2   878  
2016 06 2016.455   41.5   4.0   942  
2016 07 2016.540   38.5   3.8  1025  
2016 08 2016.624   36.0   3.6  1067  
2016 09 2016.706   33.2   3.5   900  
2016 10 2016.791   31.5   3.4   782  
2016 11 2016.873   29.9   3.3   689  
2016 12 2016.958   28.5   3.1   623  
2017 01 2017.042   27.8   3.1   830  
2017 02 2017.122   26.5   2.9   542  
2017 03 2017.204   25.7   2.9  1011  
2017 04 2017.286   24.8   2.8   920  
2017 05 2017.371   23.3   2.7  1101  
2017 06 2017.453   22.2   2.6  1136  
2017 07 2017.538   21.0   2.6  1093  
2017 08 2017.623   19.6   2.4  1002  
2017 09 2017.705   18.3   2.2   973  
2017 10 2017.790   16.7   2.1  1125  
2017 11 2017.873   15.4   1.9   997  
2017 12 2017.958   15.1   1.9   714  
2018 01 2018.042   14.2   1.9   701  
2018 02 2018.122   12.6   1.7   917  
2018 03 2018.204    9.9   1.4  1081  
2018 04 2018.286    7.8   1.1   996  
2018 05 2018.371    7.5   1.1  1234  
2018 06 2018.453    7.2   1.1  1070  
2018 07 2018.538    7.0   1.1  1438  
2018 08 2018.623    6.7   1.0  1297  
2018 09 2018.705    6.5   1.0  1223  
2018 10 2018.790    6.8   1.0  1097  
2018 11 2018.873    6.7   0.9   771  
2018 12 2018.958    6.0   0.8   786  
2019 01 2019.042    5.4   0.7   841  
2019 02 2019.122    5.0   0.7  1042  
2019 03 2019.204    4.6   0.7   995  
2019 04 2019.286    4.3   0.6  1039  
2019 05 2019.371    3.9   0.6  1159  
2019 06 2019.453    3.7   0.5  1273  
2019 07 2019.538    3.5   0.5  1214  
2019 08 2019.623    3.4   0.5  1344  
2019 09 2019.705    3.1   0.5  1225  
2019 10 2019.790    2.6   0.4  1065
2019 11 2019.873    2.0   0.4   832
2019 12 2019.958    1.8   0.4   855
2020 01 2020.042    2.2   0.4   795
2020 02 2020.124    2.8   0.5   967
