	 -182.5381164550781
	 -265.7542419433594
	 -346.2810974121094
	 -423.8760986328125
	 -498.298583984375
	 -569.3133850097656
	 -636.6888732910156
	 -700.1964111328125
	 -759.6112365722656
	 -814.7114562988281
	 -865.27783203125 
	 -911.0945129394531
	 -951.9486389160156
	 -987.6304321289062
	 -1017.933166503906
	 -1042.654266357422
	 -1061.594635009766
	 -1074.558837890625
	 -1081.357971191406
	 -1081.807495117188
	 -1075.729705810547
	 -1062.955627441406
	 -1043.323364257812
	 -1016.687164306641
	 -982.9102478027344
	 -941.8759155273438
	 -893.4911193847656
	 -837.686767578125
	 -774.4275817871094
	 -703.7215270996094
	 -625.6261291503906
	 -540.2582092285156
	 -447.8126525878906
	 -348.5693359375  
	 -242.9175415039062
	 -131.3660888671875
	 -14.56771850585938
	 106.6692199707031
	 231.3533020019531
	 358.3081359863281
	 486.1516418457031
	 613.3030700683594
	 737.9807281494141
	 858.222412109375 
	 971.9182891845703
	 1076.847259521484
	 1170.739517211914
	 1251.350845336914
	 1316.547912597656
	 1364.413330078125
	 1393.351272583008
	 1402.200210571289
	 1390.329513549805
	 1357.718887329102
	 1304.997192382812
	 1233.440490722656
	 1144.916732788086
	 1041.786712646484
	 926.7689208984375
	 802.7838287353516
	 672.8006896972656
	 539.6941833496094
	 406.1356201171875
	 274.5114593505859
	 146.8795623779297
	 24.94914245605469
	 -89.90397644042969
	 -196.62646484375 
	 -294.4375762939453
	 -382.8073272705078
	 -461.4107208251953
	 -530.0886840820312
	 -588.8234710693359
	 -637.7021026611328
	 -676.9061279296875
	 -706.6733856201172
	 -727.2955780029297
	 -739.1059722900391
	 -742.4578247070312
	 -737.7340393066406
	 -725.3261108398438
	 -705.6372833251953
	 -679.0767364501953
	 -646.0608825683594
	 -607.0073852539062
	 -562.3405151367188
	 -512.4814453125  
	 -457.8530883789062
	 -398.8846740722656
	 -336.0019836425781
	 -269.6310119628906
	 -200.2094116210938
	 -128.1664123535156
	 -53.94064331054688
	 22.02896118164062
	 99.29473876953125
	 177.4090576171875
	 255.9168090820312
	 334.3584899902344
	 412.2626647949219
	 489.15966796875  
	 564.5625610351562
	 637.9811401367188
	 708.9151916503906
	 776.8549194335938
	 841.2816467285156
	 901.6659851074219
	 957.4719543457031
	 1008.154754638672
	 1053.159820556641
	 1091.931427001953
	 1123.908264160156
	 1148.532623291016
	 1165.256225585938
	 1173.543090820312
	 1172.884124755859
	 1162.807464599609
	 1142.893280029297
	 1112.794097900391
	 1072.254180908203
	 1021.134307861328
	 959.4385070800781
	 887.3375854492188
	 805.1958923339844
	 713.5885620117188
	 613.3134155273438
	 505.3922119140625
	 391.056396484375 
	 271.7204284667969
	 148.9400939941406
	 24.35821533203125
	 -100.3526611328125
	 -223.5533447265625
	 -343.6908264160156
	 -459.3455505371094
	 -569.2602233886719
	 -672.354248046875
	 -767.7327575683594
	 -854.6704406738281
	 -932.5950317382812
	 -1001.065277099609
	 -1059.751800537109
	 -1108.404174804688
	 -1146.837188720703
	 -1174.911407470703
	 -1192.520294189453
	 -1199.576263427734
	 -1196.005493164062
	 -1181.749084472656
	 -1156.748718261719
	 -1120.956024169922
	 -1074.330871582031
	 -1016.845489501953
	 -948.4837951660156
	 -869.2499237060547
	 -779.1720123291016
	 -678.3104400634766
	 -566.7592468261719
	 -444.6585998535156
	 -312.2030639648438
	 -169.6458740234375
	 -17.31407165527344
	 144.3875885009766
	 314.9581756591797
	 493.7927093505859
	 680.1780548095703
	 873.2705841064453
	 1072.096984863281
	 1275.53742980957 
	 1482.328430175781
	 1691.057495117188
	 1900.163970947266
	 2107.953857421875
	 2312.611694335938
	 2512.226196289062
	 2704.818099975586
	 2888.384948730469
	 3060.94287109375 
	 3220.578491210938
	 3365.505661010742
	 3494.117065429688
	 3605.034454345703
	 3697.153671264648
	 -181.8359985351562
	 -265.0592651367188
	 -345.5950927734375
	 -423.2010498046875
	 -497.6369018554688
	 -568.6670227050781
	 -636.0597534179688
	 -699.5866394042969
	 -759.0230712890625
	 -814.1463623046875
	 -864.7387390136719
	 -910.5829772949219
	 -951.4678649902344
	 -987.1816711425781
	 -1017.518798828125
	 -1042.276458740234
	 -1061.253814697266
	 -1074.257659912109
	 -1081.098266601562
	 -1081.593933105469
	 -1075.562438964844
	 -1062.833465576172
	 -1043.249359130859
	 -1016.661346435547
	 -982.9350280761719
	 -941.9535217285156
	 -893.6216430664062
	 -837.8669128417969
	 -774.6630554199219
	 -704.0073547363281
	 -625.9608459472656
	 -540.6363830566406
	 -448.2311401367188
	 -349.0323486328125
	 -243.4147338867188
	 -131.8933715820312
	 -15.11880493164062
	 106.105712890625 
	 230.7853088378906
	 357.7350769042969
	 485.5891418457031
	 612.7509765625   
	 737.4470672607422
	 857.7229919433594
	 971.4591217041016
	 1076.421752929688
	 1170.360305786133
	 1251.01594543457 
	 1316.261459350586
	 1364.172409057617
	 1393.158020019531
	 1402.054641723633
	 1390.223922729492
	 1357.652389526367
	 1304.965835571289
	 1233.441757202148
	 1144.947357177734
	 1041.842193603516
	 926.8454132080078
	 802.87841796875  
	 672.9084320068359
	 539.8132476806641
	 406.2631683349609
	 274.6451568603516
	 147.0138397216797
	 25.08280944824219
	 -89.77120971679688
	 -196.4998168945312
	 -294.3165588378906
	 -382.6920166015625
	 -461.3035888671875
	 -529.9948425292969
	 -588.7338409423828
	 -637.6273651123047
	 -676.8425903320312
	 -706.6213073730469
	 -727.260009765625
	 -739.07958984375 
	 -742.4470520019531
	 -737.7361297607422
	 -725.3443450927734
	 -705.6657104492188
	 -679.1200408935547
	 -646.1179046630859
	 -607.0782470703125
	 -562.4221801757812
	 -512.5772399902344
	 -457.9632873535156
	 -399.0016479492188
	 -336.1242980957031
	 -269.7693786621094
	 -200.3547973632812
	 -128.3146362304688
	 -54.09445190429688
	 21.86526489257812
	 99.12847900390625
	 177.2417297363281
	 255.7500915527344
	 334.1929321289062
	 412.0986328125   
	 489.0003967285156
	 564.4152221679688
	 637.8402709960938
	 708.7866821289062
	 776.741455078125 
	 841.1857299804688
	 901.5948181152344
	 957.4248352050781
	 1008.133880615234
	 1053.172485351562
	 1091.982971191406
	 1123.999908447266
	 1148.668731689453
	 1165.439697265625
	 1173.7802734375  
	 1173.178344726562
	 1163.163330078125
	 1143.311920166016
	 1113.278656005859
	 1072.805419921875
	 1021.752258300781
	 960.1217346191406
	 888.0829772949219
	 805.9978942871094
	 714.4398193359375
	 614.2044677734375
	 506.3130798339844
	 391.9921264648438
	 272.6587219238281
	 149.8665771484375
	 25.25662231445312
	 -99.49664306640625
	 -222.7524108886719
	 -342.9480895996094
	 -458.6766662597656
	 -568.6670227050781
	 -671.842529296875
	 -767.3042602539062
	 -854.3200378417969
	 -932.3218078613281
	 -1000.868286132812
	 -1059.620971679688
	 -1108.341491699219
	 -1146.833801269531
	 -1174.963745117188
	 -1192.618194580078
	 -1199.721893310547
	 -1196.185974121094
	 -1181.964508056641
	 -1156.996673583984
	 -1121.223297119141
	 -1074.626693725586
	 -1017.150543212891
	 -948.8076934814453
	 -869.5861968994141
	 -779.5148315429688
	 -678.6577758789062
	 -567.1107177734375
	 -445.0140533447266
	 -312.5511322021484
	 -169.9961853027344
	 -17.6605224609375
	 144.048095703125 
	 314.6256256103516
	 493.469482421875 
	 679.8630218505859
	 872.9688110351562
	 1071.803604125977
	 1275.254257202148
	 1482.059143066406
	 1690.801605224609
	 1899.925735473633
	 2107.728424072266
	 2312.400360107422
	 2512.031280517578
	 2704.639251708984
	 2888.223968505859
	 3060.797485351562
	 3220.451110839844
	 3365.395797729492
	 3494.024597167969
	 3604.959671020508
	 3697.095886230469
	 -183.2700805664062
	 -266.508056640625
	 -347.0563659667969
	 -424.6694030761719
	 -499.1089477539062
	 -570.1387634277344
	 -637.5273132324219
	 -701.0457458496094
	 -760.4696044921875
	 -815.576904296875
	 -866.147705078125
	 -911.9676513671875
	 -952.8219604492188
	 -988.5017395019531
	 -1018.798797607422
	 -1043.513122558594
	 -1062.444488525391
	 -1075.396026611328
	 -1082.181793212891
	 -1082.61083984375
	 -1076.512451171875
	 -1063.714599609375
	 -1044.054138183594
	 -1017.388122558594
	 -983.5758666992188
	 -942.5035705566406
	 -894.072021484375
	 -838.2211608886719
	 -774.9078979492188
	 -704.1427307128906
	 -625.9827575683594
	 -540.5408935546875
	 -448.0205688476562
	 -348.6924743652344
	 -242.948974609375
	 -131.300048828125
	 -14.39059448242188
	 106.9554443359375
	 231.7549743652344
	 358.8356018066406
	 486.8028259277344
	 614.0860900878906
	 738.8962097167969
	 859.2634124755859
	 973.0800933837891
	 1078.123764038086
	 1172.121978759766
	 1252.820831298828
	 1318.091384887695
	 1366.007827758789
	 1394.982635498047
	 1403.834518432617
	 1391.946212768555
	 1359.298675537109
	 1306.514495849609
	 1234.871337890625
	 1146.240951538086
	 1042.985000610352
	 927.8266448974609
	 803.689208984375 
	 673.5439910888672
	 540.2680053710938
	 406.5377044677734
	 274.7386779785156
	 146.9346923828125
	 24.8369140625    
	 -90.18348693847656
	 -197.0643768310547
	 -295.0323486328125
	 -383.5467987060547
	 -462.2924499511719
	 -531.0964050292969
	 -589.9557342529297
	 -638.9477844238281
	 -678.2569427490234
	 -708.1209411621094
	 -728.8364868164062
	 -740.7247314453125
	 -744.1529541015625
	 -739.4951019287109
	 -727.1490631103516
	 -707.5090484619141
	 -680.9951019287109
	 -648.0181427001953
	 -608.9972534179688
	 -564.3584899902344
	 -514.5110778808594
	 -459.8981628417969
	 -400.9365539550781
	 -338.0538940429688
	 -271.6795043945312
	 -202.2406005859375
	 -130.1843566894531
	 -55.93045043945312
	 20.06326293945312
	 97.3690185546875 
	 175.5205688476562
	 254.0755615234375
	 332.5689392089844
	 410.5330200195312
	 487.4928283691406
	 562.9654235839844
	 636.4555969238281
	 707.4704284667969
	 775.4966735839844
	 840.0190124511719
	 900.501953125    
	 956.412109375    
	 1007.206756591797
	 1052.327239990234
	 1091.221923828125
	 1123.330688476562
	 1148.090179443359
	 1164.953216552734
	 1173.387084960938
	 1172.879241943359
	 1162.957153320312
	 1143.202270507812
	 1113.263458251953
	 1072.884094238281
	 1021.923645019531
	 960.3845825195312
	 888.4341125488281
	 806.43505859375  
	 714.9593505859375
	 614.8034057617188
	 506.9837341308594
	 392.732666015625 
	 273.4600524902344
	 150.7239990234375
	 26.1658935546875 
	 -98.54208374023438
	 -221.7630310058594
	 -341.9392395019531
	 -457.6459045410156
	 -567.6263732910156
	 -670.800537109375
	 -766.2693481445312
	 -853.3008117675781
	 -931.3265991210938
	 -999.9053039550781
	 -1058.698394775391
	 -1107.467346191406
	 -1146.015716552734
	 -1174.209350585938
	 -1191.934875488281
	 -1199.11669921875
	 -1195.665802001953
	 -1181.536071777344
	 -1156.666412353516
	 -1121.002899169922
	 -1074.505630493164
	 -1017.156463623047
	 -948.9242858886719
	 -869.8295593261719
	 -779.8950958251953
	 -679.1741790771484
	 -567.762451171875
	 -445.8151092529297
	 -313.5046691894531
	 -171.0955963134766
	 -18.90850830078125
	 142.6405181884766
	 313.0617218017578
	 491.7485961914062
	 677.9854888916016
	 870.9319000244141
	 1069.617004394531
	 1272.917144775391
	 1479.575866699219
	 1688.177551269531
	 1897.1650390625  
	 2104.84211730957 
	 2309.400100708008
	 2508.925552368164
	 2701.440338134766
	 2884.94416809082 
	 3057.454330444336
	 3217.059112548828
	 3361.971755981445
	 3490.585998535156
	 3601.524505615234
	 3693.682113647461
	 -3.292102146446041e-10
	 1.181756716928106e-07
	 -3.195310682713171e-11
	 1.195053989100359e-07
	 2.974906987418535e-10
	 1.205283484129183e-07
	 6.574183419871815e-10
	 1.212407629846979e-07
	 1.045827868750848e-09
	 1.216386240621148e-07
	 1.460598975100424e-09
	 1.217176501810968e-07
	 1.899403967442481e-09
	 1.214732958665365e-07
	 2.359701545273651e-09
	 1.209007545188712e-07
	 2.838817847461428e-09
	 1.199949644092868e-07
	 3.333751052991829e-09
	 1.187506153410567e-07
	 3.841387874459201e-09
	 1.171621624163066e-07
	 4.358358784983807e-09
	 1.152238426893604e-07
	 4.881085535757279e-09
	 1.129296955948433e-07
	 5.405702108163268e-09
	 1.102735904812135e-07
	 5.928137092325869e-09
	 1.072492610276754e-07
	 6.444104805325424e-09
	 1.038503474326546e-07
	 6.94902002607023e-09
	 1.00070453923351e-07
	 7.438040849905292e-09
	 9.590321803365498e-08
	 7.90610332757069e-09
	 9.134240008812355e-08
	 8.347893043492149e-09
	 8.638199622268417e-08
	 8.757775393775091e-09
	 8.101637694046815e-08
	 9.129982991851193e-09
	 7.524045830820114e-08
	 9.458437144616028e-09
	 6.904991289857776e-08
	 9.736915718150385e-09
	 6.244142647382489e-08
	 9.959029600992153e-09
	 5.541300507339031e-08
	 1.011821515461975e-08
	 4.7964350269325e-08
	 1.020787587791006e-08
	 4.009730059095773e-08
	 1.022144680007386e-08
	 3.181635399585048e-08
	 1.015246020585892e-08
	 2.312928248926482e-08
	 9.994585603578798e-09
	 1.404783955827327e-08
	 9.741969897447689e-09
	 4.588567747987327e-09
	 9.389112154423174e-09
	 -5.226292953963707e-09
	 8.931309913862151e-09
	 -1.536780702693363e-08
	 8.364731574062034e-09
	 -2.579926783319308e-08
	 7.686591807498644e-09
	 -3.647507251791637e-08
	 6.895505499926458e-09
	 -4.733958980374098e-08
	 5.99163740844233e-09
	 -5.832606930766815e-08
	 4.976919765198318e-09
	 -6.935565988186454e-08
	 3.855335162228357e-09
	 -8.033661336170894e-08
	 2.632916107359051e-09
	 -9.116375587758796e-08
	 1.318003928219014e-09
	 -1.017183206553085e-07
	 -7.877165586478441e-11
	 -1.118682271261662e-07
	 -1.544586680779503e-09
	 -1.214689102635447e-07
	 -3.06433900476577e-09
	 -1.3036479917794e-07
	 -4.620952509526433e-09
	 -1.38391572201968e-07
	 -6.195479684834027e-09
	 -1.453793172512263e-07
	 -7.76737207885958e-09
	 -1.511567495615651e-07
	 -9.314777837943211e-09
	 -1.55556598047113e-07
	 -1.081505196509625e-08
	 -1.584222095729615e-07
	 -1.224518353382109e-08
	 -1.59615259009982e-07
	 -1.35826234703984e-08
	 -1.590242362237149e-07
	 -1.48060026461394e-08
	 -1.56573083831546e-07
	 -1.589625320264076e-08
	 -1.52229099104062e-07
	 -1.68374656439596e-08
	 -1.460089935623188e-07
	 -1.761795376253872e-08
	 -1.379820322444658e-07
	 -1.823078843443682e-08
	 -1.282694002124884e-07
	 -1.867421328682894e-08
	 -1.17039459457402e-07
	 -1.895151280351115e-08
	 -1.044992030685421e-07
	 -1.907035862558359e-08
	 -9.088284991243256e-08
	 -1.904192226120927e-08
	 -7.643898114473302e-08
	 -1.887971468050864e-08
	 -6.141774999690597e-08
	 -1.859854936725469e-08
	 -4.605953018987918e-08
	 -1.821342188179642e-08
	 -3.058595554605859e-08
	 -1.773858171461029e-08
	 -1.519379755343664e-08
	 -1.718718412035969e-08
	 -5.165090577463616e-11
	 -1.657082782102748e-08
	 1.47009320272673e-08
	 -1.589955456182679e-08
	 2.895242023903677e-08
	 -1.518162706659609e-08
	 4.261698949292736e-08
	 -1.442412589369724e-08
	 5.563147564835447e-08
	 -1.363284152233746e-08
	 6.79520206769979e-08
	 -1.281241779338416e-08
	 7.955073777488053e-08
	 -1.196694121574637e-08
	 9.041260851105903e-08
	 -1.10998197300205e-08
	 1.005327101566422e-07
	 -1.021401718759307e-08
	 1.099138353666262e-07
	 -9.312219440005265e-09
	 1.185645046586359e-07
	 -8.397026185491541e-09
	 1.264973479297993e-07
	 -7.47089323738237e-09
	 1.33727810602835e-07
	 -6.536196472950451e-09
	 1.402731466537688e-07
	 -5.595438334893288e-09
	 1.461516447864852e-07
	 -4.651091067842117e-09
	 1.513820468979077e-07
	 -3.705745488247203e-09
	 1.559831208641782e-07
	 -2.76199596527249e-09
	 1.599733563395489e-07
	 -1.822614503765863e-09
	 1.63370752259695e-07
	 -8.903842108054505e-10
	 1.661926822826842e-07
	 3.181543917207819e-11
	 1.684558121883839e-07
	 9.410126011744069e-10
	 1.701760625749671e-07
	 1.834247420617885e-09
	 1.713686037518869e-07
	 2.708423707531438e-09
	 1.720478683964188e-07
	 3.560499006738382e-09
	 1.722275904114667e-07
	 4.387322061205623e-09
	 1.719208466699484e-07
	 5.185805118657072e-09
	 1.711401147463931e-07
	 5.952863979530321e-09
	 1.698973328689846e-07
	 6.685377584858543e-09
	 1.682039636463628e-07
	 7.380331012996066e-09
	 1.6607106667621e-07
	 8.034724441330354e-09
	 1.635093684893008e-07
	 8.645694382636293e-09
	 1.60529338710802e-07
	 9.210414209093187e-09
	 1.571412637790814e-07
	 9.726188299197247e-09
	 1.533553284360778e-07
	 1.01904391591745e-08
	 1.491816907783772e-07
	 1.060082155390774e-08
	 1.446305648578061e-07
	 1.095503110448703e-08
	 1.397122944002405e-07
	 1.125110316024802e-08
	 1.344374433998041e-07
	 1.148722006405478e-08
	 1.288168809399082e-07
	 1.166183372092178e-08
	 1.228618846660368e-07
	 1.177367803251173e-08
	 1.165842473671574e-07
	 1.182181108561053e-08
	 1.099964008766108e-07
	 1.180555608826239e-08
	 1.031115492988732e-07
	 1.172473362842652e-08
	 9.594381888966552e-08
	 1.157945694885143e-08
	 8.850841837215739e-08
	 1.137031002684807e-08
	 8.08218199033206e-08
	 1.109833247525671e-08
	 7.290195447318126e-08
	 1.076512079478675e-08
	 6.476842551172979e-08
	 1.037277597149e-08
	 5.644274048144382e-08
	 9.923953658841356e-09
	 4.794855690271049e-08
	 9.421915692087168e-09
	 3.931194170192498e-08
	 8.870607359767746e-09
	 3.056163944137325e-08
	 8.274594787138767e-09
	 2.172933410982125e-08
	 7.63909513423755e-09
	 1.284990203131997e-08
	 6.970004129414065e-09
	 3.961629690962809e-09
	 6.273940922341126e-09
	 -4.893619731660692e-09
	 5.558123739035636e-09
	 -1.367031976506894e-08
	 4.83042095211772e-09
	 -2.231930440466101e-08
	 4.099242723043517e-09
	 -3.078793331390273e-08
	 3.373428203445883e-09
	 -3.902043355097362e-08
	 2.662319698032434e-09
	 -4.695844113555836e-08
	 1.975407393217665e-09
	 -5.454175711072651e-08
	 1.322319143071127e-09
	 -6.170931521332079e-08
	 7.126073064966931e-10
	 -6.840033783817034e-08
	 1.555520157126011e-10
	 -7.455562345271005e-08
	 -3.400364434469338e-10
	 -8.011889440773245e-08
	 -7.660969636447135e-10
	 -8.503811166349351e-08
	 -1.115499692616595e-09
	 -8.926665895359065e-08
	 -1.382219227963333e-09
	 -9.276430579241435e-08
	 -1.561526907778443e-09
	 -9.5497887597773e-08
	 -1.650211967074711e-09
	 -9.744165230252122e-08
	 -1.646504266261672e-09
	 -9.857729166284912e-08
	 -1.550180428466774e-09
	 -9.889366836546287e-08
	 -1.362518098346754e-09
	 -9.838630510294877e-08
	 -1.086111867110162e-09
	 -9.705669934412242e-08
	 -7.248706079820977e-10
	 -9.491154306928706e-08
	 -2.837039492220583e-10
	 -9.196190386973058e-08
	 2.315854175094501e-10
	 -8.822243358075355e-08
	 8.144993568492964e-10
	 -8.371063753287444e-08
	 1.458087206529513e-09
	 -7.844623683972429e-08
	 2.155065015330138e-09
	 -7.245063460281642e-08
	 2.897965201142938e-09
	 -6.574649513702013e-08
	 3.679335724982025e-09
	 -5.835742866722171e-08
	 4.491788496707727e-09
	 -5.030778260639579e-08
	 5.328117280711808e-09
	 -4.162252409400935e-08
	 6.18134121666003e-09
	 -3.232721113022308e-08
	 7.044835825809059e-09
	 -2.244803609663393e-08
	 7.912302812940197e-09
	 -1.201194232969272e-08
	 8.777823801153772e-09
	 -1.046801756388049e-09
	 9.635851450084942e-09
	 1.041835173687389e-08
	 1.048126962999163e-08
	 2.235303830921964e-08
	 1.130939475402215e-08
	 3.472499821022268e-08
	 1.211594669037197e-08
	 4.749981630247646e-08
	 1.289695727990647e-08
	 6.064050483978178e-08
	 1.364887802779435e-08
	 7.410705049615274e-08
	 1.436856988945578e-08
	 8.785592919835494e-08
	 1.505309987770431e-08
	 1.018395883178869e-07
	 1.56999055977991e-08
	 1.160059168725525e-07
	 1.630661516927034e-08
	 1.302977081785173e-07
	 1.687111828019283e-08
	 1.446521378234422e-07
	 1.73914327383784e-08
	 1.590002844942262e-07
	 1.786567938033556e-08
	 1.732667238574237e-07
	 1.829199369751677e-08
	 1.873692363485446e-07
	 1.866860555033156e-08
	 2.012186759436929e-07
	 1.899355006607095e-08
	 2.147190552026501e-07
	 1.926489545667209e-08
	 2.277678976536635e-07
	 1.948042349653178e-08
	 2.402569196924276e-07
	 1.963785289937903e-08
	 2.520730930655191e-07
	 1.973469787586168e-08
	 2.631001263520005e-07
	 1.976835828365608e-08
	 2.732203876476547e-07
	 1.973601726490415e-08
	 2.823172629007331e-07
	 1.963495832590922e-08
	 2.902779026037194e-07
	 1.946256489304687e-08
	 2.969962755727806e-07
	 1.921642800439827e-08
	 3.023763999188134e-07
	 1.889447331926419e-08
	 3.06335577571204e-07
	 1.849539676967993e-08
	 3.088074331802915e-07
	 1.801860416428269e-08
	 3.097445471222926e-07
	 1.746438238470205e-08
	 3.091204785476975e-07
	 1.683433525911937e-08
	 3.069310121617264e-07
	 -3.307361051696489e-10
	 -1.181619162515801e-07
	 -3.363997969074717e-11
	 -1.1949386369281e-07
	 2.956830336131588e-10
	 -1.2051910203148e-07
	 6.554861098351239e-10
	 -1.2123384318663e-07
	 1.043775732512131e-09
	 -1.216340668186433e-07
	 1.458437370871479e-09
	 -1.217154943500276e-07
	 1.897122015037667e-09
	 -1.214735800836308e-07
	 2.357373851680222e-09
	 -1.2090352319305e-07
	 2.836379575654746e-09
	 -1.200002570644898e-07
	 3.331273923379285e-09
	 -1.187584763862048e-07
	 3.838865891836463e-09
	 -1.171726347060087e-07
	 4.355810601097687e-09
	 -1.152369712986712e-07
	 4.878535797558925e-09
	 -1.129455255988177e-07
	 5.40316613673042e-09
	 -1.102921656226385e-07
	 5.925654633642807e-09
	 -1.072706248272937e-07
	 6.441660316269804e-09
	 -1.038745420789411e-07
	 6.946661690321321e-09
	 -1.000975191622899e-07
	 7.435789539655957e-09
	 -9.593319050260618e-08
	 7.90398835270878e-09
	 -9.137531264968857e-08
	 8.345926616470933e-09
	 -8.641787574426019e-08
	 8.75602335081993e-09
	 -8.105524318402502e-08
	 9.128436562200193e-09
	 -7.528232348619213e-08
	 9.457171934457165e-09
	 -6.909477656691365e-08
	 9.735965034174399e-09
	 -6.248927508778479e-08
	 9.958363245132773e-09
	 -5.546381265375544e-08
	 1.011790795590883e-08
	 -4.801806752219306e-08
	 1.020798134909739e-08
	 -4.015385712818897e-08
	 1.022199658251566e-08
	 -3.187565300599715e-08
	 1.015344386345873e-08
	 -2.319119940530356e-08
	 9.996048100369137e-09
	 -1.411221561831155e-08
	 9.743941320472516e-09
	 -4.655196672587181e-09
	 9.391609823161673e-09
	 5.157649640707973e-09
	 8.934370576696438e-09
	 1.529744508843578e-08
	 8.368326143148863e-09
	 2.572752699769865e-08
	 7.690745706945279e-09
	 3.640235091140198e-08
	 6.900202520476739e-09
	 4.72663366224424e-08
	 5.996895369175803e-09
	 5.825280458005011e-08
	 4.982720180901623e-09
	 6.928293738717173e-08
	 3.861643282920824e-09
	 8.02650526043891e-08
	 2.63971983160971e-09
	 9.109400989082417e-08
	 1.325275389429947e-09
	 1.016510897677847e-07
	 -7.109307587072067e-11
	 1.118042256553764e-07
	 -1.536512472810614e-09
	 1.214088720669082e-07
	 -3.05594327620895e-09
	 1.303094658844373e-07
	 -4.612266679693278e-09
	 1.383416567968254e-07
	 -6.186586187784116e-09
	 1.453355222835739e-07
	 -7.758303832705593e-09
	 1.511197074144377e-07
	 -9.305649473212441e-09
	 1.555268851483049e-07
	 -1.08059291514806e-08
	 1.584003042065518e-07
	 -1.22362098786688e-08
	 1.596015315463717e-07
	 -1.35738789652784e-08
	 1.590189133704456e-07
	 -1.479765243672659e-08
	 1.565762404176496e-07
	 -1.588838233201884e-08
	 1.522406312126634e-07
	 -1.683024425380708e-08
	 1.460286194188143e-07
	 -1.761151141588257e-08
	 1.380092875535865e-07
	 -1.822515244276346e-08
	 1.283036517030212e-07
	 -1.866957877183495e-08
	 1.170799324157201e-07
	 -1.894788748124654e-08
	 1.045450113146273e-07
	 -1.906772351123465e-08
	 9.093303865448377e-08
	 -1.904029822696884e-08
	 7.649256339448129e-08
	 -1.887901807107184e-08
	 6.147375519738318e-08
	 -1.859876386234305e-08
	 4.611702442147703e-08
	 -1.821437078941557e-08
	 3.064408327091428e-08
	 -1.774026947565233e-08
	 1.52517796170315e-08
	 -1.718952136187113e-08
	 1.088098500190426e-10
	 -1.657368531304826e-08
	 -1.464516907745406e-08
	 -1.590283182917318e-08
	 -2.88985406715625e-08
	 -1.518524606058946e-08
	 -4.256537478042333e-08
	 -1.442803565510076e-08
	 -5.558244398073953e-08
	 -1.363692947453643e-08
	 -6.790581230653459e-08
	 -1.281667638686201e-08
	 -7.950752789476212e-08
	 -1.197130861108064e-08
	 -9.037252701737941e-08
	 -1.110424030503765e-08
	 -1.004958440908865e-07
	 -1.021845097426421e-08
	 -1.098802329124737e-07
	 -9.316680982252024e-09
	 -1.185341920173499e-07
	 -8.401476403463448e-09
	 -1.264703293202274e-07
	 -7.475294494518891e-09
	 -1.337040735904793e-07
	 -6.540557984102691e-09
	 -1.402526617066968e-07
	 -5.599730235061884e-09
	 -1.461343772657386e-07
	 -4.655304752798628e-09
	 -1.513679517284316e-07
	 -3.709862250733664e-09
	 -1.559721600763453e-07
	 -2.766028850409441e-09
	 -1.599654730899402e-07
	 -1.826538920113308e-09
	 -1.633658959221407e-07
	 -8.941976603615842e-10
	 -1.661908015648805e-07
	 2.811612054287593e-11
	 -1.68456855798027e-07
	 9.374541698470296e-10
	 -1.701799801079318e-07
	 1.830806894975723e-09
	 -1.713753421395126e-07
	 2.705131896263424e-09
	 -1.720573821195615e-07
	 3.557340422233324e-09
	 -1.722398317305363e-07
	 4.384317631167534e-09
	 -1.71935768289444e-07
	 5.18294934748198e-09
	 -1.711576711471707e-07
	 5.95015164917001e-09
	 -1.699174827507477e-07
	 6.682836561910932e-09
	 -1.682266663749488e-07
	 7.377981309231174e-09
	 -1.660962833938129e-07
	 8.032568610261137e-09
	 -1.635370585617579e-07
	 8.643733728774805e-09
	 -1.605594639464414e-07
	 9.208656309711571e-09
	 -1.571737868744094e-07
	 9.72464292425812e-09
	 -1.533902111994223e-07
	 1.018911717498572e-08
	 -1.492188959062446e-07
	 1.059972636052731e-08
	 -1.446700530483014e-07
	 1.095417559091039e-08
	 -1.397540261294239e-07
	 1.125049350035601e-08
	 -1.344813762571562e-07
	 1.148686357838047e-08
	 -1.288629702944633e-07
	 1.16617385331752e-08
	 -1.229100816679818e-07
	 1.177387176642952e-08
	 -1.166344978376088e-07
	 1.182225989326824e-08
	 -1.100486473060158e-07
	 1.180627809405088e-08
	 -1.031657277383857e-07
	 1.172574065622101e-08
	 -9.599985295594138e-08
	 1.158075121909796e-08
	 -8.856622457642516e-08
	 1.137189339917022e-08
	 -8.088130387662318e-08
	 1.11002208535993e-08
	 -7.296300830184066e-08
	 1.076726563464803e-08
	 -6.483092929165934e-08
	 1.037520575009054e-08
	 -5.650654899547192e-08
	 9.926660160530787e-09
	 -4.801351027872158e-08
	 9.42490446798061e-09
	 -3.937785808538763e-08
	 8.873816348398122e-09
	 -3.062831455125092e-08
	 8.278045138254697e-09
	 -2.179652902611906e-08
	 7.642734778379179e-09
	 -1.291735785002857e-08
	 6.973854271841162e-09
	 -4.029049982534616e-09
	 6.277953268352121e-09
	 4.826558930304259e-09
	 5.562263205582951e-09
	 1.360397439142957e-08
	 4.834663336339418e-09
	 2.225406325884194e-08
	 4.103528294940872e-09
	 3.072420939886911e-08
	 3.377745971810953e-09
	 3.895866140801729e-08
	 2.6666192587399e-09
	 4.68990752899856e-08
	 1.979603481139236e-09
	 5.448524986739756e-08
	 1.326393328504594e-09
	 6.165612376207719e-08
	 7.165406046283351e-10
	 6.835090360368667e-08
	 1.592922460602608e-10
	 7.451035544114859e-08
	 -3.365925316245466e-10
	 8.007815743837909e-08
	 -7.629953335808182e-10
	 8.500222414831171e-08
	 -1.112731018437785e-09
	 8.923588334930344e-08
	 -1.379818925784093e-09
	 9.2738835277828e-08
	 -1.559574247522733e-09
	 9.547784363128642e-08
	 -1.648738923165638e-09
	 9.742709017324103e-08
	 -1.645460656618525e-09
	 9.856821314713216e-08
	 -1.549628203534326e-09
	 9.889000507357082e-08
	 -1.362403967419823e-09
	 9.838794823302521e-08
	 -1.08644493401755e-09
	 9.706349679561299e-08
	 -7.256408807165826e-10
	 9.492330832472362e-08
	 -2.848894453677531e-10
	 9.197842909536291e-08
	 2.300089008144823e-10
	 8.824349584379831e-08
	 8.125569106454122e-10
	 8.373600279831805e-08
	 1.455808140704562e-09
	 7.847566929619632e-08
	 2.152476863415131e-09
	 7.248389932712485e-08
	 2.895099271427171e-09
	 6.5783359426419e-08
	 3.676233539806617e-09
	 5.839766714643702e-08
	 4.48844739153742e-09
	 5.03511772276255e-08
	 5.32457278268339e-09
	 4.166886413692339e-08
	 6.177635070159226e-09
	 3.237629342400794e-08
	 7.040977356709277e-09
	 2.249966546408189e-08
	 7.908304455739312e-09
	 1.206593158720182e-08
	 8.773703763509388e-09
	 1.102967051025416e-09
	 9.631651920471995e-09
	 -1.036019381395192e-08
	 1.047702835599296e-08
	 -2.229306206302795e-08
	 1.130512816693852e-08
	 -3.466338505120348e-08
	 1.211164613046378e-08
	 -4.743674453244751e-08
	 1.289266471360406e-08
	 -6.05761603100774e-08
	 1.36446378640187e-08
	 -7.404162705171302e-08
	 1.43643823502515e-08
	 -8.778962468092288e-08
	 1.504902891191762e-08
	 -1.017726127816587e-07
	 1.569596386197247e-08
	 -1.159385041304972e-07
	 1.630285795251041e-08
	 -1.302301042560572e-07
	 1.686759443231267e-08
	 -1.445846034009435e-07
	 1.73881775644702e-08
	 -1.58933106675363e-07
	 1.786273018389295e-08
	 -1.732002132825983e-07
	 1.828942330917016e-08
	 -1.873037291932889e-07
	 1.866645371606523e-08
	 -2.011545283675531e-07
	 1.899186763409944e-08
	 -2.146566611127554e-07
	 1.926372905636242e-08
	 -2.277076633916408e-07
	 1.94798608355029e-08
	 -2.401992809097919e-07
	 1.963794704629152e-08
	 -2.520185045096213e-07
	 1.973549967893007e-08
	 -2.630490572030908e-07
	 1.976987706875377e-08
	 -2.731733141914106e-07
	 1.97382874489449e-08
	 -2.822746674180365e-07
	 1.963806450788752e-08
	 -2.902402418403227e-07
	 1.946644556660715e-08
	 -2.969639993910533e-07
	 1.922105874463398e-08
	 -3.02349916658784e-07
	 1.889984835301561e-08
	 -3.063152549387382e-07
	 1.850146880144621e-08
	 -3.087935751544535e-07
	 1.802525839700309e-08
	 -3.097373943994342e-07
	 1.74716883183379e-08
	 -3.091201861149528e-07
	 1.684205286345275e-08
	 -3.069375327235946e-07
	 3.217495929449111e-12
	 3.11713609127916e-12
	 3.007380978904857e-12
	 2.888399775298955e-12
	 2.760369788174237e-12
	 2.623438264891221e-12
	 2.477761577049332e-12
	 2.323464141083028e-12
	 2.160693326325571e-12
	 1.98955024479394e-12
	 1.810184218232341e-12
	 1.622709189512839e-12
	 1.427239389498701e-12
	 1.223915303686426e-12
	 1.012866846601332e-12
	 7.942565672541292e-13
	 5.682425016639847e-13
	 3.35016655259382e-13
	 9.478021530595279e-14
	 -1.522213480481885e-13
	 -4.056998199842773e-13
	 -6.653359910539433e-13
	 -9.306936325130868e-13
	 -1.201293161083236e-12
	 -1.476517286257487e-12
	 -1.755601781029507e-12
	 -2.037599323751089e-12
	 -2.321373372389871e-12
	 -2.605478617687292e-12
	 -2.888175904490996e-12
	 -3.167310069275044e-12
	 -3.44027950116392e-12
	 -3.703968474164446e-12
	 -3.954634281719618e-12
	 -4.18793800094526e-12
	 -4.398772822768529e-12
	 -4.581394291713892e-12
	 -4.729309879911853e-12
	 -4.835441969790535e-12
	 -4.892274329789184e-12
	 -4.892006667377852e-12
	 -4.826929058277668e-12
	 -4.689726742796579e-12
	 -4.474040495722198e-12
	 -4.174844660514293e-12
	 -3.789089457776826e-12
	 -3.316250025238096e-12
	 -2.759035160710896e-12
	 -2.123697729174492e-12
	 -1.420662144781953e-12
	 -6.645514488094056e-13
	 1.25864921783625e-13
	 9.283903534178586e-13
	 1.718513962319264e-12
	 2.470911814728399e-12
	 3.161490383721266e-12
	 3.769105616128294e-12
	 4.277272560118152e-12
	 4.675207090361995e-12
	 4.958271638793167e-12
	 5.127541288427444e-12
	 5.189067291767923e-12
	 5.152586900712946e-12
	 5.030207966740669e-12
	 4.835202130717454e-12
	 4.580957934220784e-12
	 4.280180268372014e-12
	 3.944472759488324e-12
	 3.584009499769947e-12
	 3.207490290079232e-12
	 2.822149848882849e-12
	 2.433903163105537e-12
	 2.0474960024967e-12
	 1.666649755488123e-12
	 1.29427821541836e-12
	 9.325918265716202e-13
	 5.832830285391541e-13
	 2.475953334501665e-13
	 -7.356933801310611e-14
	 -3.795379402470392e-13
	 -6.698571141132079e-13
	 -9.44197993987643e-13
	 -1.202338115137078e-12
	 -1.444135474181971e-12
	 -1.669488305195907e-12
	 -1.878328872648161e-12
	 -2.070610284794772e-12
	 -2.246280337301135e-12
	 -2.405294564325651e-12
	 -2.547601967708632e-12
	 -2.673128889464985e-12
	 -2.781804300799884e-12
	 -2.873528102747755e-12
	 -2.948181249910059e-12
	 -3.005628474513251e-12
	 -3.045711754090692e-12
	 -3.068227570342079e-12
	 -3.072998005690906e-12
	 -3.059760805184178e-12
	 -3.028259663428318e-12
	 -2.978207524345633e-12
	 -2.909299767783237e-12
	 -2.821207351934307e-12
	 -2.713592466506952e-12
	 -2.586111365202384e-12
	 -2.438403970926595e-12
	 -2.270126198567618e-12
	 -2.080953478652593e-12
	 -1.870593984614269e-12
	 -1.638835754927924e-12
	 -1.385520672259229e-12
	 -1.110663624059264e-12
	 -8.144640493176585e-13
	 -4.973436755744548e-13
	 -1.600886036148136e-13
	 1.961033264485761e-13
	 5.694955683248348e-13
	 9.577214374204349e-13
	 1.357610567340834e-12
	 1.765155319951922e-12
	 2.175332510355606e-12
	 2.582156913961096e-12
	 2.978636601590559e-12
	 3.356941972527039e-12
	 3.708634206076597e-12
	 4.024997030821226e-12
	 4.297610281967651e-12
	 4.518772495402078e-12
	 4.682166865322118e-12
	 4.783308318390741e-12
	 4.81995828882989e-12
	 4.792211427489222e-12
	 4.702407991534312e-12
	 4.554935760709734e-12
	 4.355553081831359e-12
	 4.111005847263864e-12
	 3.828340449556558e-12
	 3.514465587582845e-12
	 3.175711375726781e-12
	 2.817624795590709e-12
	 2.444862305770075e-12
	 2.061114150989259e-12
	 1.669229180876683e-12
	 1.271310313966101e-12
	 8.688265357810129e-13
	 4.628308234713371e-13
	 5.3976585028849e-14
	 -3.572936217721701e-13
	 -7.706178089313814e-13
	 -1.185751339781091e-12
	 -1.602355848375793e-12
	 -2.020100382002336e-12
	 -2.438463290337957e-12
	 -2.856798537965652e-12
	 -3.274300549118737e-12
	 -3.689887899892795e-12
	 -4.102292453216777e-12
	 -4.509953066382522e-12
	 -4.91094074043727e-12
	 -5.303127091648742e-12
	 -5.683933575542643e-12
	 -6.050434269268615e-12
	 -6.399291768146784e-12
	 -6.726775318949101e-12
	 -7.028726803056176e-12
	 -7.300540963320161e-12
	 -7.537262209766221e-12
	 -7.733580160811104e-12
	 -7.883928834209394e-12
	 -7.982634857490491e-12
	 -8.024021138015088e-12
	 -8.002670418970782e-12
	 -7.913596258054666e-12
	 -7.752646099959751e-12
	 -7.516637391181448e-12
	 -7.203836821094737e-12
	 -6.814076775431884e-12
	 -6.349152699766788e-12
	 -5.812842184861351e-12
	 -5.211096418981443e-12
	 -4.551800680013709e-12
	 -3.844755607567102e-12
	 -3.101203843692505e-12
	 3.263643106037484e-12
	 3.164541992708471e-12
	 3.055922288189414e-12
	 2.93797879819972e-12
	 2.810854733987915e-12
	 2.674705470195643e-12
	 2.529670525854813e-12
	 2.375874098018349e-12
	 2.213451750921326e-12
	 2.042514954099604e-12
	 1.86317223110845e-12
	 1.67555105871236e-12
	 1.479756546923826e-12
	 1.275918613656297e-12
	 1.064162863731455e-12
	 8.44647031624738e-13
	 6.175229598504028e-13
	 3.829597907236207e-13
	 1.411748322410755e-13
	 -1.076207401190868e-13
	 -3.63126277094436e-13
	 -6.250177106556162e-13
	 -8.929003234492069e-13
	 -1.166262385602322e-12
	 -1.444512573250088e-12
	 -1.726887364117587e-12
	 -2.012461256125329e-12
	 -2.300056954791796e-12
	 -2.588263587829931e-12
	 -2.87531215742258e-12
	 -3.159051904615129e-12
	 -3.436881991026111e-12
	 -3.705641479431754e-12
	 -3.961609252450815e-12
	 -4.200374613015298e-12
	 -4.416832351250566e-12
	 -4.605164936454659e-12
	 -4.758835849254933e-12
	 -4.870714346173061e-12
	 -4.933193447926448e-12
	 -4.938403960937088e-12
	 -4.8785356451201e-12
	 -4.746201505813688e-12
	 -4.534904244658799e-12
	 -4.239537106792701e-12
	 -3.856955987230348e-12
	 -3.386571079989908e-12
	 -2.830955820242939e-12
	 -2.196349412021334e-12
	 -1.493124675007278e-12
	 -7.358877233704791e-13
	 5.652734682247418e-14
	 8.619247351439319e-13
	 1.655730335280679e-12
	 2.412529187924631e-12
	 3.108058861005843e-12
	 3.721093972639282e-12
	 4.234980992802386e-12
	 4.638896776746563e-12
	 4.928016519772167e-12
	 5.103380317352055e-12
	 5.170956101052367e-12
	 5.140381420217291e-12
	 5.023756591119883e-12
	 4.834276520217749e-12
	 4.585304053496882e-12
	 4.289556516522304e-12
	 3.95859362542321e-12
	 3.60259395828632e-12
	 3.23022769014962e-12
	 2.848752822721436e-12
	 2.464057034584285e-12
	 2.080899580252094e-12
	 1.703006699961367e-12
	 1.333291902447589e-12
	 9.739795910979412e-13
	 6.267550768743885e-13
	 2.928698136870495e-13
	 -2.675225492521083e-14
	 -3.31446187770007e-13
	 -6.207374837665508e-13
	 -8.942947294157677e-13
	 -1.151888643063231e-12
	 -1.393362516837436e-12
	 -1.618607700128172e-12
	 -1.827547241686246e-12
	 -2.020117336213809e-12
	 -2.196266755158209e-12
	 -2.355937602123437e-12
	 -2.499066085364168e-12
	 -2.625576554673818e-12
	 -2.735377530494083e-12
	 -2.82836628466912e-12
	 -2.904409568751931e-12
	 -2.963366707510635e-12
	 -3.005059661395984e-12
	 -3.029301554611022e-12
	 -3.035865287458195e-12
	 -3.024505681168722e-12
	 -2.994949896265899e-12
	 -2.946901132405005e-12
	 -2.880041609929287e-12
	 -2.794038546534428e-12
	 -2.68853594443709e-12
	 -2.563177263752853e-12
	 -2.417596044147416e-12
	 -2.251443362256619e-12
	 -2.064378385575015e-12
	 -1.856096324543127e-12
	 -1.626367545140821e-12
	 -1.375036667644255e-12
	 -1.102091562541624e-12
	 -8.077190446435095e-13
	 -4.923415462213671e-13
	 -1.567110970070867e-13
	 1.979821200644855e-13
	 5.700221111099024e-13
	 9.570533655942765e-13
	 1.355934915942599e-12
	 1.762653692845501e-12
	 2.172229220500158e-12
	 2.578695515516208e-12
	 2.975037134657685e-12
	 3.353462750814874e-12
	 3.705531731066844e-12
	 4.022521753215729e-12
	 4.296001817222792e-12
	 4.518232508510071e-12
	 4.682886694249485e-12
	 4.785427831993996e-12
	 4.823569495215896e-12
	 4.797369776822838e-12
	 4.70916765326658e-12
	 4.563265821526212e-12
	 4.36540629762238e-12
	 4.122307123476457e-12
	 3.841010720747294e-12
	 3.528396270904149e-12
	 3.190792560183418e-12
	 2.833748481093773e-12
	 2.461889633126324e-12
	 2.078910340316126e-12
	 1.687655616926416e-12
	 1.290208527038664e-12
	 8.880487897778774e-13
	 4.821812301649894e-13
	 7.327341858265335e-14
	 -3.382357192721272e-13
	 -7.520302875438714e-13
	 -1.167841810669618e-12
	 -1.585378556949804e-12
	 -2.004275583933172e-12
	 -2.424053660706957e-12
	 -2.844068893153445e-12
	 -3.263501068776625e-12
	 -3.681302726305132e-12
	 -4.09617759362154e-12
	 -4.506555190326479e-12
	 -4.910574605363621e-12
	 -5.306016639516214e-12
	 -5.690328958897484e-12
	 -6.060564647792505e-12
	 -6.413387561906431e-12
	 -6.745021370862386e-12
	 -7.051278831660124e-12
	 -7.327549252588404e-12
	 -7.568829325224277e-12
	 -7.769769189472885e-12
	 -7.924785312566143e-12
	 -8.028128211040944e-12
	 -8.074098057893678e-12
	 -8.057217490854002e-12
	 -7.97249550041736e-12
	 -7.815668508974298e-12
	 -7.583561694736972e-12
	 -7.274369346092161e-12
	 -6.887918681871153e-12
	 -6.42594061051353e-12
	 -5.892218873934456e-12
	 -5.29265633632313e-12
	 -4.635177636763736e-12
	 -3.929508609574008e-12
	 -3.186931479077972e-12

