631152000       , -26343650040.6947, 145805089818.955, -38442285.3256539, -29672.236124663, -4471.3216207918, -24.6644702745991
631155600       , -26450485669.1994, 145788995259.09 , -38529679.3455607, -29680.8923272064, -4470.113020383 , -23.8874615138165
631159200       , -26557352475.9503, 145772904915.223, -38614272.9081202, -29689.5572794345, -4468.97940717861, -23.1086690665065
631162800       , -26664250491.441, 145756818517.323, -38696059.6831073, -29698.2304229946, -4467.92082368429, -22.3281435165541
631166400       , -26771179744.1557, 145740735795.209, -38775033.5224264, -29706.9111997368, -4466.93730981222, -21.5459354632095
631170000       , -26878140260.5694, 145724656478.563, -38851188.460169, -29715.5990516968, -4466.0289028902, -20.762095522625
631173600       , -26985132065.1488, 145708580296.938, -38924518.7126777, -29724.2934210767, -4465.19563767006, -19.9766743294126
631177200       , -27092155180.3529, 145692506979.763, -38995018.678615, -29732.9937502274, -4464.43754633532, -19.1897225382226
631180800       , -27199209626.6332, 145676436256.359, -39062682.9390388, -29741.6994816298, -4463.7546585082, -18.4012908253419
631184400       , -27306295422.4345, 145660367855.945, -39127506.2574831, -29750.4100578763, -4463.14700125581, -17.6114298903098
631188000       , -27413412584.195, 145644301507.644, -39189483.5800442, -29759.1249216523, -4462.61459909577, -16.8201904575525
631191600       , -27520561126.3467, 145628236940.498, -39248610.0354739, -29767.8435157174, -4462.15747400094, -16.0276232780338
631195200       , -27627741061.3159, 145612173883.475, -39304880.9352777, -29776.5652828865, -4461.77564540357, -15.2337791309214
631198800       , -27734952399.5227, 145596112065.475, -39358291.7738193, -29785.2896660112, -4461.46913019868, -14.4387088252684
631202400       , -27842195149.3818, 145580051215.344, -39408838.2284314, -29794.0161079608, -4461.23794274671, -13.6424632017086
631206000       , -27949469317.302, 145563991061.879, -39456516.1595323, -29802.7440516034, -4461.08209487547, -12.8450931341639
631209600       , -28056774907.6868, 145547931333.841, -39501321.610749, -29811.4729397866, -4461.00159588137, -12.0466495315653
631213200       , -28164111922.9333, 145531871759.962, -39543250.8090462, -29820.2022153194, -4460.99645252993, -11.2471833395836
631216800       , -28271480363.4332, 145515812068.951, -39582300.1648618, -29828.931320952, -4461.06666905554, -10.4467455423707
631220400       , -28378880227.5715, 145499751989.51 , -39618466.2722485, -29837.659699358, -4461.21224716059, -9.64538716431065
631224000       , -28486311511.727, 145483691250.338, -39651745.9090219, -29846.3867931147, -4461.43318601377, -8.84315927177794
631227600       , -28593774210.2713, 145467629580.141, -39682136.0369148, -29855.1120446843, -4461.72948224772, -8.04011297490415
631231200       , -28701268315.5689, 145451566707.644, -39709633.8017377, -29863.8348963952, -4462.10112995594, -7.23629942935048
631234800       , -28808793817.9761, 145435502361.594, -39734236.5335464, -29872.5547904228, -4462.54812068898, -6.43176983808592
631238400       , -28916350705.8411, 145419436270.776, -39755941.7468149, -29881.271168771, -4463.07044344993, -5.62657545316995
631242000       , -29023938965.5026, 145403368164.018, -39774747.1406158, -29889.9834732533, -4463.66808468915, -4.82076757753892
631245600       , -29131558581.2898, 145387297770.203, -39790650.5988067, -29898.6911454741, -4464.34102829834, -4.01439756679509
631249200       , -29239209535.521, 145371224818.274, -39803650.1902227, -29907.3936268101, -4465.08925560381, -3.20751683099734
631252800       , -29346891808.5031, 145355149037.247, -39813744.1688756, -29916.0903583919, -4465.9127453591, -2.40017683645277
631256400       , -29454605378.5307, 145339070156.22 , -39820930.9741602, -29924.7807810855, -4466.81147373687, -1.59242910750803
631260000       , -29562350221.8849, 145322987904.381, -39825209.231066, -29933.464335474, -4467.78541432003, -0.784325228339629
631263600       , -29670126312.8325, 145306902011.017, -39826577.7503957, -29942.1404618397, -4468.83453809221, 0.0240831552579319
631267200       , -29777933623.6245, 145290812205.525, -39825035.5289908, -29950.8086001456, -4469.95881342745, 0.832744334086901
631270800       , -29885772124.4954, 145274718217.419, -39820581.7499625, -29959.4681900181, -4471.15820607921, 1.64160653376528
631274400       , -29993641783.6616, 145258619776.344, -39813215.7829297, -29968.1186707287, -4472.43267916867, 2.45061791295053
631278000       , -30101542567.3203, 145242516612.08 , -39802937.1842636, -29976.7594811769, -4473.78219317226, 3.2597265615694 
631281600       , -30209474439.6479, 145226408454.554, -39789745.6973376, -29985.3900598728, -4475.20670590856, 4.06888049905473
631285200       , -30317437362.7989, 145210295033.852, -39773641.2527852, -29994.0098449194, -4476.70617252437, 4.87802767258998
631288800       , -30425431296.9041, 145194176080.224, -39754623.9687622, -30002.6182739965, -4478.28054548015, 5.68711595536304
631292400       , -30533456200.0692, 145178051324.097, -39732694.151217, -30011.214784343, -4479.92977453472, 6.49609314482961
631296000       , -30641512028.373, 145161920496.083, -39707852.2941661, -30019.798812741, -4481.65380672925, 7.30490696098775
631299600       , -30749598735.8661, 145145783326.991, -39680099.0799759, -30028.3697954994, -4483.45258637047, 8.11350504466437
631303200       , -30857716274.5688, 145129639547.834, -39649435.3796507, -30036.9271684375, -4485.32605501328, 8.92183495581454
631306800       , -30965864594.4694, 145113488889.841, -39615862.2531275, -30045.4703668694, -4487.27415144254, 9.72984417183502
631310400       , -31074043643.5225, 145097331084.467, -39579380.9495755, -30053.9988255885, -4489.29681165423, 10.5374800858928
631314000       , -31182253367.647, 145081165863.4  , -39539992.9077025, -30062.5119788523, -4491.39396883581, 11.3446900052698
631317600       , -31290493710.7241, 145064992958.578, -39497699.7560675, -30071.009260367, -4493.56555334593, 12.1514211497244
631321200       , -31398764614.5953, 145048812102.19 , -39452503.313398, -30079.4901032734, -4495.81149269343, 12.957620649872 
631324800       , -31507066019.0603, 145032623026.695, -39404405.5889142, -30087.9539401321, -4498.13171151559, 13.7632355455838
631328400       , -31615397861.8752, 145016425464.825, -39353408.7826588, -30096.4002029095, -4500.52613155571, 14.5682127844072
631332000       , -31723760078.7499, 145000219149.603, -39299515.2858313, -30104.8283229644, -4502.99467163994, 15.3724992200064
631335600       , -31832152603.3461, 144984003814.346, -39242727.6811299, -30113.2377310343, -4505.53724765344, 16.1760416106271
631339200       , -31940575367.275, 144967779192.681, -39183048.7430966, -30121.6278572225, -4508.15377251579, 16.9787866175833
631342800       , -32049028300.0951, 144951545018.553, -39120481.4384699, -30129.9981309857, -4510.84415615578, 17.7806808037705
631346400       , -32157511329.3097, 144935301026.237, -39055028.9265407, -30138.3479811214, -4513.60830548539, 18.5816706322039
631350000       , -32266024380.3645, 144919046950.349, -38986694.5595154, -30146.6768357561, -4516.44612437314, 19.381702464584 
631353600       , -32374567376.6454, 144902782525.857, -38915481.8828825, -30154.9841223343, -4519.35751361668, 20.1807225598908
631357200       , -32483140239.4757, 144886507488.089, -38841394.6357854, -30163.269267607, -4522.34237091479, 20.9786770730071
631360800       , -32591742888.1138, 144870221572.751, -38764436.751399, -30171.5316976212, -4525.40059083852, 21.7755120533728
631364400       , -32700375239.7505, 144853924515.93 , -38684612.3573123, -30179.7708377099, -4528.53206480181, 22.5711734436708
631368000       , -32809037209.5068, 144837616054.113, -38601925.7759145, -30187.9861124826, -4531.73668103125, 23.3656070785463
631371600       , -32917728710.4306, 144821295924.193, -38516381.5247864, -30196.1769458156, -4535.0143245353, 24.1587586833604
631375200       , -33026449653.4946, 144804963863.485, -38427984.3170963, -30204.3427608437, -4538.36487707272, 24.9505738729787
631378800       , -33135199947.5934, 144788619609.733, -38336739.0619995, -30212.4829799518, -4541.7882171203, 25.7409981505977
631382400       , -33243979499.541, 144772262901.126, -38242650.8650423, -30220.5970247675, -4545.28421984005, 26.5299769066085
631386000       , -33352788214.0675, 144755893476.308, -38145725.0285706, -30228.6843161535, -4548.85275704551, 27.3174554175003
631389600       , -33461625993.8172, 144739511074.391, -38045967.0521415, -30236.7442742012, -4552.49369716752, 28.1033788448042
631393200       , -33570492739.3448, 144723115434.967, -37943382.6329388, -30244.7763182245, -4556.20690521929, 28.8876922340793
631396800       , -33679388349.1137, 144706706298.118, -37837977.6661928, -30252.7798667547, -4559.99224276073, 29.6703405139421
631400400       , -33788312719.4921, 144690283404.433, -37729758.2456024, -30260.754337535, -4563.84956786221, 30.4512684951401
631404000       , -33897265744.7508, 144673846495.018, -37618730.6637617, -30268.6991475166, -4567.77873506757, 31.2304208696721
631407600       , -34006247317.0605, 144657395311.509, -37504901.4125881, -30276.6137128548, -4571.77959535652, 32.0077422099554
631411200       , -34115257326.4881, 144640929596.083, -37388277.1837551, -30284.4974489058, -4575.85199610635, 32.7831769680416
631414800       , -34224295660.9948, 144624449091.475, -37268864.8691264, -30292.3497702248, -4579.995781053 , 33.556669474883 
631418400       , -34333362206.4324, 144607953540.99 , -37146671.5611934, -30300.1700905635, -4584.21079025147, 34.3281639396504
631422000       , -34442456846.541, 144591442688.512, -37021704.5535146, -30307.9578228694, -4588.49686003561, 35.0976044491037
631425600       , -34551579462.9459, 144574916278.525, -36893971.3411573, -30315.7123792853, -4592.85382297722, 35.864934967017 
631429200       , -34660729935.1543, 144558374056.12 , -36763479.6211415, -30323.4331711495, -4597.28150784455, 36.6300993336601
631432800       , -34769908140.5532, 144541815767.012, -36630237.2928851, -30331.119608997, -4601.77973956017, 37.3930412653365
631436400       , -34879113954.4058, 144525241157.553, -36494252.4586511, -30338.7711025609, -4606.34833915819, 38.1537043539814
631440000       , -34988347249.849, 144508649974.748, -36355533.4239961, -30346.3870607749, -4610.98712374087, 38.9120320668184
631443600       , -35097607897.8905, 144492041966.264, -36214088.6982194, -30353.9668917771, -4615.69590643459, 39.6679677460802
631447200       , -35206895767.4058, 144475416880.452, -36069926.9948136, -30361.5100029132, -4620.47449634528, 40.4214546087913
631450800       , -35316210725.1354, 144458774466.355, -35923057.2319156, -30369.0158007418, -4625.32269851317, 41.1724357466158
631454400       , -35425552635.6819, 144442114473.727, -35773488.5327583, -30376.4836910399, -4630.24031386696, 41.9208541257729
631458000       , -35534921361.5076, 144425436653.043, -35621230.2261218, -30383.9130788094, -4635.22713917744, 42.6666525870191
631461600       , -35644316762.9312, 144408740755.521, -35466291.8467854, -30391.3033682843, -4640.28296701047, 43.4097738457012
631465200       , -35753738698.1253, 144392026533.131, -35308683.1359787, -30398.6539629389, -4645.40758567944, 44.1501604918805
631468800       , -35863187023.1137, 144375293738.614, -35148414.0418322, -30405.9642654969, -4650.6007791971, 44.8877549905298
631472400       , -35972661591.7686, 144358542125.495, -34985494.7198273, -30413.2336779414, -4655.86232722687, 45.6224996818055
631476000       , -36082162255.808, 144341771448.102, -34819935.5332451, -30420.4616015253, -4661.19200503361, 46.3543367813955
631479600       , -36191688864.7934, 144324981461.578, -34651747.0536136, -30427.6474367837, -4666.58958343378, 47.0832083809461
631483200       , -36301241266.1265, 144308171921.9  , -34480940.0611532, -30434.7905835463, -4672.05482874515, 47.8090564485678
631486800       , -36410819305.0475, 144291342585.896, -34307525.5452209, -30441.8904409509, -4677.58750273592, 48.5318228294227
631490400       , -36520422824.632, 144274493211.257, -34131514.7047513, -30448.9464074586, -4683.18736257335, 49.2514492463957
631494000       , -36630051665.7892, 144257623556.559, -33952918.9486955, -30455.957880869, -4688.85416077188, 49.9678773008503
631497600       , -36739705667.2589, 144240733381.276, -33771749.8964574, -30462.924258337, -4694.58764514072, 50.681048473471 
631501200       , -36849384665.6097, 144223822445.798, -33588019.378326, -30469.8449363906, -4700.38755873104, 51.3909041251943
631504800       , -36959088495.2365, 144206890511.451, -33401739.4359051, -30476.7193109499, -4706.25363978261, 52.0973854982304
631508400       , -37068816988.3586, 144189937340.51 , -33212922.3225387, -30483.5467773464, -4712.18562166995, 52.8004337171765
631512000       , -37178569975.0171, 144172962696.22 , -33021580.503732, -30490.3267303443, -4718.18323284815, 53.4999897902242
631515600       , -37288347283.0738, 144155966342.81 , -32827726.6575683, -30497.0585641627, -4724.24619679811, 54.1959946104627
631519200       , -37398148738.2083, 144138948045.517, -32631373.6751209, -30503.7416724985, -4730.37423197147, 54.8883889572798
631522800       , -37507974163.9168, 144121907570.598, -32432534.6608599, -30510.3754485507, -4736.56705173503, 55.5771134978624
631526400       , -37617823381.5101, 144104844685.353, -32231222.9330529, -30516.959285046, -4742.82436431484, 56.2621087887973
631530000       , -37727696210.1121, 144087759158.139, -32027452.0241603, -30523.4925742656, -4749.14587273986, 56.9433152777769
631533600       , -37837592466.6581, 144070650758.396, -31821235.6812243, -30529.974708073, -4755.5312747853, 57.6206733054091
631537200       , -37947511965.8933, 144053519256.657, -31612587.8662507, -30536.4050779426, -4761.98026291551, 58.2941231071339
631540800       , -38057454520.3716, 144036364424.575, -31401522.7565839, -30542.7830749909, -4768.49252422664, 58.9636048152502
631544400       , -38167419940.4545, 144019186034.936, -31188054.7452747, -30549.1080900075, -4775.06774038889, 59.6290584610517
631548000       , -38277408034.3095, 144001983861.686, -30972198.4414395, -30555.379513488, -4781.7055875885, 60.2904239770774
631551600       , -38387418607.9097, 143984757679.943, -30753968.670612, -30561.5967356682, -4788.40573646939, 60.9476411994751
631555200       , -38497451465.0325, 143967507266.023, -30533380.4750853, -30567.75914656 , -4795.16785207462, 61.6006498704837
631558800       , -38607506407.2589, 143950232397.457, -30310449.1142458, -30573.8661359873, -4801.99159378747, 62.2493896410317
631562400       , -38717583233.9732, 143932932853.012, -30085190.0648968, -30579.9170936251, -4808.87661527241, 62.8938000734583
631566000       , -38827681742.3621, 143915608412.713, -29857619.0215724, -30585.9114090383, -4815.82256441573, 63.5338206443563
631569600       , -38937801727.4147, 143898258857.864, -29627751.8968408, -30591.8484717231, -4822.82908326605, 64.1693907475393
631573200       , -39047942981.9222, 143880883971.066, -29395604.821597, -30597.7276711491, -4829.89580797464, 64.8004496971358
631576800       , -39158105296.4781, 143863483536.243, -29161194.1453436, -30603.5483968029, -4837.02236873552, 65.4269367308117
631580400       , -39268288459.4778, 143846057338.658, -28924536.4364603, -30609.3100382337, -4844.20838972552, 66.0487910131234
631584000       , -39378492257.1196, 143828605164.942, -28685648.4824608, -30615.0119850996, -4851.45348904411, 66.6659516390032
631587600       , -39488716473.4045, 143811126803.108, -28444547.290237, -30620.6536272157, -4858.75727865326, 67.2783576373792
631591200       , -39598960890.1375, 143793622042.58 , -28201250.0862897, -30626.2343546041, -4866.1193643171, 67.8859479749314
631594800       , -39709225286.928, 143776090674.21 , -27955774.316946, -30631.7535575446, -4873.53934554164, 68.4886615599866
631598400       , -39819509441.1908, 143758532490.305, -27708137.648562, -30637.2106266279, -4881.01681551441, 69.0864372465534
631602000       , -39929813128.1479, 143740947284.647, -27458357.9677109, -30642.6049528093, -4888.5513610441, 69.6792138384995
631605600       , -40040136120.8289, 143723334852.518, -27206453.3813557, -30647.9359274648, -4896.14256250027, 70.2669300938735
631609200       , -40150478190.0736, 143705694990.721, -26952442.2170064, -30653.2029424485, -4903.78999375306, 70.8495247293726
631612800       , -40260839104.5334, 143688027497.606, -26696343.0228602, -30658.4053901515, -4911.49322211302, 71.4269364249591
631616400       , -40371218630.6732, 143670332173.092, -26438174.5679256, -30663.5426635627, -4919.25180827102, 71.9991038286261
631620000       , -40481616532.7739, 143652608818.692, -26177955.8421284, -30668.6141563308, -4927.06530623834, 72.5659655613161
631623600       , -40592032572.9349, 143634857237.536, -25915706.0564002, -30673.6192628286, -4934.93326328686, 73.1274602219932
631627200       , -40702466511.0765, 143617077234.396, -25651444.6427481, -30678.5573782181, -4942.85521988949, 73.6835263928708
631630800       , -40812918104.9435, 143599268615.712, -25385191.2543052, -30683.4278985184, -4950.83070966085, 74.234102644798 
631634400       , -40923387110.1077, 143581431189.614, -25116965.7653617, -30688.2302206741, -4958.85925929812, 74.7791275428043
631638000       , -41033873279.9717, 143563564765.949, -24846788.2713758, -30692.9637426265, -4966.94038852226, 75.3185396518067
631641600       , -41144376365.7727, 143545669156.306, -24574679.0889633, -30697.6278633857, -4975.07361001952, 75.8522775424796
631645200       , -41254896116.5864, 143527744174.039, -24300658.7558661, -30702.2219831049, -4983.25842938329, 76.3802797972899
631648800       , -41365432279.3311, 143509789634.298, -24024748.030899, -30706.7455031567, -4991.49434505637, 76.9024850166987
631652400       , -41475984598.7723, 143491805354.049, -23746967.893873, -30711.1978262102, -4999.78084827363, 77.4188318255317
631656000       , -41586552817.5278, 143473791152.104, -23467339.545496, -30715.5783563112, -5008.11742300515, 77.92925887952  
631659600       , -41697136676.0723, 143455746849.145, -23185884.4072499, -30719.8864989632, -5016.50354589986, 78.4337048720126
631663200       , -41807735912.7434, 143437672267.752, -22902624.1212422, -30724.1216612105, -5024.93868622965, 78.9321085408622
631666800       , -41918350263.7465, 143419567232.429, -22617580.5500336, -30728.2832517235, -5033.42230583414, 79.4244086754872
631670400       , -42028979463.1617, 143401431569.63 , -22330775.7764394, -30732.3706808852, -5041.95385906602, 79.9105441241092
631674000       , -42139623242.9494, 143383265107.787, -22042232.1033041, -30736.3833608802, -5050.53279273697, 80.3904538011699
631677600       , -42250281332.9574, 143365067677.338, -21751972.0532498, -30740.3207057853, -5059.15854606438, 80.8640766949269
631681200       , -42360953460.9277, 143346839110.753, -21460018.3683963, -30744.1821316613, -5067.83055061871, 81.3313518752318
631684800       , -42471639352.5038, 143328579242.563, -21166394.0100532, -30747.9670566483, -5076.54823027166, 81.7922185014901
631688400       , -42582338731.2384, 143310287909.385, -20871122.1583828, -30751.6749010611, -5085.31100114515, 82.2466158308052
631692000       , -42693051318.6013, 143291964949.955, -20574226.2120336, -30755.3050874879, -5094.11827156109, 82.6944832263082
631695600       , -42803776833.9881, 143273610205.149, -20275729.787743, -30758.8570408898, -5102.96944199216, 83.1357601656742
631699200       , -42914514994.7285, 143255223518.021, -19975656.7199099, -30762.3301887031, -5111.86390501343, 83.5703862498258
631702800       , -43025265516.0956, 143236804733.82 , -19674031.0601346, -30765.7239609432, -5120.80104525501, 83.9983012118263
631706400       , -43136028111.3153, 143218353700.03 , -19370877.0767266, -30769.0377903101, -5129.78023935573, 84.4194449259622
631710000       , -43246802491.5764, 143199870266.389, -19066219.2541805, -30772.2711122964, -5138.8008559179, 84.833757417017 
631713600       , -43357588366.0405, 143181354284.927, -18760082.292616, -30775.4233652967, -5147.86225546318, 85.2411788697372
631717200       , -43468385441.8529, 143162805609.987, -18452491.1071858, -30778.4939907195, -5156.96379038961, 85.6416496384906
631720800       , -43579193424.1534, 143144224098.26 , -18143470.8274464, -30781.4824331004, -5166.10480492995, 86.0351102571188
631724400       , -43690012016.0883, 143125609608.813, -17833046.7966948, -30784.3881402179, -5175.28463511117, 86.4215014489829
631728000       , -43800840918.8214, 143106962003.115, -17521244.571267, -30787.2105632106, -5184.50260871533, 86.8007641372056
631731600       , -43911679831.5474, 143088281145.074, -17208089.919801, -30789.9491566966, -5193.75804524186, 87.1728394551081
631735200       , -44022528451.5035, 143069566901.06 , -16893608.8224601, -30792.6033788947, -5203.05025587118, 87.537668756843 
631738800       , -44133386473.9836, 143050819139.939, -16577827.4701194, -30795.1726917478, -5212.37854342987, 87.8951936282235
631742400       , -44244253592.3512, 143032037733.101, -16260772.2635112, -30797.656561048, -5221.74220235734, 88.2453558977495
631746000       , -44355129498.0539, 143013222554.493, -15942469.8123318, -30800.0544565635, -5231.14051867409, 88.5880976478311
631749600       , -44466013880.6379, 142994373480.644, -15622946.9343065, -30802.3658521678, -5240.5727699516, 88.9233612262079
631753200       , -44576906427.7627, 142975490390.704, -15302230.654214, -30804.5902259706, -5250.03822528392, 89.2510892575665
631756800       , -44687806825.217, 142956573166.464, -14980348.2028677, -30806.7270604503, -5259.53614526099, 89.5712246553542
631760400       , -44798714756.9345, 142937621692.397, -14657327.0160548, -30808.7758425892, -5269.06578194381, 89.8837106337899
631764000       , -44909629905.0101, 142918635855.682, -14333194.733432, -30810.7360640094, -5278.62637884139, 90.1884907200707
631767600       , -45020551949.7175, 142899615546.235, -14007979.1973757, -30812.6072211119, -5288.2171708897, 90.4855087667752
631771200       , -45131480569.5258, 142880560656.745, -13681708.4517887, -30814.3888152165, -5297.83738443252, 90.7747089644621
631774800       , -45242415441.1184, 142861471082.7  , -13354410.7408604, -30816.0803527039, -5307.4862372044, 91.0560358544633
631778400       , -45353356239.4106, 142842346722.419, -13026114.5077801, -30817.6813451599, -5317.16293831562, 91.3294343418706
631782000       , -45464302637.5691, 142823187477.085, -12696848.3934049, -30819.191309521, -5326.86668823937, 91.5948497087167
631785600       , -45575254307.0316, 142803993250.774, -12366641.2348775, -30820.6097682216, -5336.59667880112, 91.8522276273469
631789200       , -45686210917.5265, 142784763950.488, -12035522.0641975, -30821.9362493439, -5346.35209317021, 92.1015141739827
631792800       , -45797172137.0937, 142765499486.185, -11703520.1067425, -30823.1702867686, -5356.13210585387, 92.3426558424735
631796400       , -45908137632.1058, 142746199770.809, -11370664.7797398, -30824.3114203273, -5365.93588269349, 92.5755995582385
631800000       , -46019107067.2897, 142726864720.324, -11036985.690687, -30825.3591959575, -5375.76258086347, 92.8002926923928
631803600       , -46130080105.749, 142707494253.743, -10702512.6357219, -30826.3131658584, -5385.61134887248, 93.0166830760597
631807200       , -46241056408.9866, 142688088293.16 , -10367275.5979408, -30827.1728886485, -5395.48132656735, 93.2247190148652
631810800       , -46352035636.9282, 142668646763.782, -10031304.7456635, -30827.9379295251, -5405.37164513955, 93.4243493036135
631814400       , -46463017447.9464, 142649169593.958, -9694630.43064576, -30828.607860425, -5415.28142713438, 93.615523241141 
631818000       , -46574001498.8851, 142629656715.213, -9357283.18623772, -30829.1822601868, -5425.20978646295, 93.7981906453462
631821600       , -46684987445.0846, 142610108062.276, -9019293.72548804, -30829.6607147153, -5435.15582841685, 93.9723018683939
631825200       , -46795974940.4077, 142590523573.113, -8680692.93919283, -30830.0428171462, -5445.11864968586, 94.1378078120899
631828800       , -46906963637.2654, 142570903188.957, -8341511.8938891, -30830.3281680131, -5455.09733837847, 94.2946599434235
631832400       , -47017953186.6443, 142551246854.34 , -8001781.82979179, -30830.516375416, -5465.09097404545, 94.4428103102762
631836000       , -47128943238.1343, 142531554517.122, -7661534.15867411, -30830.60705519 , -5475.09862770646, 94.5822115572908
631839600       , -47239933439.9562, 142511826128.524, -7320800.46169035, -30830.5998310767, -5485.11936187982, 94.7128169419   
631843200       , -47350923438.9907, 142492061643.155, -6979612.48714076, -30830.494334896, -5495.15223061538, 94.8345803505097
631846800       , -47461912880.8081, 142472261019.047, -6638002.14817792, -30830.290206719, -5505.19627953068, 94.9474563148328
631850400       , -47572901409.698, 142452424217.681, -6296001.52045398, -30829.9870950427, -5515.25054585043, 95.0514000283715
631854000       , -47683888668.6999, 142432551204.021, -5953642.83970834, -30829.5846569652, -5525.31405844932, 95.1463673630411
631857600       , -47794874299.6346, 142412641946.54 , -5610958.49929524, -30829.082558362, -5535.3858378982, 95.2323148859337
631861200       , -47905857943.1363, 142392696417.253, -5267981.04765076, -30828.4804740636, -5545.46489651383, 95.3091998762156
631864800       , -48016839238.6848, 142372714591.745, -4924743.18569871, -30827.7780880335, -5555.55023841212, 95.3769803421546
631868400       , -48127817824.639, 142352696449.201, -4581277.76419503, -30826.9750935476, -5565.6408595649, 95.4356150382715
631872000       , -48238793338.2706, 142332641972.435, -4237617.78101026, -30826.0711933743, -5575.73574786046, 95.4850634826113
631875600       , -48349765415.7985, 142312551147.92 , -3893796.37834958, -30825.0660999544, -5585.83388316768, 95.5252859741289
631879200       , -48460733692.4241, 142292423965.813, -3549846.83991005, -30823.9595355832, -5595.93423740397, 95.5562436101829
631882800       , -48571697802.3673, 142272260419.991, -3205802.58797473, -30822.7512325918, -5606.03577460704, 95.5778983041327
631886400       , -48682657378.9025, 142252060508.069, -2861697.18044329, -30821.4409335298, -5616.13745101045, 95.5902128030328
631890000       , -48793612054.396, 142231824231.438, -2517564.30779865, -30820.0283913481, -5626.23821512319, 95.5931507054181
631893600       , -48904561460.3437, 142211551595.286, -2173437.79000956, -30818.5133695817, -5636.33700781314, 95.586676479173 
631897200       , -49015505227.4096, 142191242608.627, -1829351.57336865, -30816.8956425335, -5646.43276239456, 95.5707554794795
631900800       , -49126442985.4649, 142170897284.331, -1485339.72726574, -30815.1749954579, -5656.52440471969, 95.5453539668364
631904400       , -49237374363.6275, 142150515639.146, -1141436.44089617, -30813.3512247444, -5666.61085327439, 95.5104391251421
631908000       , -49348298990.3028, 142130097693.726, -797676.019903923, -30811.4241381015, -5676.69101927801, 95.4659790798355
631911600       , -49459216493.2247, 142109643472.661, -454092.882959339, -30809.3935547402, -5686.7638067874, 95.4119429160862
631915200       , -49570126499.4969, 142089153004.495, -110721.558271302, -30807.2593055581, -5696.82811280517, 95.3483006970267
631918800       , -49681028635.636, 142068626321.758, 232403.319966313, -30805.021233322, -5706.8828273923, 95.2750234820191
631922400       , -49791922527.6139, 142048063460.988, 575247.015193987, -30802.6791928517, -5716.92683378498, 95.1920833449485
631926000       , -49902807800.902, 142027464462.753, 917774.692171791, -30800.2330512018, -5726.95900851585, 95.0994533925339
631929600       , -50013684080.5154, 142006829371.68 , 1259951.42073057, -30797.6826878443, -5736.97822153965, 94.997107782649 
631933200       , -50124550991.0578, 141986158236.476, 1601742.17958906, -30795.02799485 , -5746.98333636327, 94.8850217426444
631936800       , -50235408156.7674, 141965451109.948, 1943111.86023703, -30792.2688770689, -5756.97321018028, 94.7631715876609
631940400       , -50346255201.5632, 141944708049.03 , 2284025.27088418, -30789.4052523104, -5766.94669400994, 94.6315347389275
631944000       , -50457091749.0917, 141923929114.805, 2624447.14047503, -30786.437051522, -5776.9026328407, 94.4900897420317
631947600       , -50567917422.7748, 141903114372.521, 2964342.12276941, -30783.3642189674, -5786.8398657783, 94.3388162851552
631951200       , -50678731845.8582, 141882263891.618, 3303674.80048859, -30780.1867124033, -5796.75722619836, 94.1776952172642
631954800       , -50789534641.4599, 141861377745.746, 3642409.68952672, -30776.9045032548, -5806.6535419036, 94.006708566244 
631958400       , -50900325432.6197, 141840456012.783, 3980511.2432275 , -30773.5175767896, -5816.52763528565, 93.8258395569696
631962000       , -51011103842.3499, 141819498774.858, 4317943.85672578, -30770.0259322905, -5826.37832349147, 93.6350726293   
631965600       , -51121869493.6855, 141798506118.366, 4654671.87135376, -30766.4295832268, -5836.20441859437, 93.4343934559869
631969200       , -51232622009.7359, 141777478133.987, 4990659.57911147, -30762.7285574234, -5846.0047277697, 93.223788960488 
631972800       , -51343361013.7365, 141756414916.706, 5325871.22720124, -30758.9228972284, -5855.77805347518, 93.003247334672 
631976400       , -51454086129.1019, 141735316565.825, 5660271.02262566, -30755.0126596786, -5865.52319363585, 92.7727580564062
631980000       , -51564796979.4784, 141714183184.982, 5993823.13684867, -30750.9979166631, -5875.23894183365, 92.5323119070152
631983600       , -51675493188.7984, 141693014882.167, 6326491.71051918, -30746.8787550846, -5884.9240875017, 92.2819009885991
631987200       , -51786174381.334, 141671811769.733, 6658240.85825683, -30742.6552770183, -5894.57741612319, 92.0215187411997
631990800       , -51896840181.7527, 141650573964.414, 6989034.67349926, -30738.3275998683, -5904.19770943484, 91.7511599598042
631994400       , -52007490215.1724, 141629301587.334, 7318837.2334102 , -30733.895856522, -5913.78374563504, 91.4708208111727
631998000       , -52118124107.2172, 141607994764.024, 7647612.60384792, -30729.360195501, -5923.33429959659, 91.1804988504804
632001600       , -52228741484.0747, 141586653624.43 , 7975324.84439317, -30724.7207811096, -5932.84814308396, 90.8801930377602
632005200       , -52339341972.5522, 141565278302.924, 8301938.01343592, -30719.9777935803, -5942.32404497518, 90.5699037541341
632008800       , -52449925200.135, 141543868938.316, 8627416.17332021, -30715.1314292164, -5951.76077148817, 90.2496328178233
632012400       , -52560490795.0441, 141522425673.863, 8951723.39554615, -30710.1819005309, -5961.15708641165, 89.9193834999208
632016000       , -52671038386.295, 141500948657.275, 9274823.76602826, -30705.1294363827, -5970.51175134047, 89.5791605399186
632019600       , -52781567603.7566, 141479438040.722, 9596681.39040931, -30699.9742821085, -5979.82352591539, 89.2289701609732
632023200       , -52892078078.2111, 141457893980.847, 9917260.39942855, -30694.7166996521, -5989.09116806721, 88.8688200848991
632026800       , -53002569441.4134, 141436316638.764, 10236524.9543435, -30689.3569676891, -5998.31343426529, 88.4987195468772
632030400       , -53113041326.1524, 141414706180.066, 10554439.2524039, -30683.8953817483, -6007.48907977033, 88.1186793098652
632034000       , -53223493366.3109, 141393062774.829, 10870967.5323776, -30678.3322543286, -6016.61685889137, 87.7287116786967
632037600       , -53333925196.9279, 141371386597.617, 11186074.0801256, -30672.6679150125, -6025.69552524702, 87.3288305138584
632041200       , -53444336454.2596, 141349677827.48 , 11499723.2342274, -30666.9027105743, -6034.72383203077, 86.9190512449299
632044800       , -53554726775.8415, 141327936647.955, 11811879.3916528, -30661.0370050851, -6043.70053228039, 86.4993908836748
632048400       , -53665095800.5514, 141306163247.072, 12122507.0134811, -30655.0711800121, -6052.62437915124, 86.0698680367703
632052000       , -53775443168.6715, 141284357817.345, 12431570.6306651, -30649.0056343146, -6061.4941261936, 85.6305029181624
632055600       , -53885768521.9522, 141262520555.778, 12739034.8498388, -30642.8407845335, -6070.30852763376, 85.1813173610334
632059200       , -53996071503.675, 141240651663.855, 13044864.3591679, -30636.5770648778, -6079.06633865884, 84.7223348293692
632062800       , -54106351758.7165, 141218751347.541, 13349023.9342404, -30630.2149273044, -6087.76631570538, 84.2535804291149
632066400       , -54216608933.6125, 141196819817.274, 13651478.4439976, -30623.7548415939, -6096.40721675137, 83.7750809189034
632070000       , -54326842676.6221, 141174857287.961, 13952192.8567022, -30617.1972954204, -6104.9878016119, 83.2868647203472
632073600       , -54437052637.7924, 141152863978.968, 14251132.2459428, -30610.5427944166, -6113.50683223806, 82.7889619278794
632077200       , -54547238469.0232, 141130840114.117, 14548261.7966734, -30603.7918622323, -6121.96307301922, 82.2814043181315
632080800       , -54657399824.1318, 141108785921.67 , 14843546.8112849, -30596.9450405887, -6130.35529108841, 81.7642253588366
632084400       , -54767536358.9186, 141086701634.325, 15136952.715709 , -30590.0028893255, -6138.68225663083, 81.2374602172442
632088000       , -54877647731.2317, 141064587489.198, 15428445.0655505, -30582.9659864432, -6146.94274319526, 80.7011457680371
632091600       , -54987733601.0331, 141042443727.817, 15717989.5522476, -30575.834928139, -6155.13552800828, 80.1553206007354
632095200       , -55097793630.4638, 141020270596.102, 16005552.009258 , -30568.6103288361, -6163.25939229124, 79.6000250265788
632098800       , -55207827483.9095, 140998068344.355, 16291098.4182683, -30561.2928212081, -6171.31312157977, 79.0353010848732
632102400       , -55317834828.0663, 140975837227.241, 16574594.9154261, -30553.8830561955, -6179.29550604576, 78.4611925487924
632106000       , -55427815332.007, 140953577503.772, 16856007.7975914, -30546.3817030172, -6187.20534082162, 77.877744930622 
632109600       , -55537768667.246, 140931289437.287, 17135303.5286057, -30538.7894491745, -6195.0414263267, 77.2850054864353
632113200       , -55647694507.8059, 140908973295.435, 17412448.7455777, -30531.107000449, -6202.80256859579, 76.6830232201907
632116800       , -55757592530.2829, 140886629350.151, 17687410.2651816, -30523.3350808937, -6210.48757960942, 76.07184888724  
632120400       , -55867462413.9128, 140864257877.638, 17960155.089968 , -30515.4744328171, -6218.09527762596, 75.4515349972368
632124000       , -55977303840.6363, 140841859158.339, 18230650.4146836, -30507.5258167606, -6225.62448751521, 74.8221358164369
632127600       , -56087116495.1651, 140819433476.916, 18498863.632598 , -30499.4900114693, -6233.07404109348, 74.1837073693779
632131200       , -56196900065.0468, 140796981122.225, 18764762.3418356, -30491.3678138548, -6240.44277745989, 73.536307439932 
632134800       , -56306654240.7308, 140774502387.284, 19028314.3517106, -30483.160038952, -6247.72954333371, 72.8799955717215
632138400       , -56416378715.633, 140751997569.253, 19289487.6890613, -30474.867519868, -6254.93319339271, 72.2148330678878
632142000       , -56526073186.201, 140729466969.396, 19548250.6045832, -30466.4911077238, -6262.05259061216, 71.5408829902068
632145600       , -56635737351.9786, 140706910893.059, 19804571.5791576, -30458.0316715891, -6269.08660660449, 70.8582101575419
632149200       , -56745370915.6707, 140684329649.631, 20058419.3301733, -30449.4900984093, -6276.03412195925, 70.1668811436279
632152800       , -56854973583.2072, 140661723552.515, 20309762.8178389, -30440.8672929255, -6282.89402658335, 69.466964274177 
632156400       , -56964545063.8067, 140639092919.094, 20558571.2514839, -30432.1641775862, -6289.66522004134, 68.7585296233024
632160000       , -57074085070.0408, 140616438070.693, 20804814.0958457, -30423.3816924529, -6296.34661189543, 68.0416490092513
632163600       , -57183593317.8965, 140593759332.547, 21048461.0773391, -30414.5207950967, -6302.93712204533, 67.3163959894417
632167200       , -57293069526.8396, 140571057033.757, 21289482.190308 , -30405.5824604882, -6309.4356810674, 66.5828458547988
632170800       , -57402513419.8769, 140548331507.256, 21527847.7032544, -30396.5676808793, -6315.84123055313, 65.8410756233839
632174400       , -57511924723.6181, 140525583089.766, 21763528.1650436, -30387.477465678, -6322.15272344676, 65.0911640333133
632178000       , -57621303168.3376, 140502812121.759, 21996494.4110827, -30378.312841315, -6328.36912438168, 64.3331915349615
632181600       , -57730648488.0354, 140480018947.41 , 22226717.5694696, -30369.0748511025, -6334.48941001559, 63.5672402824455
632185200       , -57839960420.4974, 140457203914.559, 22454169.0671098, -30359.7645550861, -6340.51256936409, 62.7933941243881
632188800       , -57949238707.3559, 140434367374.662, 22678820.6357993, -30350.3830298882, -6346.43760413259, 62.0117385939562
632192400       , -58058483094.1482, 140411509682.743, 22900644.3182698, -30340.9313685444, -6352.26352904629, 61.2223608981732
632196000       , -58167693330.376, 140388631197.352, 23119612.474194 , -30331.4106803318, -6357.98937217805, 60.4253499065024
632199600       , -58276869169.5636, 140365732280.513, 23335697.7861492, -30321.8220905899, -6363.61417527392, 59.620796138702 
632203200       , -58386010369.3148, 140342813297.673, 23548873.265535 , -30312.1667405337, -6369.13699407614, 58.808791751951 
632206800       , -58495116691.3703, 140319874617.654, 23759112.2584439, -30302.4457870597, -6374.55689864344, 57.9894305272439
632210400       , -58604187901.6634, 140296916612.599, 23966388.4514815, -30292.6604025437, -6379.87297366833, 57.1628078550585
632214000       , -58713223770.3755, 140273939657.921, 24170675.8775338, -30282.8117746315, -6385.08431879139, 56.3290207202952
632217600       , -58822224071.9909, 140250944132.243, 24371948.9214786, -30272.9011060223, -6390.190048912 , 55.4881676864895
632221200       , -58931188585.3501, 140227930417.351, 24570182.3258395, -30262.929614244, -6395.18929449577, 54.6403488793025
632224800       , -59040117093.7032, 140204898898.13 , 24765351.1963786, -30252.8985314224, -6400.081201878 , 53.7856659692891
632228400       , -59149009384.7619, 140181849962.51 , 24957431.0076258, -30242.8091040417, -6404.86493356331, 52.9242221539502
632232000       , -59257865250.7507, 140158784001.406, 25146397.6083427, -30232.6625926989, -6409.5396685211, 52.0561221390706
632235600       , -59366684488.457, 140135701408.659, 25332227.2269179, -30222.4602718503, -6414.10460247659, 51.1814721193496
632239200       , -59475466899.2813, 140112602580.976, 25514896.4766906, -30212.203429552, -6418.55894819741, 50.3003797583268
632242800       , -59584212289.2849, 140089487917.864, 25694382.3612018, -30201.8933671922, -6422.90193577534, 49.4129541676116
632246400       , -59692920469.2375, 140066357821.572, 25870662.2793688, -30191.5313992175, -6427.13281290317, 48.5193058854212
632250000       , -59801591254.6643, 140043212697.026, 26043714.0305811, -30181.1188528525, -6431.2508451464, 47.6195468544342
632253600       , -59910224465.8908, 140020052951.762, 26213515.8197157, -30170.6570678122, -6435.2553162096, 46.7137903989685
632257200       , -60018819928.0877, 139996878995.862, 26380046.2620693, -30160.1473960081, -6439.14552819729, 45.8021512014892
632260800       , -60127377471.3138, 139973691241.887, 26543284.3882036, -30149.5912012486, -6442.92080186909, 44.8847452784592
632264400       , -60235896930.5588, 139950490104.809, 26703209.6487039, -30138.9898589321, -6446.580476889 , 43.9616899555372
632268000       , -60344378145.7843, 139927276001.943, 26859801.9188462, -30128.3447557345, -6450.12391206863, 43.0331038421372
632271600       , -60452820961.9635, 139904049352.877, 27013041.5031724, -30117.6572892907, -6453.55048560417, 42.0991068053566
632275200       , -60561225229.1205, 139880810579.405, 27162909.1399695, -30106.9288678705, -6456.85959530698, 41.1598199432859
632278800       , -60669590802.3678, 139857560105.448, 27309386.0056527, -30096.160910048, -6460.05065882762, 40.2153655577119
632282400       , -60777917541.9428, 139834298356.993, 27452453.7190487, -30085.3548443665, -6463.12311387307, 39.2658671262236
632286000       , -60886205313.243, 139811025762.011, 27592094.3455771, -30074.5121089972, -6466.07641841715, 38.3114492737375
632289600       , -60994453986.8603, 139787742750.389, 27728290.401329 , -30063.634151393, -6468.91005090382, 37.3522377434524
632293200       , -61102663438.6135, 139764449753.854, 27861024.8570396, -30052.7224279375, -6471.62351044332, 36.3883593672489
632296800       , -61210833549.5799, 139741147205.899, 27990281.1419534, -30041.7784035888, -6474.21631700093, 35.4199420355468
632300400       , -61318964206.1255, 139717835541.707, 28116043.1475798, -30030.8035515187, -6476.68801157825, 34.4471146666364
632304000       , -61427055299.9342, 139694515198.077, 28238295.2313375, -30019.7993527473, -6479.03815638692, 33.4700071754978
632307600       , -61535106728.035, 139671186613.342, 28357022.2200858, -30008.7672957738, -6481.26633501444, 32.4887504421241
632311200       , -61643118392.8283, 139647850227.3  , 28472209.4135408, -29997.7088762023, -6483.37215258229, 31.5034762793647
632314800       , -61751090202.1109, 139624506481.127, 28583842.5875751, -29986.6255963648, -6485.35523589594, 30.5143174003059
632318400       , -61859022069.0998, 139601155817.306, 28691907.9973994, -29975.5189649395, -6487.21523358674, 29.5214073852043
632322000       , -61966913912.4538, 139577798679.545, 28796392.3806239, -29964.3904965657, -6488.95181624571, 28.5248806479919
632325600       , -62074765656.2946, 139554435512.698, 28897282.960199 , -29953.2417114566, -6490.56467654885, 27.5248724023696
632329200       , -62182577230.2263, 139531066762.685, 28994567.4472323, -29942.074135007, -6492.05352937417, 26.521518627508 
632332800       , -62290348569.353, 139507692876.412, 29088234.0436826, -29930.8892974001, -6493.41811191015, 25.5149560333739
632336400       , -62398079614.2954, 139484314301.693, 29178271.4449273, -29919.6887332101, -6494.65818375564, 24.505322025701 
632340000       , -62505770311.2062, 139460931487.165, 29264668.8422041, -29908.4739810037, -6495.77352701105, 23.4927546706241
632343600       , -62613420611.7834, 139437544882.21 , 29347415.9249236, -29897.2465829379, -6496.7639463609, 22.4773926589975
632347200       , -62721030473.2826, 139414154936.869, 29426502.8828545, -29886.0080843576, -6497.62926914749, 21.4593752704146
632350800       , -62828599858.5277, 139390762101.769, 29501920.4081771, -29874.7600333897, -6498.36934543576, 20.4388423369528
632354400       , -62936128735.9206, 139367366828.033, 29573659.6974071, -29863.5039805366, -6498.98404806924, 19.41593420666  
632358000       , -63043617079.4482, 139343969567.199, 29641712.4531868, -29852.2414782687, -6499.47327271706, 18.3907917068061
632361600       , -63151064868.6896, 139320570771.142, 29706070.8859437, -29840.9740806148, -6499.83693791203, 17.3635561069187
632365200       , -63258472088.8203, 139297170891.989, 29766727.7154161, -29829.7033427528, -6500.07498507959, 16.3343690816251
632368800       , -63365838730.6162, 139273770382.036, 29823676.1720442, -29818.4308205986, -6500.18737855787, 15.3033726733207
632372400       , -63473164790.4549, 139250369693.665, 29876909.9982265, -29807.1580703961, -6500.17410560864, 14.2707092546857
632376000       , -63580450270.3168, 139226969279.265, 29926423.4494413, -29795.8866483055, -6500.03517641924, 13.2365214910711
632379600       , -63687695177.7833, 139203569591.145, 29972211.2952324, -29784.618109993, -6499.7706240954, 12.2009523027763
632383200       , -63794899526.0351, 139180171081.454, 30014268.8200589, -29773.35401022 , -6499.38050464512, 11.1641448272386
632386800       , -63902063333.8474, 139156774202.099, 30052591.8240086, -29762.0959024332, -6498.86489695342, 10.1262423811576
632390400       , -64009186625.5852, 139133379404.661, 30087176.6233754, -29750.8453383558, -6498.22390274818, 9.08738842257485
632394000       , -64116269431.1957, 139109987140.315, 30118020.0510995, -29739.6038675789, -6497.45764655691, 8.04772651293153
632397600       , -64223311786.2003, 139086597859.746, 30145119.4570716, -29728.3730371551, -6496.56627565462, 7.0074002791256 
632401200       , -64330313731.6848, 139063212013.066, 30168472.7083   , -29717.1543911931, -6495.54996000282, 5.96655337558931
632404800       , -64437275314.2874, 139039830049.738, 30188078.188942 , -29705.949470454, -6494.40889217963, 4.92532944640964
632408400       , -64544196586.187, 139016452418.489, 30203934.800198 , -29694.7598119499, -6493.14328730106, 3.88387208751262
632412000       , -64651077605.0879, 138993079567.231, 30216041.9600704, -29683.5869485442, -6491.75338293363, 2.8423248089334 
632415600       , -64757918434.2049, 138969711942.981, 30224399.6029868, -29672.4324085548, -6490.23943899827, 1.80083099719278
632419200       , -64864719142.2459, 138946349991.781, 30229008.1792878, -29661.2977153596, -6488.60173766566, 0.759533877801799
632422800       , -64971479803.3936, 138922994158.615, 30229868.6545796, -29650.1843870049, -6486.84058324305, -0.281423522084417
632426400       , -65078200497.2854, 138899644887.335, 30226982.5089537, -29639.093935817, -6484.95630205266, -1.32189841084366
632430000       , -65184881308.992, 138876302620.577, 30220351.7360719, -29628.0278680168, -6482.94924230174, -2.3617482693726
632433600       , -65291522328.9953, 138852967799.683, 30209978.8421187, -29616.9876833383, -6480.81977394444, -3.40083088786234
632437200       , -65398123653.1637, 138829640864.627, 30195866.8446228, -29605.9748746504, -6478.56828853554, -4.43900440234257
632440800       , -65504685382.7272, 138806322253.932, 30178019.271146 , -29594.9909275824, -6476.19519907621, -5.47612733097522
632444400       , -65611207624.2504, 138783012404.599, 30156440.1578428, -29584.0373201546, -6473.70093985181, -6.51205861007736
632448000       , -65717690489.6044, 138759711752.024, 30131134.0478905, -29573.1155224117, -6471.085966262 , -7.54665762985445
632451600       , -65824134095.938, 138736420729.929, 30102105.9897917, -29562.2269960621, -6468.35075464319, -8.57978426982451
632455200       , -65930538565.646, 138713139770.282, 30069361.5355493, -29551.3731941205, -6465.49580208353, -9.61129893391499
632458800       , -66036904026.3383, 138689869303.224, 30032906.7387156, -29540.5555605566, -6462.52162623044, -10.6410625852138
632462400       , -66143230610.8061, 138666609756.997, 29992748.1523181, -29529.775529948, -6459.42876509106, -11.6689367803562
632466000       , -66249518456.9879, 138643361557.869, 29948892.8266607, -29519.0345271384, -6456.21777682555, -12.6947837035306
632469600       , -66355767707.9333, 138620125130.064, 29901348.3070041, -29508.3339669013, -6452.88923953351, -13.7184662000861
632473200       , -66461978511.7666, 138596900895.688, 29850122.631126 , -29497.675253609, -6449.44375103366, -14.739847809724
632476800       , -66568151021.6487, 138573689274.659, 29795224.326762 , -29487.0597809076, -6445.88192863687, -15.7587927992586
632480400       , -66674285395.7377, 138550490684.64 , 29736662.4089299, -29476.4889313974, -6442.2044089129, -16.7751661949289
632484000       , -66780381797.1488, 138527305540.967, 29674446.3771382, -29465.9640763196, -6438.41184745073, -17.7888338142499
632487600       , -66886440393.9128, 138504134256.581, 29608586.2124809, -29455.4865752488, -6434.50491861296, -18.799662297383
632491200       , -66992461358.9334, 138480977241.964, 29539092.3746203, -29445.0577757917, -6430.48431528419, -19.807519138016
632494800       , -67098444869.9437, 138457834905.068, 29465975.7986593, -29434.6790132927, -6426.35074861377, -20.812272713736
632498400       , -67204391109.4616, 138434707651.256, 29389247.8919059, -29424.3516105449, -6422.10494775298, -21.8137923158819
632502000       , -67310300264.7441, 138411595883.231, 29308920.5305302, -29414.0768775091, -6417.74765958687, -22.8119481788648
632505600       , -67416172527.7404, 138388500000.976, 29225006.0561178, -29403.8561110383, -6413.27964846092, -23.8066115089419
632509200       , -67522008095.0445, 138365420401.693, 29137517.2721199, -29393.6905946092, -6408.70169590278, -24.7976545124341
632512800       , -67627807167.8464, 138342357479.739, 29046467.4402033, -29383.5815980616, -6404.01460033918, -25.7849504233731
632516400       , -67733569951.8825, 138319311626.566, 28951870.2765019, -29373.530377343, -6399.21917680834, -26.7683735305701
632520000       , -67839296657.3854, 138296283230.663, 28853739.9477713, -29363.5381742622, -6394.31625666789, -27.7477992040937
632523600       , -67944987499.0322, 138273272677.498, 28752091.0674496, -29353.6062162485, -6389.30668729872, -28.7231039211478
632527200       , -68050642695.8928, 138250280349.46 , 28646938.6916264, -29343.7357161191, -6384.19133180477, -29.6941652913401
632530800       , -68156262471.3763, 138227306625.8  , 28538298.3149211, -29333.9278718532, -6378.97106870908, -30.6608620813328
632534400       , -68261847053.1777, 138204351882.583, 28426185.8662744, -29324.1838663738, -6373.64679164625, -31.6230742388667
632538000       , -68367396673.223, 138181416492.628, 28310617.7046538, -29314.504867337, -6368.21940905153, -32.5806829161518
632541600       , -68472911567.6139, 138158500825.458, 28191610.6146769, -29304.892026928, -6362.68984384672, -33.5335704926172
632545200       , -68578391976.5721, 138135605247.248, 28069181.8021529, -29295.3464816657, -6357.0590331231, -34.4816205970128
632548800       , -68683838144.382, 138112730120.775, 27943348.8895465, -29285.869352214, -6351.32792782163, -35.4247181288587
632552400       , -68789250319.3337, 138089875805.365, 27814129.9113653, -29276.4617432008, -6345.49749241054, -36.3627492792349
632556000       , -68894628753.6648, 138067042656.853, 27681543.3094743, -29267.1247430449, -6339.56870456062, -37.2956015509082
632559600       , -68999973703.5018, 138044231027.528, 27545607.9283379, -29257.8594237904, -6333.54255481825, -38.2231637777911
632563200       , -69105285428.8009, 138021441266.09 , 27406343.0101941, -29248.6668409483, -6327.4200462766, -39.1453261437286
632566800       , -69210564193.288, 137998673717.608, 27263768.190162 , -29239.5480333462, -6321.20219424496, -40.0619802006109
632570400       , -69315810264.3988, 137975928723.473, 27117903.4912852, -29230.5040229856, -6314.89002591661, -40.9730188858086
632574000       , -69421023913.2174, 137953206621.356, 26968769.3195134, -29221.5358149063, -6308.48458003525, -41.8783365389282
632577600       , -69526205414.4156, 137930507745.171, 26816386.4586258, -29212.6443970591, -6301.98690656031, -42.7778289178864
632581200       , -69631355046.1906, 137907832425.03 , 26660776.0650968, -29203.8307401855, -6295.39806633132, -43.6713932143027
632584800       , -69736473090.2034, 137885180987.209, 26501959.6629081, -29195.0957977057, -6288.71913073144, -44.5589280682091
632588400       , -69841559831.5157, 137862553754.106, 26339959.1383092, -29186.4405056128, -6281.95118135046, -45.4403335820775
632592000       , -69946615558.5276, 137839951044.211, 26174796.7345278, -29177.8657823761, -6275.09530964738, -46.3155113341638
632595600       , -70051640562.9137, 137817373172.063, 26006495.0464348, -29169.372528851, -6268.15261661282, -47.1843643911724
632599200       , -70156635139.56 , 137794820448.226, 25835077.0151635, -29160.9616281961, -6261.12421243137, -48.0467973202399
632602800       , -70261599586.4998, 137772293179.245, 25660565.9226875, -29152.6339457984, -6254.0112161441, -48.902716200241
632606400       , -70366534204.8499, 137749791667.628, 25482985.3863596, -29144.3903292051, -6246.81475531146, -49.7520286324194
632610000       , -70471439298.7459, 137727316211.803, 25302359.3534126, -29136.2316080634, -6239.53596567665, -50.5946437503468
632613600       , -70576315175.2778, 137704867106.098, 25118712.0954262, -29128.1585940668, -6232.17599082971, -51.4304722292111
632617200       , -70681162144.4254, 137682444640.711, 24932068.2027616, -29120.1720809091, -6224.73598187241, -52.2594262944406
632620800       , -70785980518.9934, 137660049101.68 , 24742452.578966 , -29112.2728442451, -6217.21709708429, -53.0814197296666
632624400       , -70890770614.5461, 137637680770.865, 24549890.4351496, -29104.4616416585, -6209.62050158975, -53.8963678840296
632628000       , -70995532749.3429, 137615339925.917, 24354407.2843378, -29096.7392126365, -6201.94736702663, -54.7041876788329
632631600       , -71100267244.2723, 137593026840.257, 24156028.9358001, -29089.1062785517, -6194.19887121616, -55.5047976135517
632635200       , -71204974422.7876, 137570741783.058, 23954781.4893592, -29081.5635426501, -6186.37619783474, -56.2981177712002
632638800       , -71309654610.8407, 137548485019.22 , 23750691.3296815, -29074.1116900464, -6178.48053608737, -57.0840698230655
632642400       , -71414308136.8175, 137526256809.352, 23543785.1205514, -29066.7513877255, -6170.51308038315, -57.8625770328139
632646000       , -71518935331.4725, 137504057409.755, 23334089.7991326, -29059.4832845504, -6162.47503001287, -58.6335642599752
632649600       , -71623536527.8635, 137481887072.405, 23121632.5702175, -29052.3080112768, -6154.3675888288, -59.3969579628149
632653200       , -71728112061.2861, 137459746044.936, 22906440.9004676, -29045.2261805739, -6146.19196492689, -60.152686200599
632656800       , -71832662269.2095, 137437634570.623, 22688542.5126465, -29038.238387051, -6137.94937033151, -60.9006786352609
632660400       , -71937187491.2107, 137415552888.376, 22467965.3798486, -29031.3452072909, -6129.64102068273, -61.6408665324786
632664000       , -72041688068.9101, 137393501232.718, 22244737.7197241, -29024.5471998882, -6121.26813492651, -62.3731827621695
632667600       , -72146164345.9068, 137371479833.782, 22018887.9887038, -29017.8449054948, -6112.83193500761, -63.0975617984122
632671200       , -72250616667.7139, 137349488917.294, 21790444.8762254, -29011.2388468698, -6104.33364556558, -63.8139397188038
632674800       , -72355045381.6944, 137327528704.57 , 21559437.2989627, -29004.7295289359, -6095.77449363389, -64.5222542032634
632678400       , -72459450836.997, 137305599412.501, 21325894.3950599, -28998.3174388407, -6087.15570834217, -65.2224445322881
632682000       , -72563833384.4921, 137283701253.553, 21089845.5183738, -28992.0030460243, -6078.47852062185, -65.9144515846743
632685600       , -72668193376.7085, 137261834435.757, 20851320.2327248, -28985.7868022909, -6069.74416291517, -66.5982178347118
632689200       , -72772531167.7699, 137239999162.704, 20610348.3061588, -28979.6691418865, -6060.95386888771, -67.2736873488626
632692800       , -72876847113.3315, 137218195633.543, 20366959.7052222, -28973.6504815812, -6052.10887314453, -67.9408057819324
632696400       , -72981141570.5179, 137196424042.978, 20121184.5892516, -28967.7312207567, -6043.21041094995, -68.5995203727476
632700000       , -73085414897.8601, 137174684581.262, 19873053.3046796, -28961.911741498, -6034.25971795115, -69.249779939346
632703600       , -73189667455.2337, 137152977434.203, 19622596.3793591, -28956.19240869 , -6025.25802990556, -69.8915348736927
632707200       , -73293899603.7971, 137131302783.158, 19369844.5169075, -28950.5735701194, -6016.20658241222, -70.5247371359338
632710800       , -73398111705.9299, 137109660805.039, 19114828.5910723, -28945.0555565793, -6007.10661064707, -71.1493402481941
632714400       , -73502304125.1725, 137088051672.31 , 18857579.6401195, -28939.6386819798, -5997.95934910234, -71.7652992879354
632718000       , -73606477226.1647, 137066475552.993, 18598128.8612471, -28934.3232434612, -5988.76603133  , -72.3725708808822
632721600       , -73710631374.5865, 137044932610.673, 18336507.6050252, -28929.1095215126, -5979.52788968944, -72.9711131935279
632725200       , -73814766937.0975, 137023423004.499, 18072747.3698624, -28923.9977800933, -5970.2461550993, -73.5608859252322
632728800       , -73918884281.2782, 137001946889.193, 17806879.7965032, -28918.9882667581, -5960.92205679366, -74.141850299921
632732400       , -74022983775.5707, 136980504415.054, 17538936.6625547, -28914.0812127869, -5951.55682208244, -74.7139690574  
632736000       , -74127065789.2209, 136959095727.968, 17268949.8770456, -28909.276833317, -5942.15167611629, -75.2772064442935
632739600       , -74231130692.2202, 136937720969.413, 16996951.4750184, -28904.5753274788, -5932.70784165572, -75.8315282046194
632743200       , -74335178855.2482, 136916380276.47 , 16722973.6121566, -28899.9768785353, -5923.22653884482, -76.3769015700127
632746800       , -74439210649.6162, 136895073781.835, 16447048.5594473, -28895.4816540242, -5913.70898498933, -76.9132952496068
632750400       , -74543226447.2101, 136873801613.823, 16169208.6978807, -28891.0898059027, -5904.15639433924, -77.4406794195869
632754000       , -74647226620.4354, 136852563896.386, 15889486.5131883, -28886.8014706961, -5894.56997787591, -77.9590257124244
632757600       , -74751211542.1613, 136831360749.124, 15607914.5906197, -28882.6167696479, -5884.95094310367, -78.4683072058043
632761200       , -74855181585.6664, 136810192287.294, 15324525.6097607, -28878.5358088735, -5875.3004938461, -78.9684984112573
632764800       , -74959137124.5841, 136789058621.826, 15039352.339392 , -28874.5586795156, -5865.61983004666, -79.4595752625078
632768400       , -75063078532.8494, 136767959859.34 , 14752427.6323907, -28870.6854579026, -5855.91014757411, -79.9415151035483
632772000       , -75167006184.6455, 136746896102.156, 14463784.4206756, -28866.9162057083, -5846.17263803236, -80.414296676452
632775600       , -75270920454.3516, 136725867448.314, 14173455.7101958, -28863.2509701148, -5836.40848857496, -80.8779001089339
632779200       , -75374821716.4908, 136704873991.587, 13881474.5759655, -28859.6897839765, -5826.6188817242, -81.332306901673
632782800       , -75478710345.6792, 136683915821.501, 13587874.1571446, -28856.2326659864, -5816.80499519468, -81.777499915404
632786400       , -75582586716.5745, 136662993023.35 , 13292687.6521657, -28852.8796208437, -5806.9680017216, -82.213463357791
632790000       , -75686451203.8269, 136642105678.216, 12995948.3139095, -28849.6306394237, -5797.1090688935, -82.6401827700947
632793600       , -75790304182.0287, 136621253862.987, 12697689.444928 , -28846.4856989485, -5787.22935898964, -83.0576450136402
632797200       , -75894146025.666, 136600437650.376, 12397944.3927165, -28843.4447631593, -5777.33002882184, -83.4658382561008
632800800       , -75997977109.0707, 136579657108.942, 12096746.5450366, -28840.5077824905, -5767.41222958089, -83.8647519576033
632804400       , -76101797806.372, 136558912303.111, 11794129.3252875, -28837.674694244, -5757.4771066875, -84.254376856669
632808000       , -76205608491.4505, 136538203293.195, 11490126.1879304, -28834.9454227656, -5747.52579964766, -84.6347049559975
632811600       , -76309409537.891, 136517530135.414, 11184770.6139626, -28832.3198796212, -5737.55944191251, -85.0057295081059
632815200       , -76413201318.9376, 136496892881.921, 10878096.1064443, -28829.7979637751, -5727.57916074264, -85.3674450008302
632818800       , -76516984207.4479, 136476291580.82 , 10570136.186078 , -28827.3795617683, -5717.5860770768, -85.7198471427025
632822400       , -76620758575.8492, 136455726276.192, 10260924.3868402, -28825.0645478973, -5707.58130540495, -86.0629328482097
632826000       , -76724524796.0943, 136435197008.117, 9950494.25166684, -28822.852784394, -5697.56595364571, -86.3967002229456
632829600       , -76828283239.6187, 136414703812.7  , 9638879.32819219, -28820.7441216057, -5687.54112302811, -86.7211485486646
632833200       , -76932034277.2981, 136394246722.093, 9326113.16454157, -28818.7383981756, -5677.50790797755, -87.0362782682468
632836800       , -77035778279.4064, 136373825764.519, 9012229.30517859, -28816.8354412237, -5667.46739600611, -87.3420909705825
632840400       , -77139515615.5747, 136353440964.301, 8697261.28680681, -28815.0350665271, -5657.42066760694, -87.6385893753859
632844000       , -77243246654.7507, 136333092341.884, 8381242.63432621, -28813.3370787018, -5647.36879615292, -87.9257773179456
632847600       , -77346971765.1589, 136312779913.861, 8064206.85684464, -28811.7412713831, -5637.31284779933, -88.2036597338216
632851200       , -77450691314.2616, 136292503693.001, 7746187.44374445, -28810.2474274068, -5627.25388139066, -88.4722426434958
632854800       , -77554405668.7199, 136272263688.274, 7427217.86080449, -28808.8553189898, -5617.19294837139, -88.7315331369848
632858400       , -77658115194.3561, 136252059904.88 , 7107331.54637751, -28807.5647079107, -5607.13109270084, -88.9815393584232
632862000       , -77761820256.1165, 136231892344.27 , 6786561.9076231 , -28806.3753456899, -5597.06935077182, -89.2222704906243
632865600       , -77865521218.0344, 136211761004.183, 6464942.31679629, -28805.2869737697, -5587.00875133325, -89.4537367396264
632869200       , -77969218443.1948, 136191665878.664, 6142506.10759177, -28804.2993236931, -5576.95031541659, -89.6759493192322
632872800       , -78072912293.6984, 136171606958.1  , 5819286.57154374, -28803.412117283, -5566.89505626603, -89.8889204355485
632876400       , -78176603130.6273, 136151584229.24 , 5495316.95448145, -28802.6250668201, -5556.84397927243, -90.0926632715325
632880000       , -78280291314.0111, 136131597675.233, 5170630.45304035, -28801.9378752207, -5546.79808191087, -90.2871919715524
632883600       , -78383977202.793, 136111647275.647, 4845260.21122873, -28801.3502362132, -5536.75835368194, -90.4725216259694
632887200       , -78487661154.7975, 136091733006.506, 4519239.31704992, -28800.861834514, -5526.72577605643, -90.6486682557464
632890800       , -78591343526.6982, 136071854840.311, 4192600.79917972, -28800.4723460028, -5516.70132242365, -90.8156487970899
632894400       , -78695024673.9861, 136052012746.077, 3865377.62369912, -28800.1814378967, -5506.68595804316, -90.9734810861333
632898000       , -78798704950.9389, 136032206689.357, 3537602.69088209, -28799.9887689229, -5496.68063999987, -91.1221838436644
632901600       , -78902384710.5907, 136012436632.274, 3209308.83203824, -28799.8939894917, -5486.68631716252, -91.2617766599054
632905200       , -79006064304.7023, 135992702533.55 , 2880528.80641013, -28799.8967418666, -5476.70393014536, -91.3922799793501
632908800       , -79109744083.7323, 135973004348.535, 2551295.29812512, -28799.9966603347, -5466.73441127314, -91.5137150856637
632912400       , -79213424396.8086, 135953342029.238, 2221640.91320142, -28800.1933713754, -5456.77868454919, -91.6261040866508
632916000       , -79317105591.7007, 135933715524.357, 1891598.17660816, -28800.4864938277, -5446.83766562663, -91.7294698992964
632919600       , -79420788014.7923, 135914124779.307, 1561199.52937911, -28800.8756390561, -5436.91226178262, -91.8238362348854
632923200       , -79524472011.0549, 135894569736.255, 1230477.32577989, -28801.3604111159, -5427.00337189555, -91.9092275842045
632926800       , -79628157924.0217, 135875050334.144, 899463.830528289, -28801.9404069164, -5417.11188642523, -91.9856692028317
632930400       , -79731846095.7619, 135855566508.728, 568191.216067296, -28802.615216383, -5407.23868739583, -92.0531870965185
632934000       , -79835536866.8566, 135836118192.602, 236691.559890702, -28803.3844226176, -5397.38464838174, -92.1118080066673
632937600       , -79939230576.3734, 135816705315.23 , -95003.1580792807, -28804.2476020579, -5387.55063449607, -92.1615593959097
632941200       , -80042927561.8439, 135797327802.975, -426861.058062632, -28805.2043246351, -5377.73750238189, -92.2024694337891
632944800       , -80146628159.2396, 135777985579.136, -758850.362940798, -28806.2541539294, -5367.94610020606, -92.2345669825513
632948400       , -80250332702.9499, 135758678563.97 , -1090939.40072501, -28807.396647325, -5358.17726765563, -92.2578815830471
632952000       , -80354041525.7597, 135739406674.728, -1423096.60697407, -28808.6313561627, -5348.43183593673, -92.2724434407493
632955600       , -80457754958.8281, 135720169825.683, -1755290.52716197, -28809.9578258909, -5338.71062777595, -92.2782834118898
632959200       , -80561473331.6675, 135700967928.162, -2087489.81899589, -28811.3755962153, -5329.01445742399, -92.2754329897166
632962800       , -80665196972.1232, 135681800890.576, -2419663.25468487, -28812.8842012467, -5319.34413066178, -92.2639242908771
632966400       , -80768926206.3533, 135662668618.452, -2751779.72315975, -28814.4831696471, -5309.7004448087, -92.2437900419282
632970000       , -80872661358.8094, 135643571014.458, -3083808.23224477, -28816.1720247741, -5300.08418873319, -92.2150635659769
632973600       , -80976402752.2182, 135624507978.44 , -3415717.91078126, -28817.950284823, -5290.4961428653, -92.1777787694543
632977200       , -81080150707.5626, 135605479407.45 , -3747478.01070404, -28819.8174629686, -5280.93707921152, -92.1319701290247
632980800       , -81183905544.0639, 135586485195.774, -4079057.90907091, -28821.7730675031, -5271.40776137151, -92.0776726786324
632984400       , -81287667579.1652, 135567525234.967, -4410427.11004569, -28823.8166019743, -5261.90894455685, -92.0149219966888
632988000       , -81391437128.5135, 135548599413.876, -4741555.24683553, -28825.9475653203, -5252.44137561174, -91.9437541934017
632991600       , -81495214505.9441, 135529707618.678, -5072412.08358274, -28828.1654520034, -5243.00579303549, -91.8642058982475
632995200       , -81599000023.4647, 135510849732.906, -5402967.51721182, -28830.4697521414, -5233.60292700689, -91.7763142475907
632998800       , -81702793991.2394, 135492025637.477, -5733191.57923224, -28832.8599516383, -5224.23349941027, -91.6801168724498
633002400       , -81806596717.5745, 135473235210.727, -6063054.43749732, -28835.335532311, -5214.8982238633, -91.5756518864126
633006000       , -81910408508.9035, 135454478328.436, -6392526.39792004, -28837.8959720167, -5205.5978057464, -91.462957873702
633009600       , -82014229669.7733, 135435754863.86 , -6721577.906146 , -28840.5407447762, -5196.33294223379, -91.3420738773937
633013200       , -82118060502.8306, 135417064687.759, -7050179.54918435, -28843.2693208963, -5187.104322326 , -91.2130393877865
633016800       , -82221901308.8085, 135398407668.429, -7378302.05699708, -28846.0811670909, -5177.91262688396, -91.0758943309273
633020400       , -82325752386.5142, 135379783671.728, -7705916.3040473, -28848.9757465986, -5168.7585286644, -90.9306790572912
633024000       , -82429614032.8164, 135361192561.108, -8032993.31080703, -28851.9525193  , -5159.64269235679, -90.7774343306173
633027600       , -82533486542.6335, 135342634197.641, -8359504.24522507, -28855.010941832, -5150.56577462145, -90.6162013169014
633031200       , -82637370208.9222, 135324108440.05 , -8685420.42415559, -28858.150467701, -5141.52842412909, -90.4470215735469
633034800       , -82741265322.6661, 135305615144.737, -9010713.31474789, -28861.3705473935, -5132.53128160144, -90.2699370386734
633038400       , -82845172172.8656, 135287154165.813, -9335354.53579794, -28864.670628485, -5123.57497985321, -90.0849900205835
633042000       , -82949091046.5272, 135268725355.123, -9659315.85906239, -28868.0501557474, -5114.66014383508, -89.89222318739 
633045600       , -83053022228.6534, 135250328562.277, -9982569.21053535, -28871.5085712544, -5105.78739067782, -89.6916795568012
633049200       , -83156966002.234, 135231963634.679, -10305086.6716889, -28875.045314484, -5096.95732973748, -89.4834024860667
633052800       , -83260922648.2359, 135213630417.55 , -10626840.4806775, -28878.6598224208, -5088.17056264153, -89.2674356620832
633056400       , -83364892445.5951, 135195328753.962, -10947803.0335072, -28882.351529655, -5079.42768333602, -89.0438230916593
633060000       , -83468875671.2078, 135177058484.861, -11267946.8851699, -28886.1198684805, -5070.72927813356, -88.8126090919416
633063600       , -83572872599.9227, 135158819449.096, -11587244.7507439, -28889.9642689901, -5062.07592576229, -88.5738382809996
633067200       , -83676883504.5327, 135140611483.446, -11905669.5064602, -28893.8841591699, -5053.46819741557, -88.3275555685707
633070800       , -83780908655.768, 135122434422.649, -12223194.1907361, -28897.8789649915, -5044.90665680248, -88.0738061469654
633074400       , -83884948322.2887, 135104288099.424, -12539792.0051766, -28901.9481105017, -5036.39186019913, -87.8126354821305
633078000       , -83989002770.6783, 135086172344.503, -12855436.3155432, -28906.0910179112, -5027.92435650059, -87.5440893048724
633081600       , -84093072265.437, 135068086986.655, -13170100.6526925, -28910.3071076813, -5019.50468727353, -87.2682136022385
633085200       , -84197157068.9755, 135050031852.712, -13483758.7134826, -28914.5957986083, -5011.13338680944, -86.9850546090564
633088800       , -84301257441.6095, 135032006767.595, -13796384.3616507, -28918.956507907, -5002.81098217853, -86.6946587996311
633092400       , -84405373641.5538, 135014011554.341, -14107951.6286602, -28923.3886512911, -4994.53799328409, -86.3970728795991
633096000       , -84509505924.9172, 134996046034.128, -14418434.7145194, -28927.8916430533, -4986.31493291736, -86.0923437779381
633099600       , -84613654545.6978, 134978110026.302, -14727807.988571, -28932.4648961426, -4978.14230681297, -85.7805186391338
633103200       , -84717819755.7775, 134960203348.399, -15036045.9902542, -28937.10782224 , -4970.02061370473, -85.4616448154998
633106800       , -84822001804.9185, 134942325816.173, -15343123.4298393, -28941.8198318329, -4961.95034538189, -85.1357698596534
633110400       , -84926200940.7586, 134924477243.62 , -15649015.1891355, -28946.6003342874, -4953.93198674571, -84.8029415171431
633114000       , -85030417408.8072, 134906657443.003, -15953696.3221726, -28951.4487379189, -4945.96601586643, -84.4632077192297
633117600       , -85134651452.4422, 134888866224.875, -16257142.0558564, -28956.3644500612, -4938.05290404054, -84.1166165758182
633121200       , -85238903312.906, 134871103398.105, -16559327.7905994, -28961.3468771335, -4930.1931158483, -83.7632163685406
633124800       , -85343173229.3025, 134853368769.902, -16860229.1009272, -28966.3954247065, -4922.38710921153, -83.4030555439876
633128400       , -85447461438.5946, 134835662145.839, -17159821.7360598, -28971.509497566, -4914.63533545161, -83.0361827070901
633132000       , -85551768175.6006, 134817983329.874, -17458081.6204706, -28976.6884997756, -4906.93823934766, -82.6626466146464
633135600       , -85656093672.9926, 134800332124.376, -17754984.854421, -28981.9318347367, -4899.29625919491, -82.2824961689974
633139200       , -85760438161.2937, 134782708330.15 , -18050507.7144737, -28987.2389052486, -4891.70982686315, -81.8957804118456
633142800       , -85864801868.8761, 134765111746.454, -18344626.6539831, -28992.6091135652, -4884.17936785533, -81.5025485182194
633146400       , -85969185021.9592, 134747542171.029, -18637318.3035652, -28998.0418614514, -4876.70530136621, -81.1028497905789
633150000       , -86073587844.608, 134729999400.117, -18928559.4715451, -29003.5365502373, -4869.28804034106, -80.696733653065
633153600       , -86178010558.7315, 134712483228.484, -19218327.1443857, -29009.0925808714, -4861.9279915344, -80.2842496458869
633157200       , -86282453384.0816, 134694993449.442, -19506598.4870954, -29014.7093539713, -4854.62555556874, -79.8654474198507
633160800       , -86386916538.2518, 134677529854.874, -19793350.8436163, -29020.3862698742, -4847.38112699326, -79.4403767310242
633164400       , -86491400236.6765, 134660092235.252, -20078561.7371943, -29026.122728685, -4840.1950943425, -79.0090874355397
633168000       , -86595904692.6301, 134642680379.661, -20362208.8707296, -29031.9181303231, -4833.06784019493, -78.5716294845306
633171600       , -86700430117.2263, 134625294075.816, -20644270.1271102, -29037.7718745679, -4825.99974123144, -78.128052919203
633175200       , -86804976719.418, 134607933110.092, -20924723.5695273, -29043.6833611031, -4818.99116829374, -77.6784078660393
633178800       , -86909544705.9968, 134590597267.535, -21203547.4417741, -29049.6519895588, -4812.04248644256, -77.2227445321328
633182400       , -87014134281.593, 134573286331.889, -21480720.1685274, -29055.677159553, -4805.15405501581, -76.7611132006526
633186000       , -87118745648.6753, 134556000085.613, -21756220.3556138, -29061.7582707317, -4798.32622768638, -76.2935642264362
633189600       , -87223379007.5516, 134538738309.906, -22030026.7902598, -29067.8947228067, -4791.55935251997, -75.8201480317096
633193200       , -87328034556.3687, 134521500784.721, -22302118.4413272, -29074.0859155934, -4784.85377203247, -75.3409151019323
633196800       , -87432712491.113, 134504287288.789, -22572474.4595328, -29080.3312490462, -4778.20982324732, -74.8559159817674
633200400       , -87537413005.6111, 134487097599.637, -22841074.1776554, -29086.6301232931, -4771.62783775244, -74.3652012711729
633204000       , -87642136291.5303, 134469931493.609, -23107897.1107269, -29092.9819386693, -4765.10814175701, -73.8688216216156
633207600       , -87746882538.3798, 134452788745.884, -23372922.9562122, -29099.3860957485, -4758.65105614791, -73.3668277324038
633211200       , -87851651933.511, 134435669130.493, -23636131.5941742, -29105.8419953741, -4752.25689654587, -72.8592703471387
633214800       , -87956444662.1192, 134418572420.345, -23897503.0874273, -29112.3490386885, -4745.92597336128, -72.3462002502825
633218400       , -88061260907.244, 134401498387.235, -24157017.6816787, -29118.9066271616, -4739.65859184971, -71.8276682638417
633222000       , -88166100849.7714, 134384446801.873, -24414655.8056575, -29125.5141626174, -4733.45505216704, -71.3037252441646
633225600       , -88270964668.4342, 134367417433.894, -24670398.0712328, -29132.1710472604, -4727.31564942424, -70.7744220788513
633229200       , -88375852539.8141, 134350410051.884, -24924225.2735207, -29138.8766837001, -4721.24067374178, -70.2398096837734
633232800       , -88480764638.3429, 134333424423.388, -25176118.3909813, -29145.6304749748, -4715.23041030362, -69.6999390002054
633236400       , -88585701136.3041, 134316460314.938, -25426058.5855047, -29152.4318245736, -4709.28513941083, -69.1548609920616
633240000       , -88690662203.8348, 134299517492.063, -25674027.2024877, -29159.2801364586, -4703.40513653478, -68.6046266432415
633243600       , -88795648008.9269, 134282595719.308, -25920005.7709015, -29166.1748150843, -4697.5906723699, -68.0492869550786
633247200       , -88900658717.4297, 134265694760.255, -26163976.0033497, -29173.1152654176, -4691.84201288595, -67.4888929438945
633250800       , -89005694493.0508, 134248814377.536, -26405919.7961181, -29180.1008929555, -4686.15941937996, -66.9234956386533
633254400       , -89110755497.3591, 134231954332.848, -26645819.2292162, -29187.1311037424, -4680.54314852754, -66.3531460787178
633258000       , -89215841889.7858, 134215114386.976, -26883656.5664106, -29194.2053043863, -4674.99345243388, -65.7778953117047
633261600       , -89320953827.6273, 134198294299.803, -27119414.2552511, -29201.3229020737, -4669.5105786841, -65.1977943914369
633265200       , -89426091466.0467, 134181493830.331, -27353074.9270896, -29208.4833045843, -4664.09477039328, -64.6128943759928
633268800       , -89531254958.0764, 134164712736.691, -27584621.3970918, -29215.6859203035, -4658.7462662558, -64.02324632585 
633272400       , -89636444454.6198, 134147950776.167, -27814036.6642429, -29222.930158235, -4653.46530059434, -63.4289013021222
633276000       , -89741660104.4541, 134131207705.204, -28041303.9113467, -29230.2154280124, -4648.2521034082, -62.8299103648885
633279600       , -89846902054.2322, 134114483279.429, -28266406.5050191, -29237.5411399091, -4643.1069004212, -62.2263245716132
633283200       , -89952170448.4853, 134097777253.662, -28489327.9956757, -29244.906704848, -4638.02991312901, -61.6181949756538
633286800       , -90057465429.6248, 134081089381.934, -28710052.1175149, -29252.3115344102, -4633.02135884586, -61.0055726248578
633290400       , -90162787137.9454, 134064419417.502, -28928562.7884953, -29259.7550408428, -4628.08145075082, -60.3885085602449
633294000       , -90268135711.6268, 134047767112.862, -29144844.1103091, -29267.2366370659, -4623.21039793339, -59.7670538147748
633297600       , -90373511286.7366, 134031132219.764, -29358880.3683509, -29274.7557366783, -4618.4084054386, -59.1412594121978
633301200       , -90478913997.2323, 134014514489.229, -29570656.0316827, -29282.3117539632, -4613.67567431151, -58.5111763659877
633304800       , -90584343974.9644, 133997913671.559, -29780155.7529948, -29289.9041038926, -4609.01240164111, -57.8768556783557
633308400       , -90689801349.6785, 133981329516.355, -29987364.368564, -29297.5322021309, -4604.4187806036, -57.2383483393429
633312000       , -90795286249.0176, 133964761772.529, -30192266.8982079, -29305.1954650379, -4599.8950005052, -56.595705325992
633315600       , -90900798798.525, 133948210188.319, -30394848.5452372, -29312.8933096711, -4595.44124682416, -55.9489776015941
633319200       , -91006339121.6467, 133931674511.302, -30595094.6964044, -29320.6251537868, -4591.05770125234, -55.2982161150122
633322800       , -91111907339.7339, 133915154488.406, -30792990.9218512, -29328.3904158413, -4586.74454173606, -54.6434718000777
633326400       , -91217503572.0455, 133898649865.928, -30988522.9750532, -29336.1885149908, -4582.50194251637, -53.9847955750601
633330000       , -91323127935.7504, 133882160389.543, -31181676.7927628, -29344.0188710903, -4578.33007416872, -53.3222383422078
633333600       , -91428780545.9305, 133865685804.317, -31372438.4949515, -29351.8809046931, -4574.22910364193, -52.6558509873586
633337200       , -91534461515.5828, 133849225854.723, -31560794.3847494, -29359.7740370479, -4570.19919429662, -51.9856843796202
633340800       , -91640170955.6222, 133832780284.652, -31746730.9483852, -29367.697690097, -4566.2405059429, -51.3117893711163
633344400       , -91745908974.8837, 133816348837.427, -31930234.8551242, -29375.6512864723, -4562.35319487748, -50.6342167968004
633348000       , -91851675680.1249, 133799931255.812, -32111292.9572063, -29383.634249492, -4558.53741392012, -49.9530174743339
633351600       , -91957471176.0289, 133783527282.031, -32289892.2897842, -29391.6460031557, -4554.79331244945, -49.2682422040282
633355200       , -92063295565.2061, 133767136657.772, -32466020.07086 , -29399.6859721397, -4551.12103643805, -48.5799417688484
633358800       , -92169148948.1972, 133750759124.206, -32639663.7012236, -29407.753581791, -4547.520728487 , -47.8881669344797
633362400       , -92275031423.4752, 133734394421.997, -32810810.7643905, -29415.8482581212, -4543.99252785963, -47.1929684494521
633366000       , -92380943087.4478, 133718042291.313, -32979449.02654 , -29423.9694278  , -4540.53657051475, -46.4943970453256
633369600       , -92486884034.4603, 133701702471.838, -33145566.4364552, -29432.1165181475, -4537.15298913907, -45.7925034369314
633373200       , -92592854356.797, 133685374702.784, -33309151.1254627, -29440.2889571267, -4533.84191317905, -45.0873383226703
633376800       , -92698854144.6844, 133669058722.905, -33470191.4073743, -29448.4861733351, -4530.60346887205, -44.3789523848667
633380400       , -92804883486.2928, 133652754270.502, -33628675.7784298, -29456.7075959957, -4527.43777927674, -43.6673962901755
633384000       , -92910942467.7392, 133636461083.444, -33784592.9172416, -29464.9526549482, -4524.34496430297, -42.9527206900429
633387600       , -93017031173.0887, 133620178899.169, -33937931.6847405, -29473.2207806387, -4521.3251407408, -42.2349762212185
633391200       , -93123149684.3572, 133603907454.704, -34088681.1241241, -29481.5114041098, -4518.37842228896, -41.5142135063178
633394800       , -93229298081.5137, 133587646486.67 , -34236830.4608069, -29489.8239569898, -4515.50491958256, -40.790483154435
633398400       , -93335476442.4816, 133571395731.295, -34382369.1023727, -29498.1578714818, -4512.70474022017, -40.0638357618028
633402000       , -93441684843.1417, 133555154924.426, -34525286.6385297, -29506.5125803521, -4509.97798879016, -39.3343219125008
633405600       , -93547923357.3335, 133538923801.539, -34665572.841068, -29514.8875169183, -4507.32476689634, -38.6019921792086
633409200       , -93654192056.8574, 133522702097.75 , -34803217.66382 , -29523.2821150368, -4504.74517318299, -37.8668971240053
633412800       , -93760491011.4769, 133506489547.823, -34938211.2426238, -29531.6958090908, -4502.23930335907, -37.129087299212
633416400       , -93866820288.92 , 133490285886.185, -35070543.8952897, -29540.1280339762, -4499.80725022185, -36.3886132482776
633420000       , -93973179954.8811, 133474090846.933, -35200206.1215697, -29548.5782250893, -4497.44910367977, -35.6455255067061
633423600       , -94079570073.0232, 133457904163.846, -35327188.6031307, -29557.0458183122, -4495.16495077465, -34.8998746030246
633427200       , -94185990704.9792, 133441725570.394, -35451482.2035315, -29565.5302499993, -4492.95487570312, -34.1517110597913
633430800       , -94292441910.3536, 133425554799.75 , -35573077.9682026, -29574.0309569626, -4490.81895983745, -33.4010853946416
633434400       , -94398923746.7244, 133409391584.798, -35691967.1244311, -29582.5473764571, -4488.7572817456, -32.6480481213725
633438000       , -94505436269.6444, 133393235658.144, -35808141.0813482, -29591.0789461656, -4486.7699172106, -31.8926497510626
633441600       , -94611979532.6429, 133377086752.129, -35921591.4299221, -29599.6251041838, -4484.85693924921, -31.1349407932285
633445200       , -94718553587.2268, 133360944598.833, -36032309.942954, -29608.1852890045, -4483.01841812991, -30.374971757015
633448800       , -94825158482.8826, 133344808930.089, -36140288.5750793, -29616.7589395016, -4481.25442139009, -29.6127931524194
633452400       , -94931794267.0771, 133328679477.492, -36245519.4627729, -29625.3454949144, -4479.56501385267, -28.8484554915477
633456000       , -95038460985.2594, 133312555972.407, -36347994.9243588, -29633.9443948309, -4477.95025764187, -28.0820092899027
633459600       , -95145158680.8613, 133296438145.983, -36447707.4600251, -29642.5550791716, -4476.41021219838, -27.3135050677023
633463200       , -95251887395.2991, 133280325729.158, -36544649.7518429, -29651.1769881722, -4474.94493429375, -26.5429933512275
633466800       , -95358647167.9744, 133264218452.67 , -36638814.6637912, -29659.8095623674, -4473.5544780441, -25.7705246741987
633470400       , -95465438036.2754, 133248116047.068, -36730195.2417857, -29668.452242573, -4472.23889492311, -24.99614957918 
633474000       , -95572260035.5775, 133232018242.72 , -36818784.7137135, -29677.1044698687, -4470.9982337743, -24.2199186190096
633477600       , -95679113199.2446, 133215924769.822, -36904576.4894724, -29685.7656855809, -4469.83254082261, -23.4418823582558
633481200       , -95785997558.6297, 133199835358.411, -36987564.1610163, -29694.4353312645, -4468.7418596852, -22.6620913746979
633484800       , -95892913143.0758, 133183749738.369, -37067741.5024049, -29703.1128486852, -4467.72623138166, -21.8805962608307
633488400       , -95999859979.9167, 133167667639.435, -37145102.4698597, -29711.7976798018, -4466.78569434337, -21.0974476253919
633492000       , -96106838094.4774, 133151588791.217, -37219641.2018251, -29720.4892667475, -4465.92028442223, -20.3126960949109
633495600       , -96213847510.075, 133135512923.195, -37291352.0190357, -29729.1870518119, -4465.13003489866, -19.5263923152783
633499200       , -96320888248.0191, 133119439764.736, -37360229.4245882, -29737.8904774227, -4464.41497648887, -18.7385869533362
633502800       , -96427960327.6122, 133103369045.1  , -37426268.1040203, -29746.5989861271, -4463.77513735138, -17.9493306984867
633506400       , -96535063766.1502, 133087300493.452, -37489462.9253945, -29755.3120205729, -4463.21054309295, -17.1586742643182
633510000       , -96642198578.9225, 133071233838.868, -37549808.939388, -29764.0290234906, -4462.72121677359, -16.3666683902496
633513600       , -96749364779.2128, 133055168810.345, -37607301.3793894, -29772.7494376736, -4462.30717891106, -15.5733638431898
633517200       , -96856562378.2987, 133039105136.812, -37661935.6615996, -29781.4727059603, -4461.96844748451, -14.778811419213
633520800       , -96963791385.4521, 133023042547.137, -37713707.3851409, -29790.1982712148, -4461.70503793748, -13.9830619452478
633524400       , -97071051807.9393, 133006980770.136, -37762612.3321702, -29798.9255763079, -4461.51696318012, -13.1861662807803
633528000       , -97178343651.0208, 132990919534.587, -37808646.4679999, -29807.6540640987, -4461.40423359074, -12.3881753195689
633531600       , -97285666917.9514, 132974858569.231, -37851805.9412244, -29816.3831774147, -4461.36685701663, -11.5891399913707
633535200       , -97393021609.9801, 132958797602.786, -37892087.0838524, -29825.1123590337, -4461.40483877417, -10.7891112636792
633538800       , -97500407726.3497, 132942736363.958, -37929486.4114461, -29833.8410516646, -4461.51818164815, -9.9881401434704
633542400       , -97607825264.2965, 132926674581.444, -37964000.6232666, -29842.568697928, -4461.70688589052, -9.18627767895885
633546000       , -97715274219.0501, 132910611983.948, -37995626.6024255, -29851.2947403376, -4461.97094921823, -8.38357496136036
633549600       , -97822754583.8331, 132894548300.184, -38024361.4160427, -29860.0186212815, -4462.31036681054, -7.5800831266623
633553200       , -97930266349.8603, 132878483258.89 , -38050202.315411, -29868.7397830027, -4462.72513130544, -6.77585335739938
633556800       , -98037809506.3382, 132862416588.834, -38073146.7361668, -29877.4576675809, -4463.21523279549, -5.97093688443472
633560400       , -98145384040.4646, 132846348018.824, -38093192.2984671, -29886.1717169131, -4463.78065882287, -5.16538498874459
633564000       , -98252989937.4277, 132830277277.719, -38110336.8071736, -29894.8813726953, -4464.4213943737, -4.35924900320644
633567600       , -98360627180.4055, 132814204094.434, -38124578.2520421, -29903.5860764041, -4465.13742187168, -3.55258031438906
633571200       , -98468295750.5648, 132798128197.955, -38135914.8079198, -29912.2852692773, -4465.92872117099, -2.74543036434392
633574800       , -98575995627.0604, 132782049317.342, -38144344.8349474, -29920.9783922963, -4466.79526954847, -1.93785065239677
633578400       , -98683726787.0343, 132765967181.745, -38149866.8787693, -29929.6648861675, -4467.73704169512, -1.1298927369384
633582000       , -98791489205.6143, 132749881520.406, -38152479.6707489, -29938.3441913038, -4468.75400970677, -0.321608237213915
633585600       , -98899282855.9133, 132733792062.676, -38152182.1281913, -29947.0157478069, -4469.84614307418, 0.486951164890804
633589200       , -99007107709.0279, 132717698538.017, -38148973.3545716, -29955.6789954493, -4471.01340867232, 1.295733723066  
633592800       , -99114963734.0372, 132701600676.017, -38142852.6397703, -29964.3333736562, -4472.25577074896, 2.10468762479963
633596400       , -99222850898.0017, 132685498206.398, -38133819.4603149, -29972.9783214885, -4473.57319091254, 2.91376098960475
633600000       , -99330769165.9618, 132669390859.022, -38121873.4796275, -29981.6132776245, -4474.96562811931, 3.72290186725275
633603600       , -99438718500.9365, 132653278363.907, -38107014.5482793, -29990.2376803435, -4476.43303865982, 4.53205823601481
633607200       , -99546698863.9216, 132637160451.231, -38089242.704251, -29998.8509675082, -4477.97537614457, 5.34117800091161
633610800       , -99654710213.8887, 132621036851.345, -38068558.1731998, -30007.4525765479, -4479.59259148904, 6.15020899197225
633614400       , -99762752507.7833, 132604907294.78 , -38044961.3687321, -30016.041944442, -4481.28463289798, 6.95909896250419
633618000       , -99870825700.5231, 132588771512.262, -38018452.8926834, -30024.6185077035, -4483.051445849 , 7.76779558737433
633621600       , -99978929744.9964, 132572629234.713, -37989033.5354032, -30033.181702363, -4484.89297307536, 8.57624646130276
633625200       , -100087064592.06, 132556480193.27 , -37956704.2760469, -30041.7309639523, -4486.80915454817, 9.3843990971701 
633628800       , -100195230190.539, 132540324119.29 , -37921466.2828735, -30050.2657274893, -4488.79992745778, 10.1922009243394
633632400       , -100303426487.222, 132524160744.361, -37883320.9135489, -30058.7854274624, -4490.86522619452, 10.9995992869942
633636000       , -100411653426.861, 132507989800.312, -37842269.7154557, -30067.2894978151, -4493.00498232864, 11.8065414424923
633639600       , -100519910952.171, 132491811019.224, -37798314.426009, -30075.7773719317, -4495.21912458968, 12.612974559738 
633643200       , -100628199003.823, 132475624133.44 , -37751456.9729773, -30084.2484826224, -4497.50757884497, 13.4188457175735
633646800       , -100736517520.448, 132459428875.574, -37701699.4748098, -30092.7022621092, -4499.87026807754, 14.2241019031893
633650400       , -100844866438.631, 132443224978.523, -37649044.2409691, -30101.1381420123, -4502.30711236324, 15.0286900105568
633654000       , -100953245692.908, 132427012175.478, -37593493.7722697, -30109.5555533363, -4504.81802884722, 15.8325568388815
633657600       , -101061655215.769, 132410790199.932, -37535050.7612218, -30117.953926457, -4507.40293171964, 16.6356490910812
633661200       , -101170094937.648, 132394558785.692, -37473718.0923807, -30126.3326911091, -4510.06173219075, 17.4379133722874
633664800       , -101278564786.929, 132378317666.892, -37409498.8427013, -30134.691276373, -4512.79433846515, 18.2392961883726
633668400       , -101387064689.937, 132362066578.002, -37342396.2818983, -30143.0291106636, -4515.60065571549, 19.0397439445041
633672000       , -101495594570.938, 132345805253.835, -37272413.8728114, -30151.3456217182, -4518.48058605533, 19.839202943726 
633675600       , -101604154352.138, 132329533429.567, -37199555.2717749, -30159.6402365853, -4521.43402851142, 20.6376193855696
633679200       , -101712743953.678, 132313250840.74 , -37123824.3289933, -30167.9123816141, -4524.4608789952, 21.4349393646947
633682800       , -101821363293.632, 132296957223.277, -37045225.0889212, -30176.161482444, -4527.56103027363, 22.2311088695614
633686400       , -101930012288.008, 132280652313.493, -36963761.7906476, -30184.3869639947, -4530.73437193934, 23.0260737811355
633690000       , -102038690850.739, 132264335848.106, -36879438.8682858, -30192.588250457, -4533.98079038004, 23.8197798716269
633693600       , -102147398893.685, 132248007564.25 , -36792260.9513663, -30200.7647652835, -4537.30016874735, 24.6121728032631
633697200       , -102256136326.63, 132231667199.483, -36702232.8652356, -30208.9159311806, -4540.69238692477, 25.4031981270997
633700800       , -102364903057.277, 132215314491.804, -36609359.6314583, -30217.0411701005, -4544.15732149514, 26.1928012818676
633704400       , -102473698991.248, 132198949179.66 , -36513646.4682232, -30225.1399032333, -4547.69484570729, 26.9809275928594
633708000       , -102582524032.078, 132182571001.963, -36415098.790754, -30233.211551001, -4551.30482944208, 27.7675222708556
633711600       , -102691378081.216, 132166179698.097, -36313722.2117234, -30241.2555330505, -4554.98713917774, 28.5525304110932
633715200       , -102800261038.02, 132149775007.934, -36209522.5416703, -30249.271268248, -4558.74163795452, 29.3358969922756
633718800       , -102909172799.753, 132133356671.845, -36102505.7894219, -30257.2581746741, -4562.56818533871, 30.1175668756277
633722400       , -103018113261.583, 132116924430.713, -35992678.1625176, -30265.2156696189, -4566.46663738595, 30.8974848039958
633726000       , -103127082316.58, 132100478025.946, -35880046.0676368, -30273.1431695782, -4570.4368466039, 31.6755954009946
633729600       , -103236079855.709, 132084017199.49 , -35764616.1110301, -30281.04009025 , -4574.47866191425, 32.4518431702025
633733200       , -103345105767.832, 132067541693.839, -35646395.098952, -30288.9058465322, -4578.59192861404, 33.2261724944056
633736800       , -103454159939.704, 132051051252.052, -35525390.0380977, -30296.7398525197, -4582.77648833638, 33.9985276348935
633740400       , -103563242255.966, 132034545617.765, -35401608.1360414, -30304.541521504, -4587.03217901048, 34.7688527308075
633744000       , -103672352599.149, 132018024535.204, -35275056.8016772, -30312.3102659717, -4591.35883482108, 35.5370917985419
633747600       , -103781490849.665, 132001487749.199, -35145743.6456618, -30320.0454976048, -4595.75628616716, 36.3031887312015
633751200       , -103890656885.809, 131984935005.197, -35013676.4808595, -30327.7466272813, -4600.22435962012, 37.0670872981147
633754800       , -103999850583.751, 131968366049.276, -34878863.3227884, -30335.4130650767, -4604.76287788122, 37.8287311444062
633758400       , -104109071817.538, 131951780628.159, -34741312.3900685, -30343.044220266, -4609.37165973852, 38.5880637906285
633762000       , -104218320459.088, 131935178489.231, -34601032.1048701, -30350.6395013269, -4614.05052002309, 39.3450286324547
633765600       , -104327596378.188, 131918559380.548, -34458031.0933646, -30358.198315943, -4618.79926956467, 40.0995689404346
633769200       , -104436899442.491, 131901923050.854, -34312318.1861748, -30365.7200710087, -4623.61771514669, 40.8516278598149
633772800       , -104546229517.515, 131885269249.6  , -34163902.4188263, -30373.2041726341, -4628.50565946073, 41.6011484104249
633776400       , -104655586466.636, 131868597726.949, -34012793.0321992, -30380.6500261516, -4633.46290106034, 42.3480734866306
633780000       , -104764970151.091, 131851908233.802, -33858999.4729796, -30388.0570361223, -4638.48923431432, 43.0923458573569
633783600       , -104874380429.969, 131835200521.803, -33702531.3941113, -30395.4246063441, -4643.58444935936, 43.8339081661811
633787200       , -104983817160.212, 131818474343.365, -33543398.6552464, -30402.7521398602, -4648.74833205217, 44.572702931499 
633790800       , -105093280196.614, 131801729451.673, -33381611.323196, -30410.0390389689, -4653.98066392103, 45.3086725467643
633794400       , -105202769391.813, 131784965600.712, -33217179.672379, -30417.2847052338, -4659.28122211674, 46.0417592808043
633798000       , -105312284596.293, 131768182545.275, -33050114.1852703, -30424.4885394952, -4664.64977936308, 46.7719052782122
633801600       , -105421825658.379, 131751380040.98 , -32880425.5528472, -30431.6499418824, -4670.08610390667, 47.4990525598195
633805200       , -105531392424.236, 131734557844.289, -32708124.6750342, -30438.7683118273, -4675.58995946641, 48.2231430232483
633808800       , -105640984737.864, 131717715712.523, -32533222.6611447, -30445.8430480782, -4681.16110518222, 48.9441184435465
633812400       , -105750602441.099, 131700853403.877, -32355730.830322, -30452.8735487154, -4686.79929556348, 49.6619204739065
633816000       , -105860245373.608, 131683970677.441, -32175660.7119758, -30459.8592111671, -4692.50428043678, 50.3764906464716
633819600       , -105969913372.889, 131667067293.21 , -31993024.0462166, -30466.799432227, -4698.2758048933, 51.087770373228 
633823200       , -106079606274.266, 131650143012.109, -31807832.7842867, -30473.6936080725, -4704.11360923566, 51.7957009469877
633826800       , -106189323910.888, 131633197596.005, -31620099.0889871, -30480.5411342841, -4710.01742892432, 52.5002235424627
633830400       , -106299066113.727, 131616230807.726, -31429835.3351009, -30487.3414058658, -4715.98699452351, 53.2012792174317
