631152000       , 107494157494.255, 10475227982.7563, -6104078714.2673, -3176.89896663163, 34727.9935961639, 659.459449809685
631155600       , 107482720657.903, 10600248758.3194, -6101704660.23228, -3176.89900649976, 34727.9928277958, 659.459458533205
631159200       , 107471283821.408, 10725269531.1167, -6099330606.16587, -3176.89904633954, 34727.9920596294, 659.459467249923
631162800       , 107459846984.769, 10850290301.1489, -6096956552.06809, -3176.89908615094, 34727.9912916646, 659.459475959838
631166400       , 107448410147.988, 10975311068.4169, -6094582497.93897, -3176.89912593396, 34727.990523901 , 659.459484662951
631170000       , 107436973311.063, 11100331832.9213, -6092208443.77853, -3176.8991656886, 34727.9897563387, 659.459493359262
631173600       , 107425536473.995, 11225352594.6628, -6089834389.58679, -3176.89920541485, 34727.9889889774, 659.459502048772
631177200       , 107414099636.784, 11350373353.6422, -6087460335.36378, -3176.8992451127, 34727.988221817 , 659.459510731481
631180800       , 107402662799.43 , 11475394109.8601, -6085086281.10953, -3176.89928478214, 34727.9874548572, 659.459519407389
631184400       , 107391225961.933, 11600414863.3174, -6082712226.82406, -3176.89932442317, 34727.986688098 , 659.459528076497
631188000       , 107379789124.294, 11725435614.0147, -6080338172.50739, -3176.89936403577, 34727.9859215391, 659.459536738805
631191600       , 107368352286.512, 11850456361.9527, -6077964118.15955, -3176.89940361994, 34727.9851551804, 659.459545394313
631195200       , 107356915448.588, 11975477107.1322, -6075590063.78056, -3176.89944317567, 34727.9843890217, 659.459554043023
631198800       , 107345478610.521, 12100497849.5539, -6073216009.37045, -3176.89948270294, 34727.9836230628, 659.459562684934
631202400       , 107334041772.313, 12225518589.2185, -6070841954.92924, -3176.89952220175, 34727.9828573037, 659.459571320046
631206000       , 107322604933.962, 12350539326.1267, -6068467900.45695, -3176.8995616721, 34727.9820917441, 659.459579948361
631209600       , 107311168095.469, 12475560060.2793, -6066093845.95362, -3176.89960111395, 34727.9813263838, 659.459588569878
631213200       , 107299731256.834, 12600580791.6769, -6063719791.41926, -3176.89964052732, 34727.9805612227, 659.459597184598
631216800       , 107288294418.057, 12725601520.3203, -6061345736.8539, -3176.89967991217, 34727.9797962606, 659.459605792521
631220400       , 107276857579.138, 12850622246.2102, -6058971682.25756, -3176.89971926851, 34727.9790314974, 659.459614393648
631224000       , 107265420740.078, 12975642969.3473, -6056597627.63027, -3176.89975859632, 34727.9782669329, 659.459622987978
631227600       , 107253983900.876, 13100663689.7324, -6054223572.97205, -3176.89979789559, 34727.9775025669, 659.459631575513
631231200       , 107242547061.533, 13225684407.3661, -6051849518.28293, -3176.8998371663, 34727.9767383993, 659.459640156253
631234800       , 107231110222.049, 13350705122.2491, -6049475463.56294, -3176.89987640844, 34727.9759744299, 659.459648730198
631238400       , 107219673382.423, 13475725834.3822, -6047101408.81208, -3176.899915622 , 34727.9752106585, 659.459657297348
631242000       , 107208236542.656, 13600746543.7661, -6044727354.0304, -3176.89995480696, 34727.974447085 , 659.459665857703
631245600       , 107196799702.749, 13725767250.4014, -6042353299.21792, -3176.89999396331, 34727.9736837092, 659.459674411265
631249200       , 107185362862.7  , 13850787954.289 , -6039979244.37465, -3176.90003309104, 34727.9729205309, 659.459682958034
631252800       , 107173926022.51 , 13975808655.4295, -6037605189.50063, -3176.90007219012, 34727.97215755  , 659.459691498009
631256400       , 107162489182.18 , 14100829353.8236, -6035231134.59587, -3176.90011126055, 34727.9713947663, 659.459700031192
631260000       , 107151052341.709, 14225850049.4721, -6032857079.66041, -3176.90015030231, 34727.9706321797, 659.459708557582
631263600       , 107139615501.098, 14350870742.3755, -6030483024.69427, -3176.90018931538, 34727.9698697899, 659.45971707718 
631267200       , 107128178660.346, 14475891432.5348, -6028108969.69746, -3176.90022829974, 34727.9691075969, 659.459725589987
631270800       , 107116741819.454, 14600912119.9505, -6025734914.67003, -3176.90026725538, 34727.9683456005, 659.459734096002
631274400       , 107105304978.422, 14725932804.6233, -6023360859.61198, -3176.90030618229, 34727.9675838004, 659.459742595226
631278000       , 107093868137.25 , 14850953486.5541, -6020986804.52335, -3176.90034508044, 34727.9668221966, 659.459751087659
631281600       , 107082431295.938, 14975974165.7434, -6018612749.40416, -3176.90038394981, 34727.9660607888, 659.459759573303
631285200       , 107070994454.485, 15100994842.192 , -6016238694.25443, -3176.9004227904, 34727.965299577 , 659.459768052156
631288800       , 107059557612.894, 15226015515.9006, -6013864639.07419, -3176.90046160217, 34727.9645385609, 659.45977652422 
631292400       , 107048120771.162, 15351036186.8699, -6011490583.86346, -3176.90050038511, 34727.9637777404, 659.459784989495
631296000       , 107036683929.291, 15476056855.1005, -6009116528.62227, -3176.90053913921, 34727.9630171154, 659.459793447981
631299600       , 107025247087.28 , 15601077520.5933, -6006742473.35064, -3176.90057786443, 34727.9622566856, 659.459801899678
631303200       , 107013810245.13 , 15726098183.3489, -6004368418.0486, -3176.90061656077, 34727.9614964509, 659.459810344587
631306800       , 107002373402.841, 15851118843.368 , -6001994362.71617, -3176.90065522821, 34727.9607364111, 659.459818782709
631310400       , 106990936560.413, 15976139500.6513, -5999620307.35338, -3176.90069386671, 34727.9599765662, 659.459827214043
631314000       , 106979499717.845, 16101160155.1995, -5997246251.96024, -3176.90073247626, 34727.9592169158, 659.459835638591
631317600       , 106968062875.139, 16226180807.0133, -5994872196.53679, -3176.90077105684, 34727.95845746  , 659.459844056351
631321200       , 106956626032.294, 16351201456.0935, -5992498141.08304, -3176.90080960843, 34727.9576981984, 659.459852467326
631324800       , 106945189189.31 , 16476222102.4406, -5990124085.59903, -3176.90084813101, 34727.956939131 , 659.459860871514
631328400       , 106933752346.187, 16601242746.0554, -5987750030.08477, -3176.90088662455, 34727.9561802576, 659.459869268917
631332000       , 106922315502.926, 16726263386.9387, -5985375974.5403, -3176.90092508903, 34727.955421578 , 659.459877659535
631335600       , 106910878659.526, 16851284025.091 , -5983001918.96563, -3176.90096352443, 34727.954663092 , 659.459886043368
631339200       , 106899441815.989, 16976304660.5132, -5980627863.3608, -3176.90100193072, 34727.9539047996, 659.459894420416
631342800       , 106888004972.313, 17101325293.2058, -5978253807.72581, -3176.90104030789, 34727.9531467005, 659.459902790681
631346400       , 106876568128.498, 17226345923.1697, -5975879752.06071, -3176.9010786559, 34727.9523887946, 659.459911154162
631350000       , 106865131284.546, 17351366550.4054, -5973505696.36551, -3176.90111697474, 34727.9516310818, 659.459919510859
631353600       , 106853694440.456, 17476387174.9137, -5971131640.64024, -3176.90115526437, 34727.9508735618, 659.459927860774
631357200       , 106842257596.228, 17601407796.6953, -5968757584.88492, -3176.90119352478, 34727.9501162346, 659.459936203906
631360800       , 106830820751.863, 17726428415.7508, -5966383529.09958, -3176.90123175594, 34727.9493590999, 659.459944540256
631364400       , 106819383907.36 , 17851449032.081 , -5964009473.28424, -3176.90126995782, 34727.9486021576, 659.459952869824
631368000       , 106807947062.719, 17976469645.6866, -5961635417.43893, -3176.9013081304, 34727.9478454076, 659.459961192611
631371600       , 106796510217.941, 18101490256.5682, -5959261361.56366, -3176.90134627366, 34727.9470888497, 659.459969508617
631375200       , 106785073373.026, 18226510864.7265, -5956887305.65847, -3176.90138438755, 34727.9463324836, 659.459977817842
631378800       , 106773636527.974, 18351531470.1623, -5954513249.72338, -3176.90142247207, 34727.9455763094, 659.459986120287
631382400       , 106762199682.784, 18476552072.8762, -5952139193.75842, -3176.90146052718, 34727.9448203268, 659.459994415952
631386000       , 106750762837.458, 18601572672.8689, -5949765137.7636, -3176.90149855285, 34727.9440645357, 659.460002704838
631389600       , 106739325991.995, 18726593270.1411, -5947391081.73895, -3176.90153654906, 34727.9433089359, 659.460010986945
631393200       , 106727889146.395, 18851613864.6934, -5945017025.6845, -3176.90157451578, 34727.9425535272, 659.460019262273
631396800       , 106716452300.658, 18976634456.5267, -5942642969.60027, -3176.90161245297, 34727.9417983095, 659.460027530823
631400400       , 106705015454.785, 19101655045.6415, -5940268913.48628, -3176.90165036062, 34727.9410432827, 659.460035792595
631404000       , 106693578608.776, 19226675632.0385, -5937894857.34257, -3176.90168823869, 34727.9402884466, 659.46004404759 
631407600       , 106682141762.63 , 19351696215.7185, -5935520801.16915, -3176.90172608716, 34727.939533801 , 659.460052295808
631411200       , 106670704916.348, 19476716796.6821, -5933146744.96605, -3176.90176390599, 34727.9387793458, 659.46006053725 
631414800       , 106659268069.93 , 19601737374.93  , -5930772688.73329, -3176.90180169515, 34727.9380250808, 659.460068771915
631418400       , 106647831223.376, 19726757950.4629, -5928398632.4709, -3176.90183945462, 34727.9372710059, 659.460076999804
631422000       , 106636394376.686, 19851778523.2815, -5926024576.1789, -3176.90187718436, 34727.9365171209, 659.460085220919
631425600       , 106624957529.86 , 19976799093.3864, -5923650519.85732, -3176.90191488435, 34727.9357634257, 659.460093435258
631429200       , 106613520682.899, 20101819660.7784, -5921276463.50617, -3176.90195255455, 34727.9350099201, 659.460101642823
631432800       , 106602083835.802, 20226840225.4581, -5918902407.1255, -3176.90199019493, 34727.934256604 , 659.460109843614
631436400       , 106590646988.569, 20351860787.4262, -5916528350.71531, -3176.90202780545, 34727.9335034772, 659.460118037632
631440000       , 106579210141.202, 20476881346.6834, -5914154294.27563, -3176.9020653861, 34727.9327505396, 659.460126224876
631443600       , 106567773293.699, 20601901903.2303, -5911780237.8065, -3176.90210293683, 34727.9319977909, 659.460134405348
631447200       , 106556336446.061, 20726922457.0677, -5909406181.30792, -3176.90214045762, 34727.9312452312, 659.460142579048
631450800       , 106544899598.287, 20851943008.1962, -5907032124.77994, -3176.90217794842, 34727.9304928601, 659.460150745976
631454400       , 106533462750.379, 20976963556.6165, -5904658068.22256, -3176.90221540921, 34727.9297406776, 659.460158906133
631458000       , 106522025902.336, 21101984102.3293, -5902284011.63582, -3176.90225283995, 34727.9289886835, 659.460167059518
631461600       , 106510589054.159, 21227004645.3353, -5899909955.01974, -3176.90229024062, 34727.9282368776, 659.460175206134
631465200       , 106499152205.847, 21352025185.635 , -5897535898.37434, -3176.90232761117, 34727.9274852599, 659.46018334598 
631468800       , 106487715357.4  , 21477045723.2294, -5895161841.69966, -3176.90236495157, 34727.9267338301, 659.460191479056
631472400       , 106476278508.819, 21602066258.1188, -5892787784.9957, -3176.90240226179, 34727.9259825881, 659.460199605364
631476000       , 106464841660.104, 21727086790.3042, -5890413728.26251, -3176.90243954179, 34727.9252315338, 659.460207724903
631479600       , 106453404811.254, 21852107319.7861, -5888039671.50009, -3176.90247679154, 34727.9244806669, 659.460215837674
631483200       , 106441967962.271, 21977127846.5652, -5885665614.70848, -3176.90251401101, 34727.9237299875, 659.460223943678
631486800       , 106430531113.154, 22102148370.6423, -5883291557.8877, -3176.90255120015, 34727.9229794952, 659.460232042915
631490400       , 106419094263.902, 22227168892.0178, -5880917501.03778, -3176.90258835893, 34727.92222919  , 659.460240135386
631494000       , 106407657414.517, 22352189410.6926, -5878543444.15874, -3176.90262548731, 34727.9214790717, 659.46024822109 
631497600       , 106396220564.999, 22477209926.6674, -5876169387.2506, -3176.90266258527, 34727.9207291402, 659.46025630003 
631501200       , 106384783715.347, 22602230439.9427, -5873795330.31339, -3176.90269965275, 34727.9199793953, 659.460264372204
631504800       , 106373346865.561, 22727250950.5192, -5871421273.34713, -3176.90273668973, 34727.9192298369, 659.460272437614
631508400       , 106361910015.643, 22852271458.3977, -5869047216.35184, -3176.90277369617, 34727.9184804648, 659.46028049626 
631512000       , 106350473165.591, 22977291963.5788, -5866673159.32756, -3176.90281067203, 34727.9177312789, 659.460288548144
631515600       , 106339036315.406, 23102312466.0632, -5864299102.2743, -3176.90284761727, 34727.916982279 , 659.460296593264
631519200       , 106327599465.088, 23227332965.8514, -5861925045.1921, -3176.90288453185, 34727.916233465 , 659.460304631622
631522800       , 106316162614.637, 23352353462.9443, -5859550988.08096, -3176.90292141575, 34727.9154848367, 659.460312663219
631526400       , 106304725764.054, 23477373957.3425, -5857176930.94093, -3176.90295826891, 34727.914736394 , 659.460320688054
631530000       , 106293288913.338, 23602394449.0466, -5854802873.77202, -3176.90299509129, 34727.9139881368, 659.460328706129
631533600       , 106281852062.489, 23727414938.0573, -5852428816.57425, -3176.90303188287, 34727.9132400648, 659.460336717445
631537200       , 106270415211.508, 23852435424.3753, -5850054759.34766, -3176.9030686436, 34727.9124921781, 659.460344722   
631540800       , 106258978360.395, 23977455908.0012, -5847680702.09226, -3176.90310537344, 34727.9117444763, 659.460352719797
631544400       , 106247541509.15 , 24102476388.9357, -5845306644.80809, -3176.90314207235, 34727.9109969594, 659.460360710836
631548000       , 106236104657.772, 24227496867.1795, -5842932587.49515, -3176.90317874029, 34727.9102496272, 659.460368695118
631551600       , 106224667806.263, 24352517342.7333, -5840558530.15349, -3176.90321537722, 34727.9095024796, 659.460376672642
631555200       , 106213230954.622, 24477537815.5976, -5838184472.78312, -3176.9032519831, 34727.9087555165, 659.46038464341 
631558800       , 106201794102.849, 24602558285.7732, -5835810415.38406, -3176.90328855789, 34727.9080087376, 659.460392607422
631562400       , 106190357250.944, 24727578753.2607, -5833436357.95635, -3176.90332510155, 34727.907262143 , 659.460400564679
631566000       , 106178920398.908, 24852599218.0609, -5831062300.50001, -3176.90336161404, 34727.9065157323, 659.460408515182
631569600       , 106167483546.74 , 24977619680.1742, -5828688243.01505, -3176.90339809531, 34727.9057695054, 659.46041645893 
631573200       , 106156046694.442, 25102640139.6015, -5826314185.50151, -3176.90343454533, 34727.9050234624, 659.460424395926
631576800       , 106144609842.012, 25227660596.3434, -5823940127.95941, -3176.90347096405, 34727.9042776028, 659.460432326168
631580400       , 106133172989.451, 25352681050.4005, -5821566070.38877, -3176.90350735143, 34727.9035319268, 659.460440249659
631584000       , 106121736136.759, 25477701501.7735, -5819192012.78962, -3176.90354370742, 34727.902786434 , 659.460448166399
631587600       , 106110299283.936, 25602721950.463 , -5816817955.16198, -3176.90358003199, 34727.9020411244, 659.460456076387
631591200       , 106098862430.983, 25727742396.4698, -5814443897.50588, -3176.90361632509, 34727.9012959978, 659.460463979626
631594800       , 106087425577.899, 25852762839.7944, -5812069839.82133, -3176.90365258667, 34727.9005510541, 659.460471876116
631598400       , 106075988724.684, 25977783280.4376, -5809695782.10838, -3176.90368881671, 34727.8998062932, 659.460479765857
631602000       , 106064551871.339, 26102803718.4   , -5807321724.36703, -3176.90372501514, 34727.8990617148, 659.460487648849
631605600       , 106053115017.864, 26227824153.6822, -5804947666.59731, -3176.90376118193, 34727.8983173189, 659.460495525095
631609200       , 106041678164.259, 26352844586.2849, -5802573608.79926, -3176.90379731703, 34727.8975731054, 659.460503394594
631612800       , 106030241310.523, 26477865016.2087, -5800199550.97288, -3176.9038334204, 34727.896829074 , 659.460511257348
631616400       , 106018804456.658, 26602885443.4544, -5797825493.11821, -3176.903869492 , 34727.8960852247, 659.460519113356
631620000       , 106007367602.663, 26727905868.0226, -5795451435.23527, -3176.90390553177, 34727.8953415572, 659.46052696262 
631623600       , 105995930748.538, 26852926289.9139, -5793077377.32409, -3176.90394153968, 34727.8945980716, 659.46053480514 
631627200       , 105984493894.284, 26977946709.1289, -5790703319.38468, -3176.90397751568, 34727.8938547675, 659.460542640917
631630800       , 105973057039.9  , 27102967125.6684, -5788329261.41708, -3176.90401345972, 34727.893111645 , 659.460550469953
631634400       , 105961620185.387, 27227987539.533 , -5785955203.42131, -3176.90404937176, 34727.8923687039, 659.460558292246
631638000       , 105950183330.745, 27353007950.7233, -5783581145.39739, -3176.90408525175, 34727.8916259439, 659.4605661078  
631641600       , 105938746475.973, 27478028359.24  , -5781207087.34534, -3176.90412109965, 34727.890883365 , 659.460573916613
631645200       , 105927309621.073, 27603048765.0837, -5778833029.26519, -3176.9041569154, 34727.8901409671, 659.460581718687
631648800       , 105915872766.044, 27728069168.2552, -5776458971.15697, -3176.90419269897, 34727.88939875  , 659.460589514023
631652400       , 105904435910.886, 27853089568.7549, -5774084913.0207, -3176.90422845031, 34727.8886567136, 659.460597302621
631656000       , 105892999055.599, 27978109966.5837, -5771710854.8564, -3176.90426416936, 34727.8879148578, 659.460605084483
631659600       , 105881562200.184, 28103130361.7421, -5769336796.6641, -3176.90429985609, 34727.8871731823, 659.460612859608
631663200       , 105870125344.64 , 28228150754.2308, -5766962738.44382, -3176.90433551044, 34727.8864316871, 659.460620627999
631666800       , 105858688488.968, 28353171144.0505, -5764588680.19559, -3176.90437113237, 34727.8856903721, 659.460628389655
631670400       , 105847251633.168, 28478191531.2017, -5762214621.91942, -3176.90440672183, 34727.884949237 , 659.460636144578
631674000       , 105835814777.24 , 28603211915.6852, -5759840563.61535, -3176.90444227877, 34727.8842082819, 659.460643892768
631677600       , 105824377921.183, 28728232297.5016, -5757466505.2834, -3176.90447780314, 34727.8834675064, 659.460651634226
631681200       , 105812941064.999, 28853252676.6515, -5755092446.92359, -3176.9045132949, 34727.8827269106, 659.460659368954
631684800       , 105801504208.688, 28978273053.1356, -5752718388.53595, -3176.904548754 , 34727.8819864943, 659.460667096951
631688400       , 105790067352.248, 29103293426.9545, -5750344330.1205, -3176.90458418038, 34727.8812462573, 659.46067481822 
631692000       , 105778630495.682, 29228313798.1088, -5747970271.67727, -3176.90461957401, 34727.8805061995, 659.46068253276 
631695600       , 105767193638.988, 29353334166.5993, -5745596213.20628, -3176.90465493482, 34727.8797663208, 659.460690240572
631699200       , 105755756782.166, 29478354532.4265, -5743222154.70755, -3176.90469026277, 34727.879026621 , 659.460697941658
631702800       , 105744319925.218, 29603374895.5912, -5740848096.18111, -3176.90472555782, 34727.8782871001, 659.460705636019
631706400       , 105732883068.142, 29728395256.0939, -5738474037.62698, -3176.9047608199, 34727.8775477578, 659.460713323654
631710000       , 105721446210.94 , 29853415613.9353, -5736099979.04518, -3176.90479604898, 34727.8768085941, 659.460721004566
631713600       , 105710009353.611, 29978435969.116 , -5733725920.43575, -3176.904831245 , 34727.8760696089, 659.460728678756
631717200       , 105698572496.155, 30103456321.6367, -5731351861.7987, -3176.90486640791, 34727.8753308019, 659.460736346223
631720800       , 105687135638.573, 30228476671.498 , -5728977803.13407, -3176.90490153767, 34727.8745921731, 659.460744006969
631724400       , 105675698780.864, 30353497018.7005, -5726603744.44186, -3176.90493663421, 34727.8738537223, 659.460751660995
631728000       , 105664261923.029, 30478517363.245 , -5724229685.72212, -3176.90497169749, 34727.8731154494, 659.460759308303
631731600       , 105652825065.068, 30603537705.132 , -5721855626.97485, -3176.90500672746, 34727.8723773543, 659.460766948892
631735200       , 105641388206.98 , 30728558044.3621, -5719481568.20009, -3176.90504172407, 34727.8716394369, 659.460774582764
631738800       , 105629951348.767, 30853578380.9361, -5717107509.39786, -3176.90507668727, 34727.8709016969, 659.46078220992 
631742400       , 105618514490.428, 30978598714.8546, -5714733450.56819, -3176.905111617 , 34727.8701641344, 659.460789830361
631746000       , 105607077631.964, 31103619046.1181, -5712359391.71109, -3176.90514651321, 34727.8694267492, 659.460797444087
631749600       , 105595640773.374, 31228639374.7274, -5709985332.8266, -3176.90518137586, 34727.868689541 , 659.460805051101
631753200       , 105584203914.658, 31353659700.683 , -5707611273.91473, -3176.90521620489, 34727.8679525099, 659.460812651403
631756800       , 105572767055.817, 31478680023.9857, -5705237214.97552, -3176.90525100024, 34727.8672156557, 659.460820244993
631760400       , 105561330196.851, 31603700344.6359, -5702863156.00898, -3176.90528576187, 34727.8664789783, 659.460827831874
631764000       , 105549893337.759, 31728720662.6345, -5700489097.01513, -3176.90532048972, 34727.8657424775, 659.460835412046
631767600       , 105538456478.543, 31853740977.982 , -5698115037.99402, -3176.90535518375, 34727.8650061532, 659.460842985509
631771200       , 105527019619.202, 31978761290.679 , -5695740978.94565, -3176.90538984389, 34727.8642700052, 659.460850552266
631774800       , 105515582759.736, 32103781600.7262, -5693366919.87005, -3176.90542447009, 34727.8635340336, 659.460858112318
631778400       , 105504145900.146, 32228801908.1243, -5690992860.76725, -3176.90545906231, 34727.862798238 , 659.460865665665
631782000       , 105492709040.431, 32353822212.8738, -5688618801.63726, -3176.90549362049, 34727.8620626185, 659.460873212308
631785600       , 105481272180.592, 32478842514.9753, -5686244742.48013, -3176.90552814457, 34727.8613271749, 659.460880752248
631789200       , 105469835320.629, 32603862814.4296, -5683870683.29586, -3176.90556263451, 34727.860591907 , 659.460888285488
631792800       , 105458398460.541, 32728883111.2373, -5681496624.08448, -3176.90559709024, 34727.8598568148, 659.460895812027
631796400       , 105446961600.33 , 32853903405.3989, -5679122564.84602, -3176.90563151172, 34727.8591218981, 659.460903331867
631800000       , 105435524739.994, 32978923696.9152, -5676748505.5805, -3176.90566589889, 34727.8583871568, 659.460910845009
631803600       , 105424087879.535, 33103943985.7867, -5674374446.28794, -3176.90570025169, 34727.8576525908, 659.460918351455
631807200       , 105412651018.952, 33228964272.014 , -5672000386.96838, -3176.90573457008, 34727.8569181999, 659.460925851205
631810800       , 105401214158.246, 33353984555.5979, -5669626327.62182, -3176.90576885399, 34727.8561839841, 659.46093334426 
631814400       , 105389777297.417, 33479004836.5389, -5667252268.2483, -3176.90580310338, 34727.8554499431, 659.460940830623
631818000       , 105378340436.464, 33604025114.8377, -5664878208.84785, -3176.90583731819, 34727.854716077 , 659.460948310293
631821600       , 105366903575.388, 33729045390.4949, -5662504149.42048, -3176.90587149836, 34727.8539823855, 659.460955783272
631825200       , 105355466714.189, 33854065663.5111, -5660130089.96622, -3176.90590564385, 34727.8532488685, 659.460963249562
631828800       , 105344029852.868, 33979085933.887 , -5657756030.48509, -3176.90593975458, 34727.852515526 , 659.460970709163
631832400       , 105332592991.423, 34104106201.6231, -5655381970.97712, -3176.90597383052, 34727.8517823578, 659.460978162077
631836000       , 105321156129.856, 34229126466.7201, -5653007911.44233, -3176.9060078716, 34727.8510493638, 659.460985608306
631839600       , 105309719268.166, 34354146729.1787, -5650633851.88075, -3176.90604187777, 34727.8503165438, 659.460993047849
631843200       , 105298282406.355, 34479166988.9995, -5648259792.29239, -3176.90607584897, 34727.8495838978, 659.461000480709
631846800       , 105286845544.42 , 34604187246.183 , -5645885732.67729, -3176.90610978515, 34727.8488514257, 659.461007906887
631850400       , 105275408682.364, 34729207500.7299, -5643511673.03547, -3176.90614368625, 34727.8481191272, 659.461015326384
631854000       , 105263971820.186, 34854227752.6409, -5641137613.36695, -3176.90617755222, 34727.8473870023, 659.461022739201
631857600       , 105252534957.886, 34979248001.9166, -5638763553.67176, -3176.90621138299, 34727.8466550509, 659.46103014534 
631861200       , 105241098095.464, 35104268248.5575, -5636389493.94991, -3176.90624517853, 34727.8459232729, 659.461037544802
631864800       , 105229661232.921, 35229288492.5643, -5634015434.20144, -3176.90627893875, 34727.8451916681, 659.461044937589
631868400       , 105218224370.256, 35354308733.9377, -5631641374.42637, -3176.90631266362, 34727.8444602365, 659.461052323701
631872000       , 105206787507.469, 35479328972.6782, -5629267314.62472, -3176.90634635308, 34727.8437289778, 659.46105970314 
631875600       , 105195350644.562, 35604349208.7866, -5626893254.79652, -3176.90638000706, 34727.8429978921, 659.461067075907
631879200       , 105183913781.533, 35729369442.2633, -5624519194.94178, -3176.90641362551, 34727.8422669791, 659.461074442004
631882800       , 105172476918.384, 35854389673.109 , -5622145135.06054, -3176.90644720838, 34727.8415362388, 659.461081801431
631886400       , 105161040055.114, 35979409901.3244, -5619771075.15282, -3176.90648075561, 34727.840805671 , 659.461089154192
631890000       , 105149603191.722, 36104430126.91  , -5617397015.21864, -3176.90651426714, 34727.8400752757, 659.461096500286
631893600       , 105138166328.211, 36229450349.8666, -5615022955.25803, -3176.90654774291, 34727.8393450527, 659.461103839715
631897200       , 105126729464.579, 36354470570.1946, -5612648895.271 , -3176.90658118287, 34727.8386150019, 659.461111172481
631900800       , 105115292600.826, 36479490787.8948, -5610274835.25759, -3176.90661458695, 34727.8378851232, 659.461118498585
631904400       , 105103855736.954, 36604511002.9677, -5607900775.21782, -3176.90664795511, 34727.8371554165, 659.461125818028
631908000       , 105092418872.961, 36729531215.414 , -5605526715.15171, -3176.90668128729, 34727.8364258816, 659.461133130812
631911600       , 105080982008.849, 36854551425.2343, -5603152655.05929, -3176.90671458342, 34727.8356965185, 659.461140436939
631915200       , 105069545144.616, 36979571632.4292, -5600778594.94057, -3176.90674784344, 34727.834967327 , 659.461147736409
631918800       , 105058108280.264, 37104591836.9992, -5598404534.79559, -3176.90678106732, 34727.8342383071, 659.461155029224
631922400       , 105046671415.793, 37229612038.9452, -5596030474.62437, -3176.90681425497, 34727.8335094585, 659.461162315386
631926000       , 105035234551.202, 37354632238.2676, -5593656414.42693, -3176.90684740635, 34727.8327807813, 659.461169594897
631929600       , 105023797686.491, 37479652434.967 , -5591282354.20329, -3176.90688052139, 34727.8320522753, 659.461176867757
631933200       , 105012360821.662, 37604672629.0441, -5588908293.95349, -3176.90691360005, 34727.8313239404, 659.461184133968
631936800       , 105000923956.713, 37729692820.4996, -5586534233.67754, -3176.90694664226, 34727.8305957764, 659.461191393531
631940400       , 104989487091.646, 37854713009.3339, -5584160173.37546, -3176.90697964796, 34727.8298677833, 659.461198646449
631944000       , 104978050226.46 , 37979733195.5478, -5581786113.04729, -3176.90701261709, 34727.8291399609, 659.461205892723
631947600       , 104966613361.155, 38104753379.1419, -5579412052.69304, -3176.9070455496, 34727.8284123092, 659.461213132354
631951200       , 104955176495.732, 38229773560.1166, -5577037992.31275, -3176.90707844543, 34727.8276848281, 659.461220365344
631954800       , 104943739630.191, 38354793738.4728, -5574663931.90642, -3176.90711130451, 34727.8269575173, 659.461227591694
631958400       , 104932302764.531, 38479813914.211 , -5572289871.47409, -3176.9071441268, 34727.8262303769, 659.461234811406
631962000       , 104920865898.753, 38604834087.3317, -5569915811.01579, -3176.90717691223, 34727.8255034067, 659.461242024482
631965600       , 104909429032.857, 38729854257.8357, -5567541750.53153, -3176.90720966074, 34727.8247766065, 659.461249230923
631969200       , 104897992166.843, 38854874425.7235, -5565167690.02133, -3176.90724237227, 34727.8240499764, 659.461256430731
631972800       , 104886555300.712, 38979894590.9957, -5562793629.48523, -3176.90727504676, 34727.8233235162, 659.461263623907
631976400       , 104875118434.463, 39104914753.653 , -5560419568.92325, -3176.90730768417, 34727.8225972257, 659.461270810453
631980000       , 104863681568.097, 39229934913.696 , -5558045508.3354, -3176.90734028442, 34727.8218711049, 659.46127799037 
631983600       , 104852244701.613, 39354955071.1252, -5555671447.72173, -3176.90737284745, 34727.8211451537, 659.461285163661
631987200       , 104840807835.012, 39479975225.9413, -5553297387.08223, -3176.90740537322, 34727.8204193719, 659.461292330327
631990800       , 104829370968.294, 39604995378.1449, -5550923326.41695, -3176.90743786165, 34727.8196937595, 659.461299490369
631994400       , 104817934101.46 , 39730015527.7365, -5548549265.72591, -3176.90747031269, 34727.8189683164, 659.46130664379 
631998000       , 104806497234.508, 39855035674.7169, -5546175205.00913, -3176.90750272628, 34727.8182430424, 659.46131379059 
632001600       , 104795060367.44 , 39980055819.0867, -5543801144.26663, -3176.90753510236, 34727.8175179374, 659.461320930773
632005200       , 104783623500.255, 40105075960.8463, -5541427083.49843, -3176.90756744087, 34727.8167930013, 659.461328064338
632008800       , 104772186632.955, 40230096099.9965, -5539053022.70457, -3176.90759974175, 34727.8160682341, 659.461335191289
632012400       , 104760749765.537, 40355116236.5378, -5536678961.88506, -3176.90763200495, 34727.8153436356, 659.461342311626
632016000       , 104749312898.004, 40480136370.4708, -5534304901.03994, -3176.90766423039, 34727.8146192058, 659.461349425352
632019600       , 104737876030.355, 40605156501.7963, -5531930840.16921, -3176.90769641803, 34727.8138949444, 659.461356532468
632023200       , 104726439162.59 , 40730176630.5146, -5529556779.27291, -3176.90772856779, 34727.8131708515, 659.461363632976
632026800       , 104715002294.709, 40855196756.6266, -5527182718.35106, -3176.90776067963, 34727.8124469269, 659.461370726878
632030400       , 104703565426.713, 40980216880.1327, -5524808657.40368, -3176.90779275349, 34727.8117231705, 659.461377814175
632034000       , 104692128558.602, 41105237001.0336, -5522434596.43081, -3176.90782478929, 34727.8109995822, 659.46138489487 
632037600       , 104680691690.375, 41230257119.3299, -5520060535.43245, -3176.90785678699, 34727.8102761619, 659.461391968964
632041200       , 104669254822.033, 41355277235.0222, -5517686474.40864, -3176.90788874652, 34727.8095529096, 659.461399036459
632044800       , 104657817953.576, 41480297348.1111, -5515312413.3594, -3176.90792066782, 34727.808829825 , 659.461406097356
632048400       , 104646381085.004, 41605317458.5971, -5512938352.28475, -3176.90795255083, 34727.8081069081, 659.461413151658
632052000       , 104634944216.317, 41730337566.481 , -5510564291.18471, -3176.90798439549, 34727.8073841589, 659.461420199367
632055600       , 104623507347.516, 41855357671.7633, -5508190230.05932, -3176.90801620174, 34727.8066615771, 659.461427240483
632059200       , 104612070478.601, 41980377774.4446, -5505816168.90859, -3176.90804796953, 34727.8059391628, 659.46143427501 
632062800       , 104600633609.571, 42105397874.5255, -5503442107.73254, -3176.90807969879, 34727.8052169158, 659.461441302949
632066400       , 104589196740.427, 42230417972.0066, -5501068046.53121, -3176.90811138945, 34727.8044948359, 659.461448324301
632070000       , 104577759871.169, 42355438066.8885, -5498693985.30462, -3176.90814304147, 34727.8037729232, 659.46145533907 
632073600       , 104566323001.797, 42480458159.1718, -5496319924.05278, -3176.90817465477, 34727.8030511775, 659.461462347255
632077200       , 104554886132.312, 42605478248.8572, -5493945862.77573, -3176.90820622931, 34727.8023295987, 659.461469348861
632080800       , 104543449262.712, 42730498335.9451, -5491571801.47348, -3176.90823776501, 34727.8016081867, 659.461476343888
632084400       , 104532012393    , 42855518420.4363, -5489197740.14606, -3176.90826926183, 34727.8008869415, 659.461483332338
632088000       , 104520575523.174, 42980538502.3313, -5486823678.79349, -3176.90830071969, 34727.8001658628, 659.461490314213
632091600       , 104509138653.235, 43105558581.6307, -5484449617.4158, -3176.90833213853, 34727.7994449507, 659.461497289515
632095200       , 104497701783.182, 43230578658.3351, -5482075556.01301, -3176.90836351831, 34727.798724205 , 659.461504258247
632098800       , 104486264913.017, 43355598732.4452, -5479701494.58515, -3176.90839485894, 34727.7980036256, 659.46151122041 
632102400       , 104474828042.74 , 43480618803.9614, -5477327433.13224, -3176.90842616039, 34727.7972832125, 659.461518176006
632106000       , 104463391172.349, 43605638872.8845, -5474953371.65429, -3176.90845742258, 34727.7965629655, 659.461525125037
632109600       , 104451954301.846, 43730658939.215 , -5472579310.15134, -3176.90848864545, 34727.7958428846, 659.461532067505
632113200       , 104440517431.231, 43855679002.9535, -5470205248.62341, -3176.90851982895, 34727.7951229696, 659.461539003412
632116800       , 104429080560.503, 43980699064.1006, -5467831187.07053, -3176.90855097301, 34727.7944032204, 659.461545932761
632120400       , 104417643689.664, 44105719122.6569, -5465457125.49271, -3176.90858207757, 34727.793683637 , 659.461552855552
632124000       , 104406206818.712, 44230739178.623 , -5463083063.88998, -3176.90861314257, 34727.7929642193, 659.461559771788
632127600       , 104394769947.649, 44355759231.9995, -5460709002.26236, -3176.90864416796, 34727.7922449671, 659.461566681472
632131200       , 104383333076.475, 44480779282.7869, -5458334940.60988, -3176.90867515366, 34727.7915258804, 659.461573584605
632134800       , 104371896205.188, 44605799330.986 , -5455960878.93256, -3176.90870609962, 34727.7908069591, 659.461580481189
632138400       , 104360459333.791, 44730819376.5972, -5453586817.23042, -3176.90873700578, 34727.7900882031, 659.461587371226
632142000       , 104349022462.282, 44855839419.6213, -5451212755.50349, -3176.90876787208, 34727.7893696123, 659.461594254719
632145600       , 104337585590.662, 44980859460.0586, -5448838693.75179, -3176.90879869846, 34727.7886511866, 659.46160113167 
632149200       , 104326148718.931, 45105879497.91  , -5446464631.97535, -3176.90882948485, 34727.7879329259, 659.46160800208 
632152800       , 104314711847.09 , 45230899533.1759, -5444090570.17419, -3176.9088602312, 34727.7872148302, 659.461614865951
632156400       , 104303274975.138, 45355919565.857 , -5441716508.34832, -3176.90889093744, 34727.7864968992, 659.461621723287
632160000       , 104291838103.075, 45480939595.9538, -5439342446.49779, -3176.90892160351, 34727.785779133 , 659.461628574088
632163600       , 104280401230.902, 45605959623.4669, -5436968384.6226, -3176.90895222936, 34727.7850615315, 659.461635418358
632167200       , 104268964358.619, 45730979648.397 , -5434594322.72278, -3176.90898281492, 34727.7843440945, 659.461642256098
632170800       , 104257527486.226, 45855999670.7446, -5432220260.79836, -3176.90901336013, 34727.7836268219, 659.46164908731 
632174400       , 104246090613.723, 45981019690.5103, -5429846198.84936, -3176.90904386493, 34727.7829097138, 659.461655911997
632178000       , 104234653741.11 , 46106039707.6947, -5427472136.8758, -3176.90907432927, 34727.7821927699, 659.46166273016 
632181600       , 104223216868.388, 46231059722.2985, -5425098074.87771, -3176.90910475307, 34727.7814759902, 659.461669541803
632185200       , 104211779995.556, 46356079734.3221, -5422724012.85511, -3176.90913513628, 34727.7807593747, 659.461676346926
632188800       , 104200343122.615, 46481099743.7662, -5420349950.80802, -3176.90916547883, 34727.7800429232, 659.461683145533
632192400       , 104188906249.565, 46606119750.6313, -5417975888.73647, -3176.90919578068, 34727.7793266356, 659.461689937625
632196000       , 104177469376.405, 46731139754.9181, -5415601826.64048, -3176.90922604175, 34727.7786105118, 659.461696723205
632199600       , 104166032503.137, 46856159756.6272, -5413227764.52007, -3176.90925626199, 34727.7778945518, 659.461703502275
632203200       , 104154595629.76 , 46981179755.7591, -5410853702.37527, -3176.90928644133, 34727.7771787555, 659.461710274838
632206800       , 104143158756.275, 47106199752.3144, -5408479640.2061, -3176.90931657971, 34727.7764631227, 659.461717040894
632210400       , 104131721882.681, 47231219746.2938, -5406105578.01258, -3176.90934667708, 34727.7757476535, 659.461723800448
632214000       , 104120285008.979, 47356239737.6977, -5403731515.79474, -3176.90937673337, 34727.7750323476, 659.4617305535  
632217600       , 104108848135.169, 47481259726.5269, -5401357453.55261, -3176.90940674852, 34727.7743172051, 659.461737300053
632221200       , 104097411261.25 , 47606279712.7818, -5398983391.28619, -3176.90943672248, 34727.7736022258, 659.46174404011 
632224800       , 104085974387.224, 47731299696.4631, -5396609328.99553, -3176.90946665517, 34727.7728874097, 659.461750773673
632228400       , 104074537513.09 , 47856319677.5714, -5394235266.68063, -3176.90949654655, 34727.7721727566, 659.461757500745
632232000       , 104063100638.849, 47981339656.1072, -5391861204.34153, -3176.90952639654, 34727.7714582665, 659.461764221326
632235600       , 104051663764.5  , 48106359632.0711, -5389487141.97824, -3176.9095562051, 34727.7707439393, 659.46177093542 
632239200       , 104040226890.044, 48231379605.4637, -5387113079.5908, -3176.90958597215, 34727.7700297749, 659.461777643029
632242800       , 104028790015.481, 48356399576.2857, -5384739017.17922, -3176.90961569764, 34727.7693157733, 659.461784344156
632246400       , 104017353140.811, 48481419544.5375, -5382364954.74353, -3176.90964538151, 34727.7686019343, 659.461791038803
632250000       , 104005916266.035, 48606439510.2198, -5379990892.28375, -3176.9096750237, 34727.7678882578, 659.461797726971
632253600       , 103994479391.151, 48731459473.3331, -5377616829.7999, -3176.90970462414, 34727.7671747438, 659.461804408664
632257200       , 103983042516.161, 48856479433.8781, -5375242767.29202, -3176.90973418279, 34727.7664613922, 659.461811083884
632260800       , 103971605641.065, 48981499391.8554, -5372868704.76011, -3176.90976369956, 34727.7657482029, 659.461817752633
632264400       , 103960168765.863, 49106519347.2654, -5370494642.2042, -3176.90979317442, 34727.7650351759, 659.461824414914
632268000       , 103948731890.554, 49231539300.1088, -5368120579.62433, -3176.90982260728, 34727.764322311 , 659.461831070729
632271600       , 103937295015.14 , 49356559250.3862, -5365746517.0205, -3176.90985199811, 34727.7636096081, 659.461837720081
632275200       , 103925858139.62 , 49481579198.0982, -5363372454.39275, -3176.90988134683, 34727.7628970672, 659.461844362971
632278800       , 103914421263.995, 49606599143.2453, -5360998391.7411, -3176.90991065338, 34727.7621846883, 659.461850999402
632282400       , 103902984388.263, 49731619085.8281, -5358624329.06556, -3176.90993991771, 34727.7614724711, 659.461857629378
632286000       , 103891547512.427, 49856639025.8473, -5356250266.36617, -3176.90996913976, 34727.7607604157, 659.461864252899
632289600       , 103880110636.486, 49981658963.3033, -5353876203.64295, -3176.90999831946, 34727.7600485219, 659.461870869969
632293200       , 103868673760.439, 50106678898.1968, -5351502140.89592, -3176.91002745675, 34727.7593367898, 659.46187748059 
632296800       , 103857236884.288, 50231698830.5284, -5349128078.1251, -3176.91005655158, 34727.7586252191, 659.461884084765
632300400       , 103845800008.032, 50356718760.2986, -5346754015.33051, -3176.91008560388, 34727.7579138098, 659.461890682495
632304000       , 103834363131.672, 50481738687.508 , -5344379952.51219, -3176.9101146136, 34727.7572025619, 659.461897273784
632307600       , 103822926255.207, 50606758612.1572, -5342005889.67015, -3176.91014358067, 34727.7564914752, 659.461903858635
632311200       , 103811489378.638, 50731778534.2468, -5339631826.80442, -3176.91017250504, 34727.7557805497, 659.461910437048
632314800       , 103800052501.965, 50856798453.7774, -5337257763.91501, -3176.91020138665, 34727.7550697853, 659.461917009028
632318400       , 103788615625.188, 50981818370.7495, -5334883701.00196, -3176.91023022543, 34727.7543591819, 659.461923574576
632322000       , 103777178748.307, 51106838285.1637, -5332509638.06528, -3176.91025902133, 34727.7536487395, 659.461930133696
632325600       , 103765741871.323, 51231858197.0206, -5330135575.105 , -3176.91028777428, 34727.7529384579, 659.461936686388
632329200       , 103754304994.236, 51356878106.3208, -5327761512.12115, -3176.91031648423, 34727.7522283372, 659.461943232658
632332800       , 103742868117.045, 51481898013.0648, -5325387449.11374, -3176.91034515112, 34727.7515183771, 659.461949772505
632336400       , 103731431239.75 , 51606917917.2533, -5323013386.08279, -3176.91037377489, 34727.7508085777, 659.461956305934
632340000       , 103719994362.353, 51731937818.8868, -5320639323.02834, -3176.91040235547, 34727.7500989388, 659.461962832947
632343600       , 103708557484.854, 51856957717.9659, -5318265259.9504, -3176.91043089282, 34727.7493894604, 659.461969353546
632347200       , 103697120607.251, 51981977614.4911, -5315891196.849 , -3176.91045938686, 34727.7486801425, 659.461975867735
632350800       , 103685683729.546, 52106997508.4631, -5313517133.72416, -3176.91048783755, 34727.7479709848, 659.461982375515
632354400       , 103674246851.739, 52232017399.8824, -5311143070.57591, -3176.91051624482, 34727.7472619874, 659.461988876889
632358000       , 103662809973.829, 52357037288.7496, -5308769007.40426, -3176.91054460861, 34727.7465531502, 659.46199537186 
632361600       , 103651373095.818, 52482057175.0652, -5306394944.20924, -3176.91057292886, 34727.7458444731, 659.46200186043 
632365200       , 103639936217.704, 52607077058.83  , -5304020880.99087, -3176.91060120552, 34727.7451359561, 659.462008342602
632368800       , 103628499339.489, 52732096940.0443, -5301646817.74918, -3176.91062943852, 34727.7444275989, 659.462014818379
632372400       , 103617062461.172, 52857116818.7089, -5299272754.48419, -3176.91065762781, 34727.7437194017, 659.462021287763
632376000       , 103605625582.754, 52982136694.8242, -5296898691.19591, -3176.91068577333, 34727.7430113643, 659.462027750758
632379600       , 103594188704.235, 53107156568.3909, -5294524627.88439, -3176.91071387502, 34727.7423034866, 659.462034207365
632383200       , 103582751825.614, 53232176439.4095, -5292150564.54963, -3176.91074193282, 34727.7415957686, 659.462040657587
632386800       , 103571314946.893, 53357196307.8806, -5289776501.19166, -3176.91076994667, 34727.7408882101, 659.462047101427
632390400       , 103559878068.071, 53482216173.8048, -5287402437.81051, -3176.91079791651, 34727.7401808112, 659.462053538888
632394000       , 103548441189.148, 53607236037.1826, -5285028374.40619, -3176.91082584229, 34727.7394735717, 659.462059969972
632397600       , 103537004310.125, 53732255898.0147, -5282654310.97873, -3176.91085372394, 34727.7387664916, 659.462066394682
632401200       , 103525567431.001, 53857275756.3016, -5280280247.52815, -3176.91088156142, 34727.7380595708, 659.462072813021
632404800       , 103514130551.777, 53982295612.0438, -5277906184.05448, -3176.91090935465, 34727.7373528092, 659.462079224992
632408400       , 103502693672.454, 54107315465.242 , -5275532120.55774, -3176.91093710358, 34727.7366462068, 659.462085630596
632412000       , 103491256793.03 , 54232335315.8967, -5273158057.03795, -3176.91096480816, 34727.7359397634, 659.462092029838
632415600       , 103479819913.507, 54357355164.0085, -5270783993.49514, -3176.91099246832, 34727.7352334791, 659.462098422719
632419200       , 103468383033.885, 54482375009.5779, -5268409929.92932, -3176.91102008401, 34727.7345273537, 659.462104809242
632422800       , 103456946154.163, 54607394852.6056, -5266035866.34052, -3176.91104765517, 34727.7338213872, 659.462111189411
632426400       , 103445509274.342, 54732414693.0921, -5263661802.72876, -3176.91107518174, 34727.7331155795, 659.462117563227
632430000       , 103434072394.421, 54857434531.038 , -5261287739.09407, -3176.91110266367, 34727.7324099305, 659.462123930694
632433600       , 103422635514.402, 54982454366.4438, -5258913675.43647, -3176.91113010089, 34727.7317044402, 659.462130291815
632437200       , 103411198634.285, 55107474199.3101, -5256539611.75597, -3176.91115749335, 34727.7309991085, 659.462136646592
632440800       , 103399761754.069, 55232494029.6376, -5254165548.05262, -3176.91118484099, 34727.7302939353, 659.462142995027
632444400       , 103388324873.754, 55357513857.4267, -5251791484.32642, -3176.91121214375, 34727.7295889205, 659.462149337125
632448000       , 103376887993.341, 55482533682.678 , -5249417420.5774, -3176.91123940158, 34727.7288840642, 659.462155672887
632451600       , 103365451112.83 , 55607553505.3921, -5247043356.80558, -3176.91126661442, 34727.7281793662, 659.462162002316
632455200       , 103354014232.222, 55732573325.5696, -5244669293.01099, -3176.91129378221, 34727.7274748264, 659.462168325415
632458800       , 103342577351.515, 55857593143.2111, -5242295229.19365, -3176.9113209049, 34727.7267704448, 659.462174642188
632462400       , 103331140470.711, 55982612958.317 , -5239921165.35357, -3176.91134798242, 34727.7260662213, 659.462180952636
632466000       , 103319703589.81 , 56107632770.888 , -5237547101.49079, -3176.91137501472, 34727.7253621559, 659.462187256763
632469600       , 103308266708.811, 56232652580.9247, -5235173037.60533, -3176.91140200175, 34727.7246582484, 659.462193554572
632473200       , 103296829827.715, 56357672388.4276, -5232798973.69721, -3176.91142894344, 34727.7239544989, 659.462199846064
632476800       , 103285392946.523, 56482692193.3973, -5230424909.76645, -3176.91145583974, 34727.7232509072, 659.462206131245
632480400       , 103273956065.233, 56607711995.8343, -5228050845.81307, -3176.9114826906, 34727.7225474733, 659.462212410115
632484000       , 103262519183.847, 56732731795.7393, -5225676781.8371, -3176.91150949595, 34727.7218441971, 659.462218682678
632487600       , 103251082302.365, 56857751593.1127, -5223302717.83856, -3176.91153625574, 34727.7211410786, 659.462224948937
632491200       , 103239645420.786, 56982771387.9552, -5220928653.81748, -3176.91156296992, 34727.7204381177, 659.462231208894
632494800       , 103228208539.112, 57107791180.2674, -5218554589.77387, -3176.91158963842, 34727.7197353142, 659.462237462554
632498400       , 103216771657.341, 57232810970.0497, -5216180525.70775, -3176.9116162612, 34727.7190326683, 659.462243709917
632502000       , 103205334775.475, 57357830757.3028, -5213806461.61916, -3176.91164283819, 34727.7183301797, 659.462249950988
632505600       , 103193897893.513, 57482850542.0272, -5211432397.50811, -3176.91166936934, 34727.7176278485, 659.46225618577 
632509200       , 103182461011.455, 57607870324.2235, -5209058333.37463, -3176.9116958546, 34727.7169256745, 659.462262414264
632512800       , 103171024129.303, 57732890103.8922, -5206684269.21874, -3176.9117222939, 34727.7162236577, 659.462268636475
632516400       , 103159587247.055, 57857909881.034 , -5204310205.04046, -3176.91174868719, 34727.7155217981, 659.462274852405
632520000       , 103148150364.712, 57982929655.6494, -5201936140.83981, -3176.91177503442, 34727.7148200955, 659.462281062057
632523600       , 103136713482.275, 58107949427.7389, -5199562076.61682, -3176.91180133553, 34727.7141185499, 659.462287265434
632527200       , 103125276599.743, 58232969197.3031, -5197188012.3715, -3176.91182759047, 34727.7134171613, 659.462293462539
632530800       , 103113839717.116, 58357988964.3426, -5194813948.10389, -3176.91185379918, 34727.7127159295, 659.462299653374
632534400       , 103102402834.395, 58483008728.858 , -5192439883.81401, -3176.9118799616, 34727.7120148546, 659.462305837944
632538000       , 103090965951.58 , 58608028490.8498, -5190065819.50187, -3176.91190607768, 34727.7113139365, 659.46231201625 
632541600       , 103079529068.672, 58733048250.3185, -5187691755.1675, -3176.91193214737, 34727.710613175 , 659.462318188296
632545200       , 103068092185.669, 58858068007.2648, -5185317690.81092, -3176.9119581706, 34727.7099125702, 659.462324354085
632548800       , 103056655302.573, 58983087761.6892, -5182943626.43216, -3176.91198414733, 34727.7092121219, 659.462330513619
632552400       , 103045218419.383, 59108107513.5923, -5180569562.03123, -3176.91201007751, 34727.7085118302, 659.462336666902
632556000       , 103033781536.1  , 59233127262.9746, -5178195497.60816, -3176.91203596106, 34727.7078116949, 659.462342813937
632559600       , 103022344652.724, 59358147009.8367, -5175821433.16298, -3176.91206179795, 34727.707111716 , 659.462348954727
632563200       , 103010907769.255, 59483166754.1791, -5173447368.6957, -3176.91208758811, 34727.7064118934, 659.462355089275
632566800       , 102999470885.694, 59608186496.0025, -5171073304.20634, -3176.9121133315, 34727.7057122272, 659.462361217583
632570400       , 102988034002.039, 59733206235.3074, -5168699239.69494, -3176.91213902805, 34727.7050127171, 659.462367339655
632574000       , 102976597118.293, 59858225972.0943, -5166325175.1615, -3176.91216467772, 34727.7043133631, 659.462373455494
632577600       , 102965160234.454, 59983245706.3638, -5163951110.60606, -3176.91219028045, 34727.7036141653, 659.462379565102
632581200       , 102953723350.523, 60108265438.1164, -5161577046.02864, -3176.91221583618, 34727.7029151235, 659.462385668484
632584800       , 102942286466.5  , 60233285167.3528, -5159202981.42926, -3176.91224134487, 34727.7022162376, 659.462391765642
632588400       , 102930849582.385, 60358304894.0735, -5156828916.80794, -3176.91226680645, 34727.7015175077, 659.462397856578
632592000       , 102919412698.179, 60483324618.2791, -5154454852.1647, -3176.91229222088, 34727.7008189337, 659.462403941297
632595600       , 102907975813.881, 60608344339.97  , -5152080787.49957, -3176.9123175881, 34727.7001205154, 659.462410019801
632599200       , 102896538929.492, 60733364059.147 , -5149706722.81256, -3176.91234290806, 34727.6994222529, 659.462416092093
632602800       , 102885102045.012, 60858383775.8105, -5147332658.10371, -3176.91236818071, 34727.698724146 , 659.462422158176
632606400       , 102873665160.441, 60983403489.961 , -5144958593.37303, -3176.91239340598, 34727.6980261948, 659.462428218053
632610000       , 102862228275.78 , 61108423201.5992, -5142584528.62055, -3176.91241858383, 34727.6973283991, 659.462434271729
632613600       , 102850791391.028, 61233442910.7257, -5140210463.84628, -3176.91244371421, 34727.696630759 , 659.462440319204
632617200       , 102839354506.185, 61358462617.3409, -5137836399.05026, -3176.91246879707, 34727.6959332743, 659.462446360483
632620800       , 102827917621.252, 61483482321.4454, -5135462334.2325, -3176.91249383234, 34727.695235945 , 659.462452395569
632624400       , 102816480736.23 , 61608502023.0399, -5133088269.39302, -3176.91251881998, 34727.6945387711, 659.462458424465
632628000       , 102805043851.117, 61733521722.1248, -5130714204.53185, -3176.91254375994, 34727.6938417524, 659.462464447174
632631600       , 102793606965.915, 61858541418.7007, -5128340139.64901, -3176.91256865216, 34727.6931448889, 659.462470463699
632635200       , 102782170080.623, 61983561112.7682, -5125966074.74452, -3176.91259349659, 34727.6924481807, 659.462476474044
632638800       , 102770733195.242, 62108580804.3278, -5123592009.8184, -3176.91261829317, 34727.6917516275, 659.46248247821 
632642400       , 102759296309.771, 62233600493.3801, -5121217944.87068, -3176.91264304187, 34727.6910552294, 659.462488476202
632646000       , 102747859424.212, 62358620179.9256, -5118843879.90138, -3176.91266774262, 34727.6903589863, 659.462494468023
632649600       , 102736422538.563, 62483639863.965 , -5116469814.91052, -3176.91269239537, 34727.6896628982, 659.462500453676
632653200       , 102724985652.826, 62608659545.4987, -5114095749.89812, -3176.91271700008, 34727.688966965 , 659.462506433163
632656800       , 102713548767.001, 62733679224.5273, -5111721684.86421, -3176.91274155668, 34727.6882711866, 659.462512406489
632660400       , 102702111881.087, 62858698901.0514, -5109347619.8088, -3176.91276606513, 34727.687575563 , 659.462518373656
632664000       , 102690674995.085, 62983718575.0715, -5106973554.73193, -3176.91279052538, 34727.6868800941, 659.462524334667
632667600       , 102679238108.996, 63108738246.5882, -5104599489.6336, -3176.91281493738, 34727.6861847799, 659.462530289526
632671200       , 102667801222.818, 63233757915.6021, -5102225424.51385, -3176.91283930107, 34727.6854896203, 659.462536238236
632674800       , 102656364336.553, 63358777582.1137, -5099851359.37269, -3176.9128636164, 34727.6847946153, 659.4625421808  
632678400       , 102644927450.2  , 63483797246.1235, -5097477294.21015, -3176.91288788333, 34727.6840997649, 659.462548117221
632682000       , 102633490563.76 , 63608816907.6322, -5095103229.02625, -3176.9129121018, 34727.6834050689, 659.462554047503
632685600       , 102622053677.233, 63733836566.6402, -5092729163.82102, -3176.91293627176, 34727.6827105273, 659.462559971648
632689200       , 102610616790.619, 63858856223.1482, -5090355098.59447, -3176.91296039316, 34727.6820161401, 659.46256588966 
632692800       , 102599179903.918, 63983875877.1566, -5087981033.34662, -3176.91298446596, 34727.6813219072, 659.462571801542
632696400       , 102587743017.131, 64108895528.6661, -5085606968.0775, -3176.9130084901, 34727.6806278285, 659.462577707297
632700000       , 102576306130.257, 64233915177.6771, -5083232902.78714, -3176.91303246552, 34727.6799339041, 659.462583606928
632703600       , 102564869243.297, 64358934824.1904, -5080858837.47554, -3176.91305639219, 34727.6792401338, 659.462589500439
632707200       , 102553432356.251, 64483954468.2063, -5078484772.14274, -3176.91308027005, 34727.6785465176, 659.462595387834
632710800       , 102541995469.119, 64608974109.7255, -5076110706.78876, -3176.91310409906, 34727.6778530555, 659.462601269114
632714400       , 102530558581.902, 64733993748.7485, -5073736641.41361, -3176.91312787915, 34727.6771597474, 659.462607144283
632718000       , 102519121694.599, 64859013385.2759, -5071362576.01732, -3176.91315161029, 34727.6764665932, 659.462613013346
632721600       , 102507684807.21 , 64984033019.3081, -5068988510.59992, -3176.91317529242, 34727.675773593 , 659.462618876304
632725200       , 102496247919.737, 65109052650.8459, -5066614445.16142, -3176.9131989255, 34727.6750807466, 659.462624733161
632728800       , 102484811032.178, 65234072279.8897, -5064240379.70185, -3176.91322250947, 34727.674388054 , 659.462630583921
632732400       , 102473374144.535, 65359091906.4401, -5061866314.22123, -3176.91324604429, 34727.6736955151, 659.462636428586
632736000       , 102461937256.806, 65484111530.4976, -5059492248.71957, -3176.9132695299, 34727.67300313  , 659.462642267161
632739600       , 102450500368.994, 65609131152.0628, -5057118183.19691, -3176.91329296627, 34727.6723108985, 659.462648099647
632743200       , 102439063481.097, 65734150771.1363, -5054744117.65326, -3176.91331635333, 34727.6716188206, 659.462653926049
632746800       , 102427626593.116, 65859170387.7185, -5052370052.08865, -3176.91333969105, 34727.6709268963, 659.46265974637 
632750400       , 102416189705.051, 65984190001.8101, -5049995986.50309, -3176.91336297937, 34727.6702351254, 659.462665560613
632754000       , 102404752816.903, 66109209613.4116, -5047621920.89662, -3176.91338621825, 34727.6695435081, 659.462671368781
632757600       , 102393315928.671, 66234229222.5235, -5045247855.26925, -3176.91340940764, 34727.6688520441, 659.462677170878
632761200       , 102381879040.355, 66359248829.1465, -5042873789.621 , -3176.91343254749, 34727.6681607335, 659.462682966906
632764800       , 102370442151.956, 66484268433.281 , -5040499723.95189, -3176.91345563775, 34727.6674695763, 659.46268875687 
632768400       , 102359005263.475, 66609288034.9276, -5038125658.26196, -3176.91347867838, 34727.6667785723, 659.462694540773
632772000       , 102347568374.91 , 66734307634.0869, -5035751592.55121, -3176.91350166932, 34727.6660877215, 659.462700318617
632775600       , 102336131486.263, 66859327230.7594, -5033377526.81967, -3176.91352461053, 34727.6653970239, 659.462706090407
632779200       , 102324694597.533, 66984346824.9457, -5031003461.06736, -3176.91354750197, 34727.6647064794, 659.462711856145
632782800       , 102313257708.721, 67109366416.6462, -5028629395.29431, -3176.91357034359, 34727.664016088 , 659.462717615835
632786400       , 102301820819.826, 67234386005.8617, -5026255329.50054, -3176.91359313533, 34727.6633258496, 659.46272336948 
632790000       , 102290383930.85 , 67359405592.5925, -5023881263.68606, -3176.91361587716, 34727.6626357642, 659.462729117084
632793600       , 102278947041.792, 67484425176.8394, -5021507197.8509, -3176.91363856902, 34727.6619458318, 659.462734858649
632797200       , 102267510152.653, 67609444758.6027, -5019133131.99508, -3176.91366121087, 34727.6612560522, 659.46274059418 
632800800       , 102256073263.432, 67734464337.8831, -5016759066.11863, -3176.91368380267, 34727.6605664255, 659.462746323679
632804400       , 102244636374.129, 67859483914.6811, -5014385000.22156, -3176.91370634436, 34727.6598769517, 659.462752047151
632808000       , 102233199484.746, 67984503488.9973, -5012010934.3039, -3176.91372883591, 34727.6591876305, 659.462757764597
632811600       , 102221762595.282, 68109523060.8323, -5009636868.36566, -3176.91375127726, 34727.6584984621, 659.462763476022
632815200       , 102210325705.737, 68234542630.1865, -5007262802.40688, -3176.91377366837, 34727.6578094464, 659.462769181429
632818800       , 102198888816.111, 68359562197.0605, -5004888736.42756, -3176.9137960092, 34727.6571205832, 659.462774880821
632822400       , 102187451926.406, 68484581761.4548, -5002514670.42774, -3176.91381829969, 34727.6564318727, 659.462780574202
632826000       , 102176015036.62 , 68609601323.3701, -5000140604.40744, -3176.91384053981, 34727.6557433147, 659.462786261576
632829600       , 102164578146.754, 68734620882.8069, -4997766538.36667, -3176.9138627295, 34727.6550549091, 659.462791942944
632833200       , 102153141256.808, 68859640439.7657, -4995392472.30545, -3176.91388486873, 34727.6543666561, 659.462797618312
632836800       , 102141704366.783, 68984659994.247 , -4993018406.22382, -3176.91390695745, 34727.6536785554, 659.462803287681
632840400       , 102130267476.678, 69109679546.2514, -4990644340.12179, -3176.91392899561, 34727.6529906071, 659.462808951057
632844000       , 102118830586.494, 69234699095.7795, -4988270273.99938, -3176.91395098317, 34727.6523028111, 659.462814608441
632847600       , 102107393696.231, 69359718642.8319, -4985896207.85662, -3176.91397292009, 34727.6516151674, 659.462820259838
632851200       , 102095956805.889, 69484738187.4089, -4983522141.69352, -3176.91399480632, 34727.6509276759, 659.462825905251
632854800       , 102084519915.469, 69609757729.5113, -4981148075.51011, -3176.91401664181, 34727.6502403366, 659.462831544683
632858400       , 102073083024.969, 69734777269.1395, -4978774009.3064, -3176.91403842652, 34727.6495531494, 659.462837178137
632862000       , 102061646134.392, 69859796806.2942, -4976399943.08243, -3176.91406016042, 34727.6488661143, 659.462842805618
632865600       , 102050209243.736, 69984816340.9758, -4974025876.83821, -3176.91408184345, 34727.6481792313, 659.462848427128
632869200       , 102038772353.003, 70109835873.1848, -4971651810.57376, -3176.91410347557, 34727.6474925004, 659.462854042671
632872800       , 102027335462.191, 70234855402.9219, -4969277744.28911, -3176.91412505673, 34727.6468059214, 659.462859652251
632876400       , 102015898571.302, 70359874930.1876, -4966903677.98427, -3176.9141465869, 34727.6461194943, 659.46286525587 
632880000       , 102004461680.336, 70484894454.9825, -4964529611.65927, -3176.91416806604, 34727.6454332191, 659.462870853532
632883600       , 101993024789.292, 70609913977.307 , -4962155545.31413, -3176.91418949409, 34727.6447470958, 659.462876445241
632887200       , 101981587898.172, 70734933497.1618, -4959781478.94888, -3176.91421087102, 34727.6440611243, 659.462882031001
632890800       , 101970151006.974, 70859953014.5473, -4957407412.56352, -3176.91423219678, 34727.6433753046, 659.462887610813
632894400       , 101958714115.7  , 70984972529.4641, -4955033346.15808, -3176.91425347133, 34727.6426896365, 659.462893184683
632898000       , 101947277224.349, 71109992041.9129, -4952659279.7326, -3176.91427469463, 34727.6420041202, 659.462898752613
632901600       , 101935840332.922, 71235011551.894 , -4950285213.28707, -3176.91429586664, 34727.6413187556, 659.462904314607
632905200       , 101924403441.419, 71360031059.4081, -4947911146.82154, -3176.91431698731, 34727.6406335425, 659.462909870668
632908800       , 101912966549.84 , 71485050564.4557, -4945537080.33601, -3176.9143380566, 34727.639948481 , 659.4629154208  
632912400       , 101901529658.185, 71610070067.0373, -4943163013.83052, -3176.91435907447, 34727.639263571 , 659.462920965007
632916000       , 101890092766.455, 71735089567.1535, -4940788947.30507, -3176.91438004088, 34727.6385788126, 659.462926503291
632919600       , 101878655874.649, 71860109064.8049, -4938414880.7597, -3176.91440095579, 34727.6378942055, 659.462932035656
632923200       , 101867218982.768, 71985128559.992 , -4936040814.19442, -3176.91442181915, 34727.6372097499, 659.462937562106
632926800       , 101855782090.812, 72110148052.7153, -4933666747.60926, -3176.91444263093, 34727.6365254457, 659.462943082644
632930400       , 101844345198.781, 72235167542.9754, -4931292681.00423, -3176.91446339108, 34727.6358412928, 659.462948597274
632934000       , 101832908306.675, 72360187030.7728, -4928918614.37937, -3176.91448409957, 34727.6351572912, 659.462954105999
632937600       , 101821471414.495, 72485206516.1081, -4926544547.73468, -3176.91450475635, 34727.6344734408, 659.462959608822
632941200       , 101810034522.241, 72610225998.9818, -4924170481.07019, -3176.91452536138, 34727.6337897417, 659.462965105747
632944800       , 101798597629.913, 72735245479.3944, -4921796414.38592, -3176.91454591462, 34727.6331061937, 659.462970596779
632948400       , 101787160737.511, 72860264957.3465, -4919422347.6819, -3176.91456641603, 34727.6324227969, 659.462976081919
632952000       , 101775723845.035, 72985284432.8387, -4917048280.95814, -3176.91458686558, 34727.6317395512, 659.462981561171
632955600       , 101764286952.485, 73110303905.8715, -4914674214.21467, -3176.91460726321, 34727.6310564566, 659.46298703454 
632959200       , 101752850059.863, 73235323376.4454, -4912300147.4515, -3176.9146276089, 34727.630373513 , 659.462992502029
632962800       , 101741413167.167, 73360342844.561 , -4909926080.66866, -3176.9146479026, 34727.6296907204, 659.46299796364 
632966400       , 101729976274.398, 73485362310.2188, -4907552013.86617, -3176.91466814427, 34727.6290080787, 659.463003419379
632970000       , 101718539381.556, 73610381773.4193, -4905177947.04405, -3176.91468833387, 34727.628325588 , 659.463008869247
632973600       , 101707102488.642, 73735401234.1632, -4902803880.20232, -3176.91470847137, 34727.6276432481, 659.463014313249
632977200       , 101695665595.655, 73860420692.4509, -4900429813.341 , -3176.91472855673, 34727.6269610591, 659.463019751388
632980800       , 101684228702.596, 73985440148.283 , -4898055746.46011, -3176.9147485899, 34727.6262790209, 659.463025183668
632984400       , 101672791809.465, 74110459601.66  , -4895681679.55968, -3176.91476857085, 34727.6255971335, 659.463030610092
632988000       , 101661354916.263, 74235479052.5825, -4893307612.63973, -3176.91478849954, 34727.6249153968, 659.463036030664
632991600       , 101649918022.988, 74360498501.0511, -4890933545.70027, -3176.91480837593, 34727.6242338108, 659.463041445387
632995200       , 101638481129.642, 74485517947.0661, -4888559478.74133, -3176.91482819998, 34727.6235523755, 659.463046854265
632998800       , 101627044236.225, 74610537390.6283, -4886185411.76293, -3176.91484797166, 34727.6228710908, 659.463052257301
633002400       , 101615607342.737, 74735556831.7382, -4883811344.76508, -3176.91486769092, 34727.6221899567, 659.463057654499
633006000       , 101604170449.178, 74860576270.3962, -4881437277.74782, -3176.91488735774, 34727.6215089731, 659.463063045863
633009600       , 101592733555.548, 74985595706.603 , -4879063210.71116, -3176.91490697206, 34727.6208281401, 659.463068431396
633013200       , 101581296661.848, 75110615140.359 , -4876689143.65512, -3176.91492653386, 34727.6201474576, 659.463073811101
633016800       , 101569859768.077, 75235634571.6648, -4874315076.57973, -3176.9149460431, 34727.6194669255, 659.463079184982
633020400       , 101558422874.236, 75360654000.521 , -4871941009.485 , -3176.91496549974, 34727.6187865439, 659.463084553043
633024000       , 101546985980.326, 75485673426.9281, -4869566942.37095, -3176.91498490374, 34727.6181063126, 659.463089915288
633027600       , 101535549086.345, 75610692850.8867, -4867192875.23761, -3176.91500425507, 34727.6174262317, 659.463095271719
633031200       , 101524112192.295, 75735712272.3972, -4864818808.085 , -3176.91502355369, 34727.6167463011, 659.46310062234 
633034800       , 101512675298.176, 75860731691.4602, -4862444740.91314, -3176.91504279956, 34727.6160665208, 659.463105967155
633038400       , 101501238403.987, 75985751108.0763, -4860070673.72205, -3176.91506199265, 34727.6153868908, 659.463111306168
633042000       , 101489801509.729, 76110770522.246 , -4857696606.51174, -3176.91508113292, 34727.6147074109, 659.463116639382
633045600       , 101478364615.403, 76235789933.9698, -4855322539.28225, -3176.91510022034, 34727.6140280813, 659.4631219668  
633049200       , 101466927721.008, 76360809343.2484, -4852948472.03359, -3176.91511925487, 34727.6133489018, 659.463127288427
633052800       , 101455490826.544, 76485828750.0821, -4850574404.76578, -3176.91513823647, 34727.6126698724, 659.463132604265
633056400       , 101444053932.013, 76610848154.4716, -4848200337.47885, -3176.91515716511, 34727.6119909931, 659.463137914319
633060000       , 101432617037.413, 76735867556.4174, -4845826270.1728, -3176.91517604076, 34727.6113122639, 659.463143218592
633063600       , 101421180142.745, 76860886955.9201, -4843452202.84768, -3176.91519486337, 34727.6106336847, 659.463148517087
633067200       , 101409743248.01 , 76985906352.9801, -4841078135.50349, -3176.91521363292, 34727.6099552555, 659.463153809808
633070800       , 101398306353.207, 77110925747.5981, -4838704068.14025, -3176.91523234936, 34727.6092769762, 659.463159096759
633074400       , 101386869458.337, 77235945139.7746, -4836330000.758 , -3176.91525101268, 34727.6085988468, 659.463164377944
633078000       , 101375432563.4  , 77360964529.51  , -4833955933.35674, -3176.91526962282, 34727.6079208674, 659.463169653365
633081600       , 101363995668.396, 77485983916.805 , -4831581865.9365, -3176.91528817975, 34727.6072430378, 659.463174923027
633085200       , 101352558773.325, 77611003301.66  , -4829207798.4973, -3176.91530668345, 34727.606565358 , 659.463180186933
633088800       , 101341121878.188, 77736022684.0757, -4826833731.03916, -3176.91532513388, 34727.605887828 , 659.463185445087
633092400       , 101329684982.984, 77861042064.0526, -4824459663.5621, -3176.915343531 , 34727.6052104478, 659.463190697492
633096000       , 101318248087.714, 77986061441.5912, -4822085596.06615, -3176.91536187478, 34727.6045332174, 659.463195944152
633099600       , 101306811192.379, 78111080816.692 , -4819711528.55131, -3176.91538016519, 34727.6038561366, 659.46320118507 
633103200       , 101295374296.977, 78236100189.3555, -4817337461.01762, -3176.91539840219, 34727.6031792055, 659.463206420251
633106800       , 101283937401.51 , 78361119559.5824, -4814963393.46509, -3176.91541658576, 34727.6025024241, 659.463211649698
633110400       , 101272500505.978, 78486138927.3732, -4812589325.89375, -3176.91543471585, 34727.6018257922, 659.463216873414
633114000       , 101261063610.38 , 78611158292.7283, -4810215258.30361, -3176.91545279243, 34727.60114931  , 659.463222091402
633117600       , 101249626714.718, 78736177655.6484, -4807841190.6947, -3176.91547081548, 34727.6004729773, 659.463227303668
633121200       , 101238189818.99 , 78861197016.1339, -4805467123.06703, -3176.91548878496, 34727.5997967941, 659.463232510214
633124800       , 101226752923.199, 78986216374.1855, -4803093055.42063, -3176.91550670084, 34727.5991207604, 659.463237711044
633128400       , 101215316027.342, 79111235729.8036, -4800718987.75552, -3176.91552456308, 34727.5984448762, 659.463242906161
633132000       , 101203879131.422, 79236255082.9888, -4798344920.07172, -3176.91554237166, 34727.5977691414, 659.463248095569
633135600       , 101192442235.437, 79361274433.7416, -4795970852.36924, -3176.91556012654, 34727.597093556 , 659.463253279273
633139200       , 101181005339.389, 79486293782.0625, -4793596784.64811, -3176.91557782769, 34727.59641812  , 659.463258457274
633142800       , 101169568443.277, 79611313127.9522, -4791222716.90835, -3176.91559547508, 34727.5957428334, 659.463263629578
633146400       , 101158131547.102, 79736332471.4111, -4788848649.14998, -3176.91561306868, 34727.595067696 , 659.463268796188
633150000       , 101146694650.863, 79861351812.4398, -4786474581.37303, -3176.91563060845, 34727.5943927079, 659.463273957106
633153600       , 101135257754.561, 79986371151.0388, -4784100513.5775, -3176.91564809437, 34727.5937178691, 659.463279112338
633157200       , 101123820858.197, 80111390487.2086, -4781726445.76342, -3176.91566552641, 34727.5930431796, 659.463284261887
633160800       , 101112383961.77 , 80236409820.9499, -4779352377.93082, -3176.91568290453, 34727.5923686392, 659.463289405756
633164400       , 101100947065.28 , 80361429152.263 , -4776978310.07971, -3176.9157002287, 34727.591694248 , 659.463294543948
633168000       , 101089510168.728, 80486448481.1486, -4774604242.21011, -3176.9157174989, 34727.5910200059, 659.463299676469
633171600       , 101078073272.114, 80611467807.6072, -4772230174.32205, -3176.9157347151, 34727.590345913 , 659.46330480332 
633175200       , 101066636375.438, 80736487131.6394, -4769856106.41553, -3176.91575187725, 34727.5896719692, 659.463309924507
633178800       , 101055199478.701, 80861506453.2456, -4767482038.4906, -3176.91576898535, 34727.5889981744, 659.463315040032
633182400       , 101043762581.901, 80986525772.4264, -4765107970.54725, -3176.91578603935, 34727.5883245286, 659.463320149899
633186000       , 101032325685.041, 81111545089.1824, -4762733902.58552, -3176.91580303922, 34727.5876510319, 659.463325254113
633189600       , 101020888788.12 , 81236564403.514 , -4760359834.60543, -3176.91581998494, 34727.5869776841, 659.463330352675
633193200       , 101009451891.137, 81361583715.4219, -4757985766.60699, -3176.91583687648, 34727.5863044853, 659.463335445591
633196800       , 100998014994.094, 81486603024.9065, -4755611698.59023, -3176.91585371381, 34727.5856314354, 659.463340532864
633200400       , 100986578096.991, 81611622331.9684, -4753237630.55516, -3176.91587049689, 34727.5849585344, 659.463345614498
633204000       , 100975141199.827, 81736641636.6082, -4750863562.50181, -3176.91588722571, 34727.5842857823, 659.463350690496
633207600       , 100963704302.603, 81861660938.8262, -4748489494.4302, -3176.91590390023, 34727.583613179 , 659.463355760861
633211200       , 100952267405.319, 81986680238.6232, -4746115426.34034, -3176.91592052043, 34727.5829407246, 659.463360825599
633214800       , 100940830507.975, 82111699535.9996, -4743741358.23226, -3176.91593708627, 34727.5822684189, 659.463365884711
633218400       , 100929393610.572, 82236718830.956 , -4741367290.10598, -3176.91595359774, 34727.581596262 , 659.463370938203
633222000       , 100917956713.109, 82361738123.4929, -4738993221.96151, -3176.91597005479, 34727.5809242539, 659.463375986077
633225600       , 100906519815.587, 82486757413.6108, -4736619153.79888, -3176.91598645741, 34727.5802523944, 659.463381028338
633229200       , 100895082918.007, 82611776701.3103, -4734245085.61811, -3176.91600280557, 34727.5795806837, 659.463386064988
633232800       , 100883646020.367, 82736795986.5919, -4731871017.41922, -3176.91601909924, 34727.5789091216, 659.463391096033
633236400       , 100872209122.669, 82861815269.4561, -4729496949.20223, -3176.91603533839, 34727.5782377081, 659.463396121474
633240000       , 100860772224.913, 82986834549.9036, -4727122880.96715, -3176.91605152299, 34727.5775664433, 659.463401141317
633243600       , 100849335327.098, 83111853827.9347, -4724748812.71402, -3176.91606765303, 34727.576895327 , 659.463406155564
633247200       , 100837898429.226, 83236873103.5501, -4722374744.44284, -3176.91608372847, 34727.5762243593, 659.46341116422 
633250800       , 100826461531.296, 83361892376.7503, -4720000676.15364, -3176.91609974928, 34727.5755535402, 659.463416167289
633254400       , 100815024633.308, 83486911647.5358, -4717626607.84644, -3176.91611571545, 34727.5748828695, 659.463421164773
633258000       , 100803587735.263, 83611930915.9071, -4715252539.52126, -3176.91613162694, 34727.5742123473, 659.463426156676
633261600       , 100792150837.16 , 83736950181.8649, -4712878471.17812, -3176.91614748373, 34727.5735419736, 659.463431143003
633265200       , 100780713939.001, 83861969445.4095, -4710504402.81704, -3176.9161632858, 34727.5728717484, 659.463436123757
633268800       , 100769277040.785, 83986988706.5416, -4708130334.43804, -3176.91617903311, 34727.5722016715, 659.463441098941
633272400       , 100757840142.512, 84112007965.2617, -4705756266.04113, -3176.91619472564, 34727.5715317431, 659.46344606856 
633276000       , 100746403244.183, 84237027221.5704, -4703382197.62635, -3176.91621036338, 34727.570861963 , 659.463451032617
633279600       , 100734966345.797, 84362046475.4681, -4701008129.19371, -3176.91622594628, 34727.5701923312, 659.463455991116
633283200       , 100723529447.356, 84487065726.9553, -4698634060.74322, -3176.91624147434, 34727.5695228478, 659.46346094406 
633286800       , 100712092548.859, 84612084976.0327, -4696259992.27492, -3176.91625694752, 34727.5688535126, 659.463465891454
633290400       , 100700655650.306, 84737104222.7008, -4693885923.78881, -3176.9162723658, 34727.5681843257, 659.4634708333  
633294000       , 100689218751.698, 84862123466.9601, -4691511855.28492, -3176.91628772915, 34727.5675152871, 659.463475769604
633297600       , 100677781853.034, 84987142708.8111, -4689137786.76328, -3176.91630303756, 34727.5668463967, 659.463480700367
633301200       , 100666344954.316, 85112161948.2543, -4686763718.22389, -3176.91631829099, 34727.5661776545, 659.463485625595
633304800       , 100654908055.543, 85237181185.2903, -4684389649.66678, -3176.91633348943, 34727.5655090604, 659.46349054529 
633308400       , 100643471156.715, 85362200419.9197, -4682015581.09197, -3176.91634863285, 34727.5648406146, 659.463495459457
633312000       , 100632034257.833, 85487219652.1429, -4679641512.49948, -3176.91636372122, 34727.5641723168, 659.463500368099
633315600       , 100620597358.896, 85612238881.9606, -4677267443.88932, -3176.91637875453, 34727.5635041671, 659.46350527122 
633319200       , 100609160459.906, 85737258109.3731, -4674893375.26153, -3176.91639373275, 34727.5628361656, 659.463510168824
633322800       , 100597723560.861, 85862277334.3811, -4672519306.61612, -3176.91640865586, 34727.5621683121, 659.463515060914
633326400       , 100586286661.763, 85987296556.9851, -4670145237.9531, -3176.91642352383, 34727.5615006066, 659.463519947495
633330000       , 100574849762.612, 86112315777.1857, -4667771169.2725, -3176.91643833665, 34727.5608330492, 659.463524828569
633333600       , 100563412863.407, 86237334994.9833, -4665397100.57434, -3176.91645309429, 34727.5601656397, 659.463529704141
633337200       , 100551975964.15 , 86362354210.3784, -4663023031.85864, -3176.91646779673, 34727.5594983782, 659.463534574214
633340800       , 100540539064.839, 86487373423.3718, -4660648963.12541, -3176.91648244395, 34727.5588312647, 659.463539438793
633344400       , 100529102165.476, 86612392633.9637, -4658274894.37469, -3176.91649703592, 34727.5581642991, 659.46354429788 
633348000       , 100517665266.061, 86737411842.1549, -4655900825.60647, -3176.91651157263, 34727.5574974814, 659.46354915148 
633351600       , 100506228366.593, 86862431047.9458, -4653526756.8208, -3176.91652605404, 34727.5568308116, 659.463553999596
633355200       , 100494791467.073, 86987450251.3369, -4651152688.01768, -3176.91654048015, 34727.5561642896, 659.463558842232
633358800       , 100483354567.502, 87112469452.3288, -4648778619.19714, -3176.91655485093, 34727.5554979155, 659.463563679392
633362400       , 100471917667.878, 87237488650.9221, -4646404550.3592, -3176.91656916636, 34727.5548316892, 659.463568511079
633366000       , 100460480768.204, 87362507847.1172, -4644030481.50387, -3176.91658342642, 34727.5541656108, 659.463573337298
633369600       , 100449043868.478, 87487527040.9147, -4641656412.63118, -3176.91659763109, 34727.55349968  , 659.463578158052
633373200       , 100437606968.701, 87612546232.3151, -4639282343.74114, -3176.91661178034, 34727.5528338971, 659.463582973344
633376800       , 100426170068.873, 87737565421.3189, -4636908274.83378, -3176.91662587417, 34727.5521682619, 659.463587783179
633380400       , 100414733168.995, 87862584607.9267, -4634534205.90911, -3176.91663991254, 34727.5515027744, 659.463592587561
633384000       , 100403296269.066, 87987603792.1391, -4632160136.96715, -3176.91665389544, 34727.5508374346, 659.463597386492
633387600       , 100391859369.087, 88112622973.9564, -4629786068.00793, -3176.91666782284, 34727.5501722424, 659.463602179977
633391200       , 100380422469.057, 88237642153.3794, -4627411999.03146, -3176.91668169474, 34727.5495071979, 659.46360696802 
633394800       , 100368985568.978, 88362661330.4084, -4625037930.03777, -3176.91669551111, 34727.5488423011, 659.463611750623
633398400       , 100357548668.85 , 88487680505.0441, -4622663861.02687, -3176.91670927193, 34727.5481775519, 659.463616527792
633402000       , 100346111768.672, 88612699677.287 , -4620289791.99878, -3176.91672297718, 34727.5475129502, 659.46362129953 
633405600       , 100334674868.444, 88737718847.1375, -4617915722.95352, -3176.91673662684, 34727.5468484961, 659.46362606584 
633409200       , 100323237968.168, 88862738014.5963, -4615541653.89111, -3176.9167502209, 34727.5461841896, 659.463630826727
633412800       , 100311801067.843, 88987757179.6639, -4613167584.81157, -3176.91676375933, 34727.5455200306, 659.463635582193
633416400       , 100300364167.469, 89112776342.3407, -4610793515.71492, -3176.91677724212, 34727.5448560192, 659.463640332243
633420000       , 100288927267.047, 89237795502.6274, -4608419446.60119, -3176.91679066925, 34727.5441921552, 659.463645076881
633423600       , 100277490366.576, 89362814660.5244, -4606045377.47038, -3176.91680404071, 34727.5435284387, 659.463649816111
633427200       , 100266053466.058, 89487833816.0323, -4603671308.32252, -3176.91681735646, 34727.5428648696, 659.463654549935
633430800       , 100254616565.491, 89612852969.1516, -4601297239.15762, -3176.91683061651, 34727.542201448 , 659.463659278358
633434400       , 100243179664.877, 89737872119.8829, -4598923169.97572, -3176.91684382082, 34727.5415381738, 659.463664001384
633438000       , 100231742764.216, 89862891268.2267, -4596549100.77682, -3176.91685696939, 34727.540875047 , 659.463668719016
633441600       , 100220305863.507, 89987910414.1834, -4594175031.56095, -3176.91687006219, 34727.5402120676, 659.463673431258
633445200       , 100208868962.752, 90112929557.7537, -4591800962.32812, -3176.91688309921, 34727.5395492355, 659.463678138115
633448800       , 100197432061.949, 90237948698.9381, -4589426893.07836, -3176.91689608044, 34727.5388865507, 659.463682839589
633452400       , 100185995161.1  , 90362967837.737 , -4587052823.81168, -3176.91690900585, 34727.5382240133, 659.463687535684
633456000       , 100174558260.204, 90487986974.1512, -4584678754.52811, -3176.91692187542, 34727.5375616232, 659.463692226405
633459600       , 100163121359.262, 90613006108.1809, -4582304685.22766, -3176.91693468916, 34727.5368993804, 659.463696911755
633463200       , 100151684458.275, 90738025239.8269, -4579930615.91035, -3176.91694744702, 34727.5362372848, 659.463701591737
633466800       , 100140247557.241, 90863044369.0896, -4577556546.57621, -3176.91696014901, 34727.5355753365, 659.463706266356
633470400       , 100128810656.162, 90988063495.9695, -4575182477.22524, -3176.91697279511, 34727.5349135354, 659.463710935616
633474000       , 100117373755.037, 91113082620.4672, -4572808407.85748, -3176.91698538529, 34727.5342518815, 659.463715599519
633477600       , 100105936853.867, 91238101742.5832, -4570434338.47293, -3176.91699791956, 34727.5335903748, 659.463720258071
633481200       , 100094499952.652, 91363120862.3181, -4568060269.07163, -3176.91701039788, 34727.5329290153, 659.463724911274
633484800       , 100083063051.392, 91488139979.6723, -4565686199.65358, -3176.91702282024, 34727.5322678029, 659.463729559132
633488400       , 100071626150.088, 91613159094.6464, -4563312130.21881, -3176.91703518664, 34727.5316067377, 659.46373420165 
633492000       , 100060189248.739, 91738178207.241 , -4560938060.76733, -3176.91704749705, 34727.5309458196, 659.463738838831
633495600       , 100048752347.346, 91863197317.4565, -4558563991.29917, -3176.91705975147, 34727.5302850486, 659.463743470678
633499200       , 100037315445.909, 91988216425.2935, -4556189921.81435, -3176.91707194987, 34727.5296244246, 659.463748097197
633502800       , 100025878544.428, 92113235530.7525, -4553815852.31288, -3176.91708409225, 34727.5289639478, 659.463752718389
633506400       , 100014441642.903, 92238254633.8341, -4551441782.79478, -3176.91709617858, 34727.528303618 , 659.46375733426 
633510000       , 100003004741.335, 92363273734.5388, -4549067713.26008, -3176.91710820887, 34727.5276434352, 659.463761944812
633513600       , 99991567839.7242, 92488292832.867 , -4546693643.70879, -3176.91712018308, 34727.5269833994, 659.463766550051
633517200       , 99980130938.0701, 92613311928.8194, -4544319574.14093, -3176.91713210121, 34727.5263235106, 659.463771149979
633520800       , 99968694036.3732, 92738331022.3965, -4541945504.55651, -3176.91714396325, 34727.5256637688, 659.4637757446  
633524400       , 99957257134.6336, 92863350113.5987, -4539571434.95557, -3176.91715576918, 34727.525004174 , 659.463780333918
633528000       , 99945820232.8517, 92988369202.4267, -4537197365.33812, -3176.917167519 , 34727.5243447261, 659.463784917937
633531600       , 99934383331.0276, 93113388288.8809, -4534823295.70417, -3176.91717921268, 34727.5236854252, 659.463789496661
633535200       , 99922946429.1614, 93238407372.9619, -4532449226.05375, -3176.91719085021, 34727.5230262711, 659.463794070093
633538800       , 99911509527.2535, 93363426454.6703, -4530075156.38687, -3176.91720243159, 34727.522367264 , 659.463798638237
633542400       , 99900072625.304 , 93488445534.0064, -4527701086.70356, -3176.9172139568, 34727.5217084037, 659.463803201098
633546000       , 99888635723.3131, 93613464610.9709, -4525327017.00383, -3176.91722542583, 34727.5210496903, 659.463807758678
633549600       , 99877198821.281 , 93738483685.5643, -4522952947.2877, -3176.91723683866, 34727.5203911237, 659.463812310982
633553200       , 99865761919.2079, 93863502757.7872, -4520578877.5552, -3176.91724819529, 34727.519732704 , 659.463816858013
633556800       , 99854325017.0941, 93988521827.64  , -4518204807.80633, -3176.9172594957, 34727.5190744311, 659.463821399776
633560400       , 99842888114.9396, 94113540895.1233, -4515830738.04112, -3176.91727073989, 34727.518416305 , 659.463825936273
633564000       , 99831451212.7448, 94238559960.2375, -4513456668.2596, -3176.91728192784, 34727.5177583256, 659.463830467509
633567600       , 99820014310.5098, 94363579022.9834, -4511082598.46176, -3176.91729305954, 34727.517100493 , 659.463834993488
633571200       , 99808577408.2348, 94488598083.3613, -4508708528.64765, -3176.91730413498, 34727.5164428072, 659.463839514213
633574800       , 99797140505.9201, 94613617141.3718, -4506334458.81727, -3176.91731515415, 34727.5157852681, 659.463844029689
633578400       , 99785703603.5658, 94738636197.0154, -4503960388.97064, -3176.91732611704, 34727.5151278757, 659.463848539918
633582000       , 99774266701.1721, 94863655250.2927, -4501586319.10779, -3176.91733702364, 34727.51447063  , 659.463853044905
633585600       , 99762829798.7393, 94988674301.2041, -4499212249.22872, -3176.91734787394, 34727.513813531 , 659.463857544654
633589200       , 99751392896.2675, 95113693349.7503, -4496838179.33347, -3176.91735866792, 34727.5131565787, 659.463862039168
633592800       , 99739955993.757 , 95238712395.9317, -4494464109.42205, -3176.91736940559, 34727.512499773 , 659.463866528451
633596400       , 99728519091.2079, 95363731439.7488, -4492090039.49447, -3176.91738008693, 34727.511843114 , 659.463871012507
633600000       , 99717082188.6204, 95488750481.2023, -4489715969.55077, -3176.91739071192, 34727.5111866015, 659.46387549134 
633603600       , 99705645285.9948, 95613769520.2925, -4487341899.59094, -3176.91740128057, 34727.5105302357, 659.463879964954
633607200       , 99694208383.3313, 95738788557.0201, -4484967829.61502, -3176.91741179286, 34727.5098740165, 659.463884433352
633610800       , 99682771480.63  , 95863807591.3856, -4482593759.62303, -3176.91742224879, 34727.5092179439, 659.463888896538
633614400       , 99671334577.8911, 95988826623.3895, -4480219689.61497, -3176.91743264834, 34727.5085620178, 659.463893354516
633618000       , 99659897675.115 , 96113845653.0323, -4477845619.59088, -3176.9174429915, 34727.5079062382, 659.46389780729 
633621600       , 99648460772.3017, 96238864680.3146, -4475471549.55077, -3176.91745327828, 34727.5072506052, 659.463902254864
633625200       , 99637023869.4514, 96363883705.2369, -4473097479.49465, -3176.91746350865, 34727.5065951187, 659.463906697241
633628800       , 99625586966.5645, 96488902727.7996, -4470723409.42255, -3176.91747368262, 34727.5059397788, 659.463911134425
633632400       , 99614150063.641 , 96613921748.0034, -4468349339.33449, -3176.91748380017, 34727.5052845852, 659.46391556642 
633636000       , 99602713160.6812, 96738940765.8488, -4465975269.23048, -3176.9174938613, 34727.5046295382, 659.46391999323 
633639600       , 99591276257.6852, 96863959781.3363, -4463601199.11055, -3176.91750386599, 34727.5039746376, 659.463924414859
633643200       , 99579839354.6534, 96988978794.4664, -4461227128.9747, -3176.91751381425, 34727.5033198835, 659.46392883131 
633646800       , 99568402451.5858, 97113997805.2396, -4458853058.82297, -3176.91752370607, 34727.5026652758, 659.463933242587
633650400       , 99556965548.4828, 97239016813.6566, -4456478988.65536, -3176.91753354143, 34727.5020108145, 659.463937648694
633654000       , 99545528645.3444, 97364035819.7177, -4454104918.4719, -3176.91754332033, 34727.5013564996, 659.463942049636
633657600       , 99534091742.1709, 97489054823.4235, -4451730848.27261, -3176.91755304277, 34727.5007023311, 659.463946445414
633661200       , 99522654838.9626, 97614073824.7746, -4449356778.0575, -3176.91756270873, 34727.500048309 , 659.463950836035
633664800       , 99511217935.7195, 97739092823.7715, -4446982707.8266, -3176.91757231822, 34727.4993944332, 659.4639552215  
633668400       , 99499781032.4419, 97864111820.4147, -4444608637.57992, -3176.91758187122, 34727.4987407037, 659.463959601815
633672000       , 99488344129.1301, 97989130814.7048, -4442234567.31747, -3176.91759136773, 34727.4980871206, 659.463963976983
633675600       , 99476907225.7841, 98114149806.6422, -4439860497.03929, -3176.91760080775, 34727.4974336838, 659.463968347007
633679200       , 99465470322.4043, 98239168796.2275, -4437486426.74538, -3176.91761019126, 34727.4967803933, 659.463972711892
633682800       , 99454033418.9908, 98364187783.4612, -4435112356.43577, -3176.91761951827, 34727.4961272491, 659.463977071641
633686400       , 99442596515.5439, 98489206768.3439, -4432738286.11047, -3176.91762878876, 34727.4954742511, 659.463981426258
633690000       , 99431159612.0636, 98614225750.876 , -4430364215.7695, -3176.91763800274, 34727.4948213994, 659.463985775747
633693600       , 99419722708.5503, 98739244731.0581, -4427990145.41289, -3176.91764716019, 34727.494168694 , 659.463990120112
633697200       , 99408285805.0041, 98864263708.8907, -4425616075.04065, -3176.91765626112, 34727.4935161348, 659.463994459357
633700800       , 99396848901.4253, 98989282684.3745, -4423242004.65279, -3176.91766530551, 34727.4928637218, 659.463998793485
633704400       , 99385411997.814 , 99114301657.5097, -4420867934.24934, -3176.91767429337, 34727.492211455 , 659.4640031225  
633708000       , 99373975094.1704, 99239320628.2971, -4418493863.83031, -3176.91768322469, 34727.4915593343, 659.464007446406
633711600       , 99362538190.4948, 99364339596.7371, -4416119793.39573, -3176.91769209947, 34727.4909073599, 659.464011765207
633715200       , 99351101286.7874, 99489358562.8303, -4413745722.94561, -3176.91770091769, 34727.4902555316, 659.464016078907
633718800       , 99339664383.0483, 99614377526.5771, -4411371652.47997, -3176.91770967936, 34727.4896038495, 659.464020387509
633722400       , 99328227479.2778, 99739396487.9781, -4408997581.99883, -3176.91771838448, 34727.4889523135, 659.464024691017
633726000       , 99316790575.476 , 99864415447.0339, -4406623511.5022, -3176.91772703304, 34727.4883009236, 659.464028989436
633729600       , 99305353671.6432, 99989434403.745 , -4404249440.99011, -3176.91773562503, 34727.4876496799, 659.464033282768
633733200       , 99293916767.7796, 100114453358.112, -4401875370.46257, -3176.91774416046, 34727.4869985822, 659.464037571018
633736800       , 99282479863.8853, 100239472310.135, -4399501299.9196, -3176.91775263933, 34727.4863476306, 659.46404185419 
633740400       , 99271042959.9606, 100364491259.815, -4397127229.36123, -3176.91776106161, 34727.4856968251, 659.464046132286
633744000       , 99259606056.0057, 100489510207.152, -4394753158.78746, -3176.91776942733, 34727.4850461656, 659.464050405312
633747600       , 99248169152.0208, 100614529152.147, -4392379088.19831, -3176.91777773647, 34727.4843956522, 659.464054673271
633751200       , 99236732248.0061, 100739548094.801, -4390005017.59381, -3176.91778598903, 34727.4837452848, 659.464058936167
633754800       , 99225295343.9618, 100864567035.114, -4387630946.97398, -3176.91779418501, 34727.4830950635, 659.464063194003
633758400       , 99213858439.888 , 100989585973.086, -4385256876.33882, -3176.91780232441, 34727.4824449881, 659.464067446784
633762000       , 99202421535.7851, 101114604908.718, -4382882805.68837, -3176.91781040722, 34727.4817950587, 659.464071694513
633765600       , 99190984631.6532, 101239623842.01 , -4380508735.02263, -3176.91781843344, 34727.4811452753, 659.464075937194
633769200       , 99179547727.4925, 101364642772.964, -4378134664.34163, -3176.91782640308, 34727.4804956379, 659.46408017483 
633772800       , 99168110823.3031, 101489661701.579, -4375760593.64538, -3176.91783431613, 34727.4798461464, 659.464084407427
633776400       , 99156673919.0854, 101614680627.856, -4373386522.9339, -3176.91784217259, 34727.4791968008, 659.464088634987
633780000       , 99145237014.8396, 101739699551.796, -4371012452.20721, -3176.91784997246, 34727.4785476012, 659.464092857514
633783600       , 99133800110.5657, 101864718473.399, -4368638381.46533, -3176.91785771574, 34727.4778985475, 659.464097075012
633787200       , 99122363206.2641, 101989737392.666, -4366264310.70827, -3176.91786540242, 34727.4772496397, 659.464101287485
633790800       , 99110926301.9349, 102114756309.597, -4363890239.93606, -3176.91787303251, 34727.4766008778, 659.464105494937
633794400       , 99099489397.5783, 102239775224.192, -4361516169.14872, -3176.91788060601, 34727.4759522618, 659.464109697371
633798000       , 99088052493.1946, 102364794136.453, -4359142098.34625, -3176.91788812291, 34727.4753037916, 659.464113894792
633801600       , 99076615588.7839, 102489813046.38 , -4356768027.52868, -3176.91789558323, 34727.4746554673, 659.464118087203
633805200       , 99065178684.3465, 102614831953.973, -4354393956.69603, -3176.91790298694, 34727.4740072888, 659.464122274608
633808800       , 99053741779.8825, 102739850859.233, -4352019885.84831, -3176.91791033407, 34727.4733592562, 659.46412645701 
633812400       , 99042304875.3921, 102864869762.16 , -4349645814.98554, -3176.9179176246, 34727.4727113694, 659.464130634415
633816000       , 99030867970.8757, 102989888662.755, -4347271744.10775, -3176.91792485854, 34727.4720636283, 659.464134806824
633819600       , 99019431066.3332, 103114907561.018, -4344897673.21494, -3176.91793203589, 34727.4714160331, 659.464138974243
633823200       , 99007994161.7651, 103239926456.95 , -4342523602.30714, -3176.91793915665, 34727.4707685836, 659.464143136675
633826800       , 98996557257.1714, 103364945350.552, -4340149531.38436, -3176.91794622082, 34727.4701212799, 659.464147294124
633830400       , 98985120352.5524, 103489964241.824, -4337775460.44663, -3176.9179532284, 34727.469474122 , 659.464151446594
