631152000       , 567854614851.282, -1388209691557.76, 1532056633.425  , 8405.26149984463, 3630.15441940551, -398.350398524777
631155600       , 567884873791.844, -1388196623000.8, 1530622571.99018, 8405.26103461688, 3630.15500143903, -398.350398595269
631159200       , 567915132730.731, -1388183554441.75, 1529188510.55511, 8405.26056937807, 3630.15558349943, -398.35039866541
631162800       , 567945391667.943, -1388170485880.6, 1527754449.11979, 8405.26010412818, 3630.15616558674, -398.350398735199
631166400       , 567975650603.481, -1388157417317.35, 1526320387.68422, 8405.25963886722, 3630.15674770093, -398.350398804638
631170000       , 568005909537.343, -1388144348752.01, 1524886326.2484 , 8405.25917359519, 3630.15732984202, -398.350398873725
631173600       , 568036168469.531, -1388131280184.58, 1523452264.81233, 8405.25870831208, 3630.15791201001, -398.350398942461
631177200       , 568066427400.043, -1388118211615.05, 1522018203.37601, 8405.2582430179 , 3630.1584942049 , -398.350399010846
631180800       , 568096686328.88 , -1388105143043.42, 1520584141.93945, 8405.25777771264, 3630.15907642669, -398.35039907888
631184400       , 568126945256.043, -1388092074469.7, 1519150080.50265, 8405.25731239631, 3630.15965867538, -398.350399146562
631188000       , 568157204181.53 , -1388079005893.88, 1517716019.0656 , 8405.25684706891, 3630.16024095098, -398.350399213893
631191600       , 568187463105.342, -1388065937315.96, 1516281957.62831, 8405.25638173043, 3630.16082325348, -398.350399280873
631195200       , 568217722027.478, -1388052868735.95, 1514847896.19077, 8405.25591638088, 3630.16140558289, -398.350399347502
631198800       , 568247980947.939, -1388039800153.84, 1513413834.753  , 8405.25545102026, 3630.1619879392 , -398.350399413779
631202400       , 568278239866.725, -1388026731569.64, 1511979773.315  , 8405.25498564856, 3630.16257032243, -398.350399479704
631206000       , 568308498783.836, -1388013662983.34, 1510545711.87675, 8405.25452026579, 3630.16315273257, -398.350399545278
631209600       , 568338757699.271, -1388000594394.94, 1509111650.43827, 8405.25405487194, 3630.16373516963, -398.3503996105 
631213200       , 568369016613.031, -1387987525804.44, 1507677588.99956, 8405.25358946701, 3630.1643176336 , -398.350399675371
631216800       , 568399275525.115, -1387974457211.85, 1506243527.56061, 8405.25312405102, 3630.16490012448, -398.35039973989
631220400       , 568429534435.524, -1387961388617.16, 1504809466.12143, 8405.25265862395, 3630.16548264229, -398.350399804058
631224000       , 568459793344.258, -1387948320020.38, 1503375404.68202, 8405.2521931858 , 3630.16606518701, -398.350399867873
631227600       , 568490052251.315, -1387935251421.49, 1501941343.24238, 8405.25172773658, 3630.16664775866, -398.350399931338
631231200       , 568520311156.697, -1387922182820.51, 1500507281.80251, 8405.25126227628, 3630.16723035723, -398.35039999445
631234800       , 568550570060.404, -1387909114217.43, 1499073220.36242, 8405.25079680491, 3630.16781298272, -398.35040005721
631238400       , 568580828962.434, -1387896045612.26, 1497639158.9221 , 8405.25033132247, 3630.16839563514, -398.350400119619
631242000       , 568611087862.789, -1387882977004.99, 1496205097.48156, 8405.24986582895, 3630.16897831449, -398.350400181675
631245600       , 568641346761.468, -1387869908395.61, 1494771036.04079, 8405.24940032435, 3630.16956102077, -398.35040024338
631249200       , 568671605658.471, -1387856839784.15, 1493336974.59981, 8405.24893480868, 3630.17014375399, -398.350400304733
631252800       , 568701864553.799, -1387843771170.58, 1491902913.1586 , 8405.24846928193, 3630.17072651413, -398.350400365734
631256400       , 568732123447.45 , -1387830702554.91, 1490468851.71718, 8405.24800374411, 3630.17130930121, -398.350400426382
631260000       , 568762382339.426, -1387817633937.15, 1489034790.27553, 8405.24753819521, 3630.17189211523, -398.350400486679
631263600       , 568792641229.725, -1387804565317.29, 1487600728.83367, 8405.24707263523, 3630.17247495618, -398.350400546623
631267200       , 568822900118.349, -1387791496695.33, 1486166667.3916 , 8405.24660706418, 3630.17305782407, -398.350400606216
631270800       , 568853159005.296, -1387778428071.28, 1484732605.94931, 8405.24614148206, 3630.17364071891, -398.350400665456
631274400       , 568883417890.567, -1387765359445.12, 1483298544.50681, 8405.24567588885, 3630.17422364069, -398.350400724344
631278000       , 568913676774.162, -1387752290816.86, 1481864483.06409, 8405.24521028457, 3630.17480658941, -398.350400782879
631281600       , 568943935656.081, -1387739222186.51, 1480430421.62117, 8405.24474466922, 3630.17538956508, -398.350400841062
631285200       , 568974194536.324, -1387726153554.06, 1478996360.17804, 8405.24427904279, 3630.17597256769, -398.350400898893
631288800       , 569004453414.89 , -1387713084919.51, 1477562298.7347 , 8405.24381340528, 3630.17655559726, -398.350400956372
631292400       , 569034712291.781, -1387700016282.86, 1476128237.29115, 8405.2433477567 , 3630.17713865378, -398.350401013498
631296000       , 569064971166.994, -1387686947644.11, 1474694175.8474 , 8405.24288209704, 3630.17772173725, -398.350401070271
631299600       , 569095230040.532, -1387673879003.26, 1473260114.40345, 8405.2424164263 , 3630.17830484767, -398.350401126692
631303200       , 569125488912.393, -1387660810360.32, 1471826052.95929, 8405.24195074448, 3630.17888798505, -398.350401182761
631306800       , 569155747782.577, -1387647741715.27, 1470391991.51493, 8405.24148505159, 3630.17947114938, -398.350401238477
631310400       , 569186006651.085, -1387634673068.12, 1468957930.07037, 8405.24101934763, 3630.18005434068, -398.35040129384
631314000       , 569216265517.916, -1387621604418.88, 1467523868.62562, 8405.24055363258, 3630.18063755894, -398.35040134885
631317600       , 569246524383.071, -1387608535767.53, 1466089807.18066, 8405.24008790646, 3630.18122080416, -398.350401403508
631321200       , 569276783246.549, -1387595467114.09, 1464655745.73551, 8405.23962216926, 3630.18180407634, -398.350401457813
631324800       , 569307042108.351, -1387582398458.54, 1463221684.29017, 8405.23915642098, 3630.18238737549, -398.350401511766
631328400       , 569337300968.476, -1387569329800.9, 1461787622.84463, 8405.23869066163, 3630.1829707016 , -398.350401565365
631332000       , 569367559826.924, -1387556261141.15, 1460353561.3989 , 8405.2382248912 , 3630.18355405469, -398.350401618612
631335600       , 569397818683.695, -1387543192479.31, 1458919499.95297, 8405.23775910969, 3630.18413743474, -398.350401671505
631339200       , 569428077538.789, -1387530123815.36, 1457485438.50686, 8405.2372933171 , 3630.18472084177, -398.350401724046
631342800       , 569458336392.207, -1387517055149.32, 1456051377.06056, 8405.23682751343, 3630.18530427577, -398.350401776234
631346400       , 569488595243.947, -1387503986481.17, 1454617315.61407, 8405.23636169869, 3630.18588773674, -398.350401828069
631350000       , 569518854094.011, -1387490917810.93, 1453183254.1674 , 8405.23589587287, 3630.1864712247 , -398.350401879551
631353600       , 569549112942.397, -1387477849138.58, 1451749192.72054, 8405.23543003597, 3630.18705473963, -398.350401930679
631357200       , 569579371789.107, -1387464780464.13, 1450315131.2735 , 8405.23496418799, 3630.18763828154, -398.350401981455
631360800       , 569609630634.14 , -1387451711787.59, 1448881069.82627, 8405.23449832894, 3630.18822185043, -398.350402031877
631364400       , 569639889477.495, -1387438643108.94, 1447447008.37887, 8405.2340324588 , 3630.18880544631, -398.350402081946
631368000       , 569670148319.173, -1387425574428.19, 1446012946.93128, 8405.23356657759, 3630.18938906917, -398.350402131662
631371600       , 569700407159.174, -1387412505745.34, 1444578885.48352, 8405.2331006853 , 3630.18997271902, -398.350402181024
631375200       , 569730665997.498, -1387399437060.38, 1443144824.03558, 8405.23263478193, 3630.19055639586, -398.350402230033
631378800       , 569760924834.145, -1387386368373.33, 1441710762.58747, 8405.23216886748, 3630.19114009968, -398.350402278689
631382400       , 569791183669.114, -1387373299684.17, 1440276701.13917, 8405.23170294196, 3630.1917238305 , -398.350402326992
631386000       , 569821442502.406, -1387360230992.92, 1438842639.69071, 8405.23123700535, 3630.19230758831, -398.350402374941
631389600       , 569851701334.021, -1387347162299.56, 1437408578.24208, 8405.23077105767, 3630.19289137312, -398.350402422536
631393200       , 569881960163.958, -1387334093604.1, 1435974516.79327, 8405.2303050989 , 3630.19347518492, -398.350402469778
631396800       , 569912218992.217, -1387321024906.54, 1434540455.34429, 8405.22983912906, 3630.19405902372, -398.350402516666
631400400       , 569942477818.799, -1387307956206.87, 1433106393.89515, 8405.22937314814, 3630.19464288952, -398.350402563201
631404000       , 569972736643.704, -1387294887505.11, 1431672332.44584, 8405.22890715614, 3630.19522678232, -398.350402609382
631407600       , 570002995466.931, -1387281818801.24, 1430238270.99636, 8405.22844115306, 3630.19581070212, -398.35040265521
631411200       , 570033254288.48 , -1387268750095.27, 1428804209.54672, 8405.2279751389 , 3630.19639464893, -398.350402700684
631414800       , 570063513108.352, -1387255681387.2, 1427370148.09692, 8405.22750911366, 3630.19697862275, -398.350402745804
631418400       , 570093771926.546, -1387242612677.03, 1425936086.64695, 8405.22704307734, 3630.19756262357, -398.35040279057
631422000       , 570124030743.062, -1387229543964.75, 1424502025.19683, 8405.22657702994, 3630.1981466514 , -398.350402834982
631425600       , 570154289557.901, -1387216475250.37, 1423067963.74654, 8405.22611097146, 3630.19873070624, -398.350402879041
631429200       , 570184548371.061, -1387203406533.89, 1421633902.2961 , 8405.2256449019 , 3630.1993147881 , -398.350402922745
631432800       , 570214807182.544, -1387190337815.3, 1420199840.8455 , 8405.22517882126, 3630.19989889697, -398.350402966096
631436400       , 570245065992.349, -1387177269094.62, 1418765779.39474, 8405.22471272954, 3630.20048303286, -398.350403009092
631440000       , 570275324800.475, -1387164200371.83, 1417331717.94383, 8405.22424662674, 3630.20106719576, -398.350403051735
631443600       , 570305583606.924, -1387151131646.93, 1415897656.49277, 8405.22378051286, 3630.20165138568, -398.350403094024
631447200       , 570335842411.695, -1387138062919.94, 1414463595.04156, 8405.2233143879 , 3630.20223560263, -398.350403135958
631450800       , 570366101214.788, -1387124994190.84, 1413029533.59019, 8405.22284825186, 3630.20281984659, -398.350403177538
631454400       , 570396360016.203, -1387111925459.63, 1411595472.13868, 8405.22238210474, 3630.20340411758, -398.350403218764
631458000       , 570426618815.939, -1387098856726.33, 1410161410.68702, 8405.22191594653, 3630.20398841559, -398.350403259636
631461600       , 570456877613.997, -1387085787990.92, 1408727349.23521, 8405.22144977725, 3630.20457274064, -398.350403300154
631465200       , 570487136410.377, -1387072719253.4, 1407293287.78326, 8405.22098359689, 3630.20515709271, -398.350403340317
631468800       , 570517395205.079, -1387059650513.78, 1405859226.33116, 8405.22051740544, 3630.20574147181, -398.350403380126
631472400       , 570547653998.103, -1387046581772.06, 1404425164.87892, 8405.22005120292, 3630.20632587794, -398.350403419581
631476000       , 570577912789.448, -1387033513028.24, 1402991103.42654, 8405.21958498931, 3630.20691031111, -398.350403458681
631479600       , 570608171579.115, -1387020444282.31, 1401557041.97402, 8405.21911876462, 3630.20749477131, -398.350403497427
631483200       , 570638430367.103, -1387007375534.28, 1400122980.52136, 8405.21865252885, 3630.20807925855, -398.350403535818
631486800       , 570668689153.413, -1386994306784.14, 1398688919.06856, 8405.218186282  , 3630.20866377283, -398.350403573854
631490400       , 570698947938.044, -1386981238031.9, 1397254857.61563, 8405.21772002407, 3630.20924831415, -398.350403611537
631494000       , 570729206720.997, -1386968169277.55, 1395820796.16256, 8405.21725375505, 3630.20983288251, -398.350403648864
631497600       , 570759465502.271, -1386955100521.1, 1394386734.70936, 8405.21678747496, 3630.21041747792, -398.350403685837
631501200       , 570789724281.866, -1386942031762.54, 1392952673.25602, 8405.21632118378, 3630.21100210037, -398.350403722455
631504800       , 570819983059.783, -1386928963001.89, 1391518611.80255, 8405.21585488152, 3630.21158674986, -398.350403758718
631508400       , 570850241836.021, -1386915894239.12, 1390084550.34896, 8405.21538856818, 3630.21217142641, -398.350403794627
631512000       , 570880500610.581, -1386902825474.25, 1388650488.89523, 8405.21492224375, 3630.21275613   , -398.350403830181
631515600       , 570910759383.462, -1386889756707.28, 1387216427.44138, 8405.21445590825, 3630.21334086065, -398.35040386538
631519200       , 570941018154.664, -1386876687938.2, 1385782365.9874 , 8405.21398956166, 3630.21392561835, -398.350403900224
631522800       , 570971276924.187, -1386863619167.01, 1384348304.5333 , 8405.21352320399, 3630.2145104031 , -398.350403934713
631526400       , 571001535692.031, -1386850550393.72, 1382914243.07907, 8405.21305683524, 3630.21509521491, -398.350403968847
631530000       , 571031794458.196, -1386837481618.33, 1381480181.62472, 8405.2125904554 , 3630.21568005378, -398.350404002627
631533600       , 571062053222.682, -1386824412840.83, 1380046120.17025, 8405.21212406448, 3630.21626491971, -398.350404036051
631537200       , 571092311985.489, -1386811344061.22, 1378612058.71567, 8405.21165766248, 3630.2168498127 , -398.35040406912
631540800       , 571122570746.617, -1386798275279.51, 1377177997.26096, 8405.2111912494 , 3630.21743473276, -398.350404101834
631544400       , 571152829506.066, -1386785206495.69, 1375743935.80613, 8405.21072482524, 3630.21801967987, -398.350404134193
631548000       , 571183088263.836, -1386772137709.76, 1374309874.35119, 8405.21025838999, 3630.21860465406, -398.350404166196
631551600       , 571213347019.926, -1386759068921.74, 1372875812.89614, 8405.20979194365, 3630.21918965531, -398.350404197845
631555200       , 571243605774.338, -1386746000131.6, 1371441751.44097, 8405.20932548624, 3630.21977468363, -398.350404229138
631558800       , 571273864527.07 , -1386732931339.36, 1370007689.98569, 8405.20885901774, 3630.22035973903, -398.350404260075
631562400       , 571304123278.123, -1386719862545.01, 1368573628.5303 , 8405.20839253816, 3630.22094482149, -398.350404290658
631566000       , 571334382027.496, -1386706793748.55, 1367139567.07479, 8405.20792604749, 3630.22152993103, -398.350404320885
631569600       , 571364640775.19 , -1386693724949.99, 1365705505.61919, 8405.20745954575, 3630.22211506765, -398.350404350757
631573200       , 571394899521.205, -1386680656149.33, 1364271444.16347, 8405.20699303291, 3630.22270023134, -398.350404380273
631576800       , 571425158265.54 , -1386667587346.55, 1362837382.70765, 8405.206526509  , 3630.22328542212, -398.350404409433
631580400       , 571455417008.196, -1386654518541.67, 1361403321.25172, 8405.206059974  , 3630.22387063997, -398.350404438238
631584000       , 571485675749.172, -1386641449734.68, 1359969259.79569, 8405.20559342792, 3630.22445588491, -398.350404466688
631587600       , 571515934488.468, -1386628380925.59, 1358535198.33956, 8405.20512687075, 3630.22504115693, -398.350404494782
631591200       , 571546193226.085, -1386615312114.39, 1357101136.88333, 8405.2046603025 , 3630.22562645603, -398.35040452252
631594800       , 571576451962.022, -1386602243301.08, 1355667075.427  , 8405.20419372316, 3630.22621178223, -398.350404549903
631598400       , 571606710696.28 , -1386589174485.66, 1354233013.97057, 8405.20372713274, 3630.22679713551, -398.350404576929
631602000       , 571636969428.858, -1386576105668.14, 1352798952.51405, 8405.20326053124, 3630.22738251589, -398.3504046036 
631605600       , 571667228159.756, -1386563036848.51, 1351364891.05743, 8405.20279391865, 3630.22796792335, -398.350404629915
631609200       , 571697486888.974, -1386549968026.77, 1349930829.60071, 8405.20232729498, 3630.22855335791, -398.350404655875
631612800       , 571727745616.512, -1386536899202.92, 1348496768.1439 , 8405.20186066022, 3630.22913881957, -398.350404681478
631616400       , 571758004342.371, -1386523830376.97, 1347062706.68701, 8405.20139401438, 3630.22972430832, -398.350404706726
631620000       , 571788263066.549, -1386510761548.91, 1345628645.23002, 8405.20092735745, 3630.23030982418, -398.350404731617
631623600       , 571818521789.048, -1386497692718.74, 1344194583.77294, 8405.20046068944, 3630.23089536713, -398.350404756152
631627200       , 571848780509.866, -1386484623886.46, 1342760522.31577, 8405.19999401035, 3630.23148093718, -398.350404780332
631630800       , 571879039229.005, -1386471555052.08, 1341326460.85852, 8405.19952732017, 3630.23206653434, -398.350404804155
631634400       , 571909297946.463, -1386458486215.58, 1339892399.40118, 8405.1990606189 , 3630.23265215861, -398.350404827622
631638000       , 571939556662.241, -1386445417376.98, 1338458337.94376, 8405.19859390655, 3630.23323780998, -398.350404850733
631641600       , 571969815376.339, -1386432348536.27, 1337024276.48626, 8405.19812718312, 3630.23382348846, -398.350404873488
631645200       , 572000074088.757, -1386419279693.45, 1335590215.02867, 8405.19766044859, 3630.23440919405, -398.350404895887
631648800       , 572030332799.494, -1386406210848.52, 1334156153.57101, 8405.19719370299, 3630.23499492675, -398.350404917929
631652400       , 572060591508.551, -1386393142001.49, 1332722092.11326, 8405.19672694629, 3630.23558068656, -398.350404939615
631656000       , 572090850215.928, -1386380073152.34, 1331288030.65544, 8405.19626017852, 3630.23616647349, -398.350404960944
631659600       , 572121108921.625, -1386367004301.09, 1329853969.19755, 8405.19579339965, 3630.23675228754, -398.350404981918
631663200       , 572151367625.641, -1386353935447.73, 1328419907.73957, 8405.1953266097 , 3630.23733812871, -398.350405002534
631666800       , 572181626327.976, -1386340866592.25, 1326985846.28153, 8405.19485980867, 3630.23792399699, -398.350405022794
631670400       , 572211885028.631, -1386327797734.67, 1325551784.82341, 8405.19439299655, 3630.2385098924 , -398.350405042698
631674000       , 572242143727.606, -1386314728874.98, 1324117723.36522, 8405.19392617334, 3630.23909581493, -398.350405062245
631677600       , 572272402424.9  , -1386301660013.18, 1322683661.90696, 8405.19345933905, 3630.23968176459, -398.350405081436
631681200       , 572302661120.513, -1386288591149.27, 1321249600.44864, 8405.19299249366, 3630.24026774137, -398.35040510027
631684800       , 572332919814.446, -1386275522283.26, 1319815538.99024, 8405.1925256372 , 3630.24085374528, -398.350405118747
631688400       , 572363178506.698, -1386262453415.13, 1318381477.53178, 8405.19205876965, 3630.24143977632, -398.350405136867
631692000       , 572393437197.269, -1386249384544.89, 1316947416.07326, 8405.19159189101, 3630.24202583449, -398.350405154631
631695600       , 572423695886.159, -1386236315672.54, 1315513354.61467, 8405.19112500128, 3630.2426119198 , -398.350405172038
631699200       , 572453954573.369, -1386223246798.08, 1314079293.15602, 8405.19065810047, 3630.24319803224, -398.350405189088
631702800       , 572484213258.897, -1386210177921.52, 1312645231.69731, 8405.19019118857, 3630.24378417181, -398.350405205781
631706400       , 572514471942.745, -1386197109042.84, 1311211170.23854, 8405.18972426559, 3630.24437033853, -398.350405222117
631710000       , 572544730624.912, -1386184040162.05, 1309777108.77971, 8405.18925733151, 3630.24495653238, -398.350405238097
631713600       , 572574989305.398, -1386170971279.15, 1308343047.32082, 8405.18879038636, 3630.24554275338, -398.350405253719
631717200       , 572605247984.203, -1386157902394.14, 1306908985.86188, 8405.18832343011, 3630.24612900152, -398.350405268984
631720800       , 572635506661.327, -1386144833507.02, 1305474924.40289, 8405.18785646278, 3630.2467152768 , -398.350405283892
631724400       , 572665765336.769, -1386131764617.79, 1304040862.94384, 8405.18738948436, 3630.24730157923, -398.350405298444
631728000       , 572696024010.531, -1386118695726.45, 1302606801.48474, 8405.18692249485, 3630.2478879088 , -398.350405312638
631731600       , 572726282682.611, -1386105626833  , 1301172740.02559, 8405.18645549425, 3630.24847426553, -398.350405326474
631735200       , 572756541353.01 , -1386092557937.44, 1299738678.56639, 8405.18598848257, 3630.24906064941, -398.350405339954
631738800       , 572786800021.728, -1386079489039.76, 1298304617.10714, 8405.1855214598 , 3630.24964706044, -398.350405353076
631742400       , 572817058688.765, -1386066420139.98, 1296870555.64785, 8405.18505442594, 3630.25023349862, -398.350405365841
631746000       , 572847317354.12 , -1386053351238.08, 1295436494.18851, 8405.184587381  , 3630.25081996396, -398.350405378249
631749600       , 572877576017.794, -1386040282334.07, 1294002432.72912, 8405.18412032496, 3630.25140645646, -398.350405390299
631753200       , 572907834679.786, -1386027213427.95, 1292568371.2697 , 8405.18365325784, 3630.25199297612, -398.350405401992
631756800       , 572938093340.098, -1386014144519.72, 1291134309.81023, 8405.18318617963, 3630.25257952294, -398.350405413327
631760400       , 572968351998.727, -1386001075609.38, 1289700248.35072, 8405.18271909033, 3630.25316609692, -398.350405424305
631764000       , 572998610655.675, -1385988006696.93, 1288266186.89118, 8405.18225198995, 3630.25375269806, -398.350405434925
631767600       , 573028869310.941, -1385974937782.36, 1286832125.43159, 8405.18178487847, 3630.25433932637, -398.350405445188
631771200       , 573059127964.526, -1385961868865.68, 1285398063.97197, 8405.18131775591, 3630.25492598185, -398.350405455093
631774800       , 573089386616.429, -1385948799946.9, 1283964002.51231, 8405.18085062226, 3630.2555126645 , -398.35040546464
631778400       , 573119645266.651, -1385935731025.99, 1282529941.05263, 8405.18038347752, 3630.25609937431, -398.35040547383
631782000       , 573149903915.19 , -1385922662102.98, 1281095879.5929 , 8405.17991632169, 3630.2566861113 , -398.350405482662
631785600       , 573180162562.048, -1385909593177.85, 1279661818.13315, 8405.17944915478, 3630.25727287547, -398.350405491136
631789200       , 573210421207.224, -1385896524250.61, 1278227756.67337, 8405.17898197677, 3630.25785966681, -398.350405499252
631792800       , 573240679850.718, -1385883455321.26, 1276793695.21356, 8405.17851478767, 3630.25844648532, -398.350405507011
631796400       , 573270938492.531, -1385870386389.8, 1275359633.75372, 8405.17804758749, 3630.25903333102, -398.350405514411
631800000       , 573301197132.661, -1385857317456.22, 1273925572.29385, 8405.17758037622, 3630.25962020389, -398.350405521454
631803600       , 573331455771.109, -1385844248520.53, 1272491510.83396, 8405.17711315386, 3630.26020710395, -398.350405528139
631807200       , 573361714407.876, -1385831179582.73, 1271057449.37405, 8405.17664592041, 3630.26079403119, -398.350405534465
631810800       , 573391973042.96 , -1385818110642.82, 1269623387.91412, 8405.17617867587, 3630.26138098562, -398.350405540434
631814400       , 573422231676.362, -1385805041700.79, 1268189326.45416, 8405.17571142024, 3630.26196796724, -398.350405546045
631818000       , 573452490308.082, -1385791972756.65, 1266755264.99418, 8405.17524415352, 3630.26255497604, -398.350405551297
631821600       , 573482748938.12 , -1385778903810.39, 1265321203.53419, 8405.17477687571, 3630.26314201203, -398.350405556191
631825200       , 573513007566.476, -1385765834862.03, 1263887142.07418, 8405.17430958681, 3630.26372907522, -398.350405560727
631828800       , 573543266193.149, -1385752765911.54, 1262453080.61415, 8405.17384228682, 3630.2643161656 , -398.350405564905
631832400       , 573573524818.14 , -1385739696958.95, 1261019019.15411, 8405.17337497575, 3630.26490328317, -398.350405568724
631836000       , 573603783441.449, -1385726628004.24, 1259584957.69406, 8405.17290765358, 3630.26549042794, -398.350405572186
631839600       , 573634042063.075, -1385713559047.42, 1258150896.23399, 8405.17244032032, 3630.26607759991, -398.350405575288
631843200       , 573664300683.019, -1385700490088.48, 1256716834.77392, 8405.17197297597, 3630.26666479908, -398.350405578033
631846800       , 573694559301.281, -1385687421127.43, 1255282773.31383, 8405.17150562054, 3630.26725202545, -398.350405580419
631850400       , 573724817917.86 , -1385674352164.27, 1253848711.85374, 8405.17103825401, 3630.26783927902, -398.350405582446
631854000       , 573755076532.756, -1385661283198.99, 1252414650.39364, 8405.17057087639, 3630.2684265598 , -398.350405584115
631857600       , 573785335145.97 , -1385648214231.6, 1250980588.93353, 8405.17010348768, 3630.26901386779, -398.350405585425
631861200       , 573815593757.501, -1385635145262.09, 1249546527.47343, 8405.16963608788, 3630.26960120298, -398.350405586377
631864800       , 573845852367.35 , -1385622076290.47, 1248112466.01331, 8405.16916867699, 3630.27018856539, -398.35040558697
631868400       , 573876110975.516, -1385609007316.73, 1246678404.5532 , 8405.16870125501, 3630.270775955  , -398.350405587204
631872000       , 573906369581.999, -1385595938340.88, 1245244343.09309, 8405.16823382194, 3630.27136337183, -398.35040558708
631875600       , 573936628186.799, -1385582869362.91, 1243810281.63297, 8405.16776637778, 3630.27195081588, -398.350405586597
631879200       , 573966886789.917, -1385569800382.83, 1242376220.17286, 8405.16729892252, 3630.27253828714, -398.350405585755
631882800       , 573997145391.352, -1385556731400.64, 1240942158.71276, 8405.16683145618, 3630.27312578562, -398.350405584554
631886400       , 574027403991.103, -1385543662416.33, 1239508097.25265, 8405.16636397874, 3630.27371331132, -398.350405582994
631890000       , 574057662589.172, -1385530593429.9, 1238074035.79256, 8405.16589649022, 3630.27430086424, -398.350405581076
631893600       , 574087921185.558, -1385517524441.36, 1236639974.33247, 8405.1654289906 , 3630.27488844438, -398.350405578798
631897200       , 574118179780.261, -1385504455450.71, 1235205912.87239, 8405.16496147989, 3630.27547605175, -398.350405576162
631900800       , 574148438373.281, -1385491386457.93, 1233771851.41232, 8405.16449395809, 3630.27606368634, -398.350405573166
631904400       , 574178696964.617, -1385478317463.05, 1232337789.95227, 8405.1640264252 , 3630.27665134816, -398.350405569812
631908000       , 574208955554.271, -1385465248466.05, 1230903728.49222, 8405.16355888122, 3630.27723903721, -398.350405566098
631911600       , 574239214142.241, -1385452179466.93, 1229469667.03219, 8405.16309132614, 3630.27782675349, -398.350405562025
631915200       , 574269472728.528, -1385439110465.69, 1228035605.57218, 8405.16262375997, 3630.27841449701, -398.350405557593
631918800       , 574299731313.132, -1385426041462.34, 1226601544.11218, 8405.16215618271, 3630.27900226776, -398.350405552802
631922400       , 574329989896.053, -1385412972456.88, 1225167482.6522 , 8405.16168859436, 3630.27959006575, -398.350405547651
631926000       , 574360248477.29 , -1385399903449.29, 1223733421.19223, 8405.16122099492, 3630.28017789097, -398.350405542141
631929600       , 574390507056.844, -1385386834439.6, 1222299359.73229, 8405.16075338439, 3630.28076574343, -398.350405536272
631933200       , 574420765634.715, -1385373765427.78, 1220865298.27237, 8405.16028576276, 3630.28135362314, -398.350405530043
631936800       , 574451024210.902, -1385360696413.85, 1219431236.81248, 8405.15981813004, 3630.28194153008, -398.350405523455
631940400       , 574481282785.405, -1385347627397.8, 1217997175.3526 , 8405.15935048623, 3630.28252946427, -398.350405516507
631944000       , 574511541358.225, -1385334558379.64, 1216563113.89276, 8405.15888283132, 3630.28311742571, -398.3504055092 
631947600       , 574541799929.361, -1385321489359.36, 1215129052.43294, 8405.15841516533, 3630.2837054144 , -398.350405501534
631951200       , 574572058498.814, -1385308420336.96, 1213694990.97315, 8405.15794748824, 3630.28429343033, -398.350405493507
631954800       , 574602317066.583, -1385295351312.44, 1212260929.51339, 8405.15747980005, 3630.28488147352, -398.350405485121
631958400       , 574632575632.669, -1385282282285.81, 1210826868.05366, 8405.15701210078, 3630.28546954395, -398.350405476376
631962000       , 574662834197.071, -1385269213257.06, 1209392806.59396, 8405.15654439041, 3630.28605764165, -398.350405467271
631965600       , 574693092759.788, -1385256144226.2, 1207958745.13429, 8405.15607666895, 3630.28664576659, -398.350405457806
631969200       , 574723351320.823, -1385243075193.21, 1206524683.67466, 8405.1556089364 , 3630.2872339188 , -398.350405447981
631972800       , 574753609880.173, -1385230006158.11, 1205090622.21507, 8405.15514119275, 3630.28782209826, -398.350405437796
631976400       , 574783868437.839, -1385216937120.89, 1203656560.75551, 8405.15467343801, 3630.28841030499, -398.350405427252
631980000       , 574814126993.822, -1385203868081.56, 1202222499.29599, 8405.15420567218, 3630.28899853897, -398.350405416347
631983600       , 574844385548.12 , -1385190799040.1, 1200788437.83651, 8405.15373789525, 3630.28958680023, -398.350405405083
631987200       , 574874644100.734, -1385177729996.53, 1199354376.37707, 8405.15327010723, 3630.29017508874, -398.350405393459
631990800       , 574904902651.665, -1385164660950.84, 1197920314.91768, 8405.15280230812, 3630.29076340453, -398.350405381474
631994400       , 574935161200.911, -1385151591903.04, 1196486253.45833, 8405.15233449791, 3630.29135174758, -398.35040536913
631998000       , 574965419748.473, -1385138522853.11, 1195052191.99902, 8405.15186667661, 3630.2919401179 , -398.350405356425
632001600       , 574995678294.351, -1385125453801.07, 1193618130.53976, 8405.15139884421, 3630.2925285155 , -398.35040534336
632005200       , 575025936838.545, -1385112384746.91, 1192184069.08055, 8405.15093100072, 3630.29311694037, -398.350405329936
632008800       , 575056195381.054, -1385099315690.63, 1190750007.62139, 8405.15046314614, 3630.29370539251, -398.35040531615
632012400       , 575086453921.879, -1385086246632.23, 1189315946.16227, 8405.14999528046, 3630.29429387194, -398.350405302005
632016000       , 575116712461.02 , -1385073177571.71, 1187881884.70321, 8405.14952740369, 3630.29488237864, -398.350405287499
632019600       , 575146970998.477, -1385060108509.07, 1186447823.2442 , 8405.14905951583, 3630.29547091262, -398.350405272633
632023200       , 575177229534.249, -1385047039444.32, 1185013761.78525, 8405.14859161687, 3630.29605947388, -398.350405257407
632026800       , 575207488068.336, -1385033970377.45, 1183579700.32635, 8405.14812370682, 3630.29664806243, -398.35040524182
632030400       , 575237746600.74 , -1385020901308.45, 1182145638.86751, 8405.14765578567, 3630.29723667826, -398.350405225873
632034000       , 575268005131.458, -1385007832237.34, 1180711577.40873, 8405.14718785342, 3630.29782532138, -398.350405209565
632037600       , 575298263660.492, -1384994763164.11, 1179277515.95   , 8405.14671991009, 3630.29841399179, -398.350405192897
632041200       , 575328522187.841, -1384981694088.76, 1177843454.49134, 8405.14625195566, 3630.29900268949, -398.350405175868
632044800       , 575358780713.506, -1384968625011.29, 1176409393.03274, 8405.14578399013, 3630.29959141448, -398.350405158478
632048400       , 575389039237.486, -1384955555931.7, 1174975331.5742 , 8405.14531601351, 3630.30018016676, -398.350405140728
632052000       , 575419297759.781, -1384942486849.99, 1173541270.11572, 8405.14484802579, 3630.30076894634, -398.350405122617
632055600       , 575449556280.392, -1384929417766.17, 1172107208.65731, 8405.14438002698, 3630.30135775322, -398.350405104146
632059200       , 575479814799.317, -1384916348680.22, 1170673147.19897, 8405.14391201707, 3630.30194658739, -398.350405085313
632062800       , 575510073316.558, -1384903279592.15, 1169239085.7407 , 8405.14344399607, 3630.30253544886, -398.35040506612
632066400       , 575540331832.114, -1384890210501.96, 1167805024.2825 , 8405.14297596397, 3630.30312433764, -398.350405046566
632070000       , 575570590345.985, -1384877141409.66, 1166370962.82437, 8405.14250792078, 3630.30371325372, -398.350405026651
632073600       , 575600848858.171, -1384864072315.23, 1164936901.36631, 8405.14203986649, 3630.3043021971 , -398.350405006375
632077200       , 575631107368.672, -1384851003218.68, 1163502839.90832, 8405.14157180111, 3630.3048911678 , -398.350404985738
632080800       , 575661365877.488, -1384837934120.01, 1162068778.45041, 8405.14110372463, 3630.3054801658 , -398.35040496474
632084400       , 575691624384.619, -1384824865019.22, 1160634716.99257, 8405.14063563705, 3630.30606919111, -398.350404943381
632088000       , 575721882890.065, -1384811795916.31, 1159200655.53482, 8405.14016753838, 3630.30665824373, -398.350404921661
632091600       , 575752141393.825, -1384798726811.28, 1157766594.07714, 8405.13969942861, 3630.30724732366, -398.35040489958
632095200       , 575782399895.9  , -1384785657704.13, 1156332532.61954, 8405.13923130775, 3630.30783643091, -398.350404877138
632098800       , 575812658396.29 , -1384772588594.86, 1154898471.16202, 8405.13876317579, 3630.30842556548, -398.350404854334
632102400       , 575842916894.995, -1384759519483.47, 1153464409.70459, 8405.13829503274, 3630.30901472736, -398.350404831169
632106000       , 575873175392.015, -1384746450369.95, 1152030348.24724, 8405.13782687859, 3630.30960391656, -398.350404807643
632109600       , 575903433887.349, -1384733381254.32, 1150596286.78998, 8405.13735871334, 3630.31019313309, -398.350404783756
632113200       , 575933692380.997, -1384720312136.56, 1149162225.3328 , 8405.13689053699, 3630.31078237694, -398.350404759507
632116800       , 575963950872.961, -1384707243016.69, 1147728163.87571, 8405.13642234955, 3630.31137164811, -398.350404734897
632120400       , 575994209363.238, -1384694173894.69, 1146294102.41871, 8405.13595415102, 3630.31196094661, -398.350404709925
632124000       , 576024467851.831, -1384681104770.57, 1144860040.9618 , 8405.13548594138, 3630.31255027244, -398.350404684592
632127600       , 576054726338.737, -1384668035644.33, 1143425979.50498, 8405.13501772066, 3630.3131396256 , -398.350404658897
632131200       , 576084984823.958, -1384654966515.96, 1141991918.04825, 8405.13454948883, 3630.31372900608, -398.350404632841
632134800       , 576115243307.493, -1384641897385.48, 1140557856.59162, 8405.13408124591, 3630.31431841391, -398.350404606423
632138400       , 576145501789.343, -1384628828252.87, 1139123795.13509, 8405.13361299189, 3630.31490784906, -398.350404579643
632142000       , 576175760269.507, -1384615759118.14, 1137689733.67865, 8405.13314472677, 3630.31549731156, -398.350404552502
632145600       , 576206018747.985, -1384602689981.29, 1136255672.22231, 8405.13267645055, 3630.31608680139, -398.350404524999
632149200       , 576236277224.777, -1384589620842.32, 1134821610.76607, 8405.13220816324, 3630.31667631856, -398.350404497134
632152800       , 576266535699.884, -1384576551701.22, 1133387549.30993, 8405.13173986483, 3630.31726586307, -398.350404468908
632156400       , 576296794173.304, -1384563482558  , 1131953487.85389, 8405.13127155533, 3630.31785543492, -398.350404440319
632160000       , 576327052645.039, -1384550413412.66, 1130519426.39796, 8405.13080323472, 3630.31844503412, -398.350404411369
632163600       , 576357311115.088, -1384537344265.2, 1129085364.94213, 8405.13033490302, 3630.31903466066, -398.350404382057
632167200       , 576387569583.45 , -1384524275115.61, 1127651303.48641, 8405.12986656022, 3630.31962431456, -398.350404352383
632170800       , 576417828050.127, -1384511205963.9, 1126217242.0308 , 8405.12939820632, 3630.3202139958 , -398.350404322346
632174400       , 576448086515.118, -1384498136810.07, 1124783180.57529, 8405.12892984133, 3630.32080370439, -398.350404291948
632178000       , 576478344978.422, -1384485067654.12, 1123349119.11989, 8405.12846146524, 3630.32139344034, -398.350404261188
632181600       , 576508603440.04 , -1384471998496.04, 1121915057.66461, 8405.12799307805, 3630.32198320364, -398.350404230065
632185200       , 576538861899.972, -1384458929335.84, 1120480996.20944, 8405.12752467976, 3630.3225729943 , -398.350404198581
632188800       , 576569120358.218, -1384445860173.51, 1119046934.75438, 8405.12705627037, 3630.32316281231, -398.350404166734
632192400       , 576599378814.777, -1384432791009.06, 1117612873.29944, 8405.12658784989, 3630.32375265768, -398.350404134525
632196000       , 576629637269.65 , -1384419721842.49, 1116178811.84461, 8405.1261194183 , 3630.32434253042, -398.350404101953
632199600       , 576659895722.837, -1384406652673.8, 1114744750.3899 , 8405.12565097562, 3630.32493243051, -398.35040406902
632203200       , 576690154174.337, -1384393583502.98, 1113310688.93532, 8405.12518252184, 3630.32552235797, -398.350404035724
632206800       , 576720412624.151, -1384380514330.04, 1111876627.48085, 8405.12471405697, 3630.3261123128 , -398.350404002065
632210400       , 576750671072.278, -1384367445154.97, 1110442566.0265 , 8405.12424558099, 3630.326702295  , -398.350403968044
632214000       , 576780929518.719, -1384354375977.78, 1109008504.57228, 8405.12377709392, 3630.32729230456, -398.350403933661
632217600       , 576811187963.474, -1384341306798.47, 1107574443.11818, 8405.12330859574, 3630.32788234149, -398.350403898915
632221200       , 576841446406.541, -1384328237617.03, 1106140381.66421, 8405.12284008647, 3630.3284724058 , -398.350403863806
632224800       , 576871704847.922, -1384315168433.46, 1104706320.21036, 8405.1223715661 , 3630.32906249748, -398.350403828335
632228400       , 576901963287.616, -1384302099247.78, 1103272258.75664, 8405.12190303463, 3630.32965261654, -398.350403792501
632232000       , 576932221725.624, -1384289030059.97, 1101838197.30306, 8405.12143449206, 3630.33024276297, -398.350403756305
632235600       , 576962480161.945, -1384275960870.03, 1100404135.8496 , 8405.12096593839, 3630.33083293679, -398.350403719746
632239200       , 576992738596.579, -1384262891677.97, 1098970074.39627, 8405.12049737362, 3630.33142313798, -398.350403682824
632242800       , 577022997029.526, -1384249822483.78, 1097536012.94308, 8405.12002879776, 3630.33201336656, -398.350403645539
632246400       , 577053255460.786, -1384236753287.47, 1096101951.49003, 8405.11956021079, 3630.33260362252, -398.350403607892
632250000       , 577083513890.359, -1384223684089.04, 1094667890.03711, 8405.11909161273, 3630.33319390586, -398.350403569881
632253600       , 577113772318.246, -1384210614888.48, 1093233828.58432, 8405.11862300356, 3630.3337842166 , -398.350403531508
632257200       , 577144030744.445, -1384197545685.79, 1091799767.13168, 8405.1181543833 , 3630.33437455472, -398.350403492771
632260800       , 577174289168.957, -1384184476480.98, 1090365705.67918, 8405.11768575193, 3630.33496492023, -398.350403453672
632264400       , 577204547591.782, -1384171407274.04, 1088931644.22681, 8405.11721710947, 3630.33555531314, -398.35040341421
632268000       , 577234806012.921, -1384158338064.98, 1087497582.77459, 8405.1167484559 , 3630.33614573344, -398.350403374384
632271600       , 577265064432.371, -1384145268853.79, 1086063521.32252, 8405.11627979124, 3630.33673618113, -398.350403334195
632275200       , 577295322850.135, -1384132199640.48, 1084629459.87059, 8405.11581111547, 3630.33732665623, -398.350403293644
632278800       , 577325581266.211, -1384119130425.04, 1083195398.4188 , 8405.11534242861, 3630.33791715872, -398.350403252729
632282400       , 577355839680.6  , -1384106061207.48, 1081761336.96717, 8405.11487373065, 3630.33850768861, -398.35040321145
632286000       , 577386098093.302, -1384092991987.79, 1080327275.51568, 8405.11440502158, 3630.3390982459 , -398.350403169809
632289600       , 577416356504.317, -1384079922765.97, 1078893214.06435, 8405.11393630142, 3630.3396888306 , -398.350403127804
632293200       , 577446614913.644, -1384066853542.03, 1077459152.61316, 8405.11346757015, 3630.3402794427 , -398.350403085436
632296800       , 577476873321.283, -1384053784315.96, 1076025091.16213, 8405.11299882779, 3630.34087008221, -398.350403042704
632300400       , 577507131727.235, -1384040715087.76, 1074591029.71126, 8405.11253007432, 3630.34146074913, -398.350402999609
632304000       , 577537390131.5  , -1384027645857.44, 1073156968.26053, 8405.11206130975, 3630.34205144346, -398.350402956151
632307600       , 577567648534.077, -1384014576624.99, 1071722906.80997, 8405.11159253409, 3630.3426421652 , -398.350402912329
632311200       , 577597906934.966, -1384001507390.42, 1070288845.35957, 8405.11112374732, 3630.34323291435, -398.350402868143
632314800       , 577628165334.168, -1383988438153.71, 1068854783.90932, 8405.11065494945, 3630.34382369093, -398.350402823594
632318400       , 577658423731.682, -1383975368914.89, 1067420722.45924, 8405.11018614048, 3630.34441449491, -398.350402778681
632322000       , 577688682127.508, -1383962299673.93, 1065986661.00931, 8405.10971732041, 3630.34500532632, -398.350402733404
632325600       , 577718940521.646, -1383949230430.85, 1064552599.55956, 8405.10924848923, 3630.34559618514, -398.350402687764
632329200       , 577749198914.097, -1383936161185.64, 1063118538.10996, 8405.10877964696, 3630.34618707139, -398.35040264176
632332800       , 577779457304.86 , -1383923091938.3, 1061684476.66054, 8405.10831079358, 3630.34677798506, -398.350402595392
632336400       , 577809715693.935, -1383910022688.84, 1060250415.21128, 8405.10784192911, 3630.34736892616, -398.35040254866
632340000       , 577839974081.322, -1383896953437.24, 1058816353.76219, 8405.10737305353, 3630.34795989468, -398.350402501565
632343600       , 577870232467.021, -1383883884183.52, 1057382292.31327, 8405.10690416685, 3630.34855089064, -398.350402454105
632347200       , 577900490851.032, -1383870814927.68, 1055948230.86452, 8405.10643526907, 3630.34914191402, -398.350402406282
632350800       , 577930749233.354, -1383857745669.7, 1054514169.41594, 8405.10596636019, 3630.34973296483, -398.350402358094
632354400       , 577961007613.989, -1383844676409.6, 1053080107.96754, 8405.1054974402 , 3630.35032404308, -398.350402309543
632358000       , 577991265992.936, -1383831607147.37, 1051646046.51931, 8405.10502850912, 3630.35091514876, -398.350402260627
632361600       , 578021524370.195, -1383818537883.01, 1050211985.07126, 8405.10455956693, 3630.35150628188, -398.350402211348
632365200       , 578051782745.765, -1383805468616.52, 1048777923.62339, 8405.10409061364, 3630.35209744244, -398.350402161704
632368800       , 578082041119.647, -1383792399347.91, 1047343862.1757 , 8405.10362164925, 3630.35268863044, -398.350402111696
632372400       , 578112299491.841, -1383779330077.17, 1045909800.72819, 8405.10315267375, 3630.35327984588, -398.350402061323
632376000       , 578142557862.346, -1383766260804.29, 1044475739.28086, 8405.10268368716, 3630.35387108876, -398.350402010587
632379600       , 578172816231.163, -1383753191529.29, 1043041677.83371, 8405.10221468946, 3630.35446235909, -398.350401959486
632383200       , 578203074598.292, -1383740122252.17, 1041607616.38675, 8405.10174568065, 3630.35505365687, -398.350401908021
632386800       , 578233332963.732, -1383727052972.91, 1040173554.93997, 8405.10127666075, 3630.35564498209, -398.350401856191
632390400       , 578263591327.484, -1383713983691.52, 1038739493.49339, 8405.10080762974, 3630.35623633477, -398.350401803997
632394000       , 578293849689.547, -1383700914408.01, 1037305432.04699, 8405.10033858764, 3630.35682771489, -398.350401751438
632397600       , 578324108049.922, -1383687845122.36, 1035871370.60078, 8405.09986953442, 3630.35741912247, -398.350401698515
632401200       , 578354366408.608, -1383674775834.59, 1034437309.15476, 8405.09940047011, 3630.3580105575 , -398.350401645227
632404800       , 578384624765.605, -1383661706544.69, 1033003247.70893, 8405.09893139469, 3630.35860201999, -398.350401591575
632408400       , 578414883120.914, -1383648637252.65, 1031569186.2633 , 8405.09846230817, 3630.35919350994, -398.350401537558
632412000       , 578445141474.534, -1383635567958.49, 1030135124.81786, 8405.09799321055, 3630.35978502735, -398.350401483176
632415600       , 578475399826.465, -1383622498662.2, 1028701063.37262, 8405.09752410182, 3630.36037657222, -398.35040142843
632419200       , 578505658176.707, -1383609429363.78, 1027267001.92758, 8405.09705498199, 3630.36096814455, -398.350401373319
632422800       , 578535916525.261, -1383596360063.23, 1025832940.48273, 8405.09658585106, 3630.36155974435, -398.350401317843
632426400       , 578566174872.125, -1383583290760.55, 1024398879.03809, 8405.09611670902, 3630.36215137162, -398.350401262002
632430000       , 578596433217.301, -1383570221455.74, 1022964817.59365, 8405.09564755588, 3630.36274302635, -398.350401205797
632433600       , 578626691560.788, -1383557152148.8, 1021530756.14941, 8405.09517839164, 3630.36333470855, -398.350401149226
632437200       , 578656949902.585, -1383544082839.73, 1020096694.70537, 8405.09470921629, 3630.36392641823, -398.35040109229
632440800       , 578687208242.694, -1383531013528.53, 1018662633.26154, 8405.09424002984, 3630.36451815537, -398.35040103499
632444400       , 578717466581.114, -1383517944215.2, 1017228571.81792, 8405.09377083229, 3630.36510992   , -398.350400977324
632448000       , 578747724917.844, -1383504874899.74, 1015794510.37451, 8405.09330162363, 3630.36570171209, -398.350400919294
632451600       , 578777983252.885, -1383491805582.15, 1014360448.9313 , 8405.09283240387, 3630.36629353167, -398.350400860898
632455200       , 578808241586.237, -1383478736262.43, 1012926387.48831, 8405.09236317301, 3630.36688537873, -398.350400802137
632458800       , 578838499917.9  , -1383465666940.57, 1011492326.04553, 8405.09189393104, 3630.36747725327, -398.350400743011
632462400       , 578868758247.874, -1383452597616.59, 1010058264.60296, 8405.09142467796, 3630.36806915529, -398.350400683519
632466000       , 578899016576.158, -1383439528290.48, 1008624203.16061, 8405.09095541379, 3630.36866108479, -398.350400623663
632469600       , 578929274902.753, -1383426458962.23, 1007190141.71847, 8405.0904861385 , 3630.36925304178, -398.350400563441
632473200       , 578959533227.658, -1383413389631.85, 1005756080.27655, 8405.09001685212, 3630.36984502626, -398.350400502853
632476800       , 578989791550.874, -1383400320299.35, 1004322018.83485, 8405.08954755463, 3630.37043703823, -398.3504004419 
632480400       , 579020049872.401, -1383387250964.71, 1002887957.39337, 8405.08907824603, 3630.3710290777 , -398.350400380582
632484000       , 579050308192.238, -1383374181627.94, 1001453895.95211, 8405.08860892633, 3630.37162114465, -398.350400318898
632487600       , 579080566510.385, -1383361112289.03, 1000019834.51107, 8405.08813959553, 3630.3722132391 , -398.350400256849
632491200       , 579110824826.843, -1383348042948  , 998585773.070262, 8405.08767025362, 3630.37280536104, -398.350400194434
632494800       , 579141083141.611, -1383334973604.84, 997151711.629675, 8405.0872009006 , 3630.37339751049, -398.350400131654
632498400       , 579171341454.689, -1383321904259.54, 995717650.189314, 8405.08673153648, 3630.37398968743, -398.350400068508
632502000       , 579201599766.078, -1383308834912.11, 994283588.749182, 8405.08626216126, 3630.37458189187, -398.350400004996
632505600       , 579231858075.777, -1383295765562.55, 992849527.309279, 8405.08579277493, 3630.37517412382, -398.350399941119
632509200       , 579262116383.786, -1383282696210.86, 991415465.869606, 8405.0853233775 , 3630.37576638327, -398.350399876875
632512800       , 579292374690.105, -1383269626857.03, 989981404.430166, 8405.08485396896, 3630.37635867023, -398.350399812266
632516400       , 579322632994.734, -1383256557501.07, 988547342.990958, 8405.08438454931, 3630.3769509847 , -398.350399747291
632520000       , 579352891297.674, -1383243488142.98, 987113281.551986, 8405.08391511856, 3630.37754332667, -398.350399681951
632523600       , 579383149598.923, -1383230418782.76, 985679220.113249, 8405.08344567671, 3630.37813569616, -398.350399616244
632527200       , 579413407898.483, -1383217349420.41, 984245158.674749, 8405.08297622375, 3630.37872809316, -398.350399550171
632530800       , 579443666196.352, -1383204280055.92, 982811097.236488, 8405.08250675968, 3630.37932051767, -398.350399483732
632534400       , 579473924492.531, -1383191210689.3, 981377035.798467, 8405.08203728451, 3630.3799129697 , -398.350399416928
632538000       , 579504182787.02 , -1383178141320.55, 979942974.360686, 8405.08156779823, 3630.38050544925, -398.350399349757
632541600       , 579534441079.819, -1383165071949.66, 978508912.923149, 8405.08109830085, 3630.38109795632, -398.35039928222
632545200       , 579564699370.928, -1383152002576.64, 977074851.485855, 8405.08062879236, 3630.3816904909 , -398.350399214317
632548800       , 579594957660.347, -1383138933201.49, 975640790.048806, 8405.08015927276, 3630.38228305302, -398.350399146047
632552400       , 579625215948.075, -1383125863824.2, 974206728.612004, 8405.07968974206, 3630.38287564265, -398.350399077412
632556000       , 579655474234.113, -1383112794444.78, 972772667.175449, 8405.07922020025, 3630.38346825981, -398.35039900841
632559600       , 579685732518.46 , -1383099725063.23, 971338605.739144, 8405.07875064734, 3630.3840609045 , -398.350398939042
632563200       , 579715990801.117, -1383086655679.54, 969904544.303088, 8405.07828108332, 3630.38465357672, -398.350398869307
632566800       , 579746249082.084, -1383073586293.73, 968470482.867285, 8405.07781150819, 3630.38524627647, -398.350398799206
632570400       , 579776507361.36 , -1383060516905.77, 967036421.431735, 8405.07734192196, 3630.38583900376, -398.350398728739
632574000       , 579806765638.946, -1383047447515.68, 965602359.996439, 8405.07687232462, 3630.38643175857, -398.350398657905
632577600       , 579837023914.841, -1383034378123.46, 964168298.561398, 8405.07640271617, 3630.38702454093, -398.350398586704
632581200       , 579867282189.045, -1383021308729.11, 962734237.126615, 8405.07593309662, 3630.38761735082, -398.350398515137
632584800       , 579897540461.559, -1383008239332.62, 961300175.69209 , 8405.07546346596, 3630.38821018825, -398.350398443204
632588400       , 579927798732.382, -1382995169933.99, 959866114.257824, 8405.0749938242 , 3630.38880305322, -398.350398370903
632592000       , 579958057001.515, -1382982100533.24, 958432052.82382 , 8405.07452417132, 3630.38939594573, -398.350398298236
632595600       , 579988315268.956, -1382969031130.34, 956997991.390077, 8405.07405450734, 3630.38998886579, -398.350398225203
632599200       , 580018573534.707, -1382955961725.32, 955563929.956599, 8405.07358483226, 3630.3905818134 , -398.350398151802
632602800       , 580048831798.767, -1382942892318.15, 954129868.523385, 8405.07311514606, 3630.39117478855, -398.350398078035
632606400       , 580079090061.136, -1382929822908.86, 952695807.090437, 8405.07264544876, 3630.39176779125, -398.350398003901
632610000       , 580109348321.814, -1382916753497.43, 951261745.657757, 8405.07217574035, 3630.3923608215 , -398.3503979294 
632613600       , 580139606580.802, -1382903684083.86, 949827684.225346, 8405.07170602084, 3630.39295387931, -398.350397854532
632617200       , 580169864838.098, -1382890614668.16, 948393622.793205, 8405.07123629021, 3630.39354696467, -398.350397779297
632620800       , 580200123093.703, -1382877545250.32, 946959561.361335, 8405.07076654848, 3630.39414007758, -398.350397703695
632624400       , 580230381347.617, -1382864475830.35, 945525499.929739, 8405.07029679564, 3630.39473321806, -398.350397627726
632628000       , 580260639599.84 , -1382851406408.24, 944091438.498416, 8405.0698270317 , 3630.39532638609, -398.35039755139
632631600       , 580290897850.371, -1382838336984  , 942657377.067369, 8405.06935725664, 3630.39591958168, -398.350397474686
632635200       , 580321156099.212, -1382825267557.62, 941223315.636599, 8405.06888747048, 3630.39651280484, -398.350397397616
632638800       , 580351414346.361, -1382812198129.11, 939789254.206107, 8405.06841767321, 3630.39710605556, -398.350397320178
632642400       , 580381672591.819, -1382799128698.46, 938355192.775894, 8405.06794786483, 3630.39769933384, -398.350397242373
632646000       , 580411930835.586, -1382786059265.67, 936921131.345962, 8405.06747804535, 3630.3982926397 , -398.350397164201
632649600       , 580442189077.661, -1382772989830.75, 935487069.916312, 8405.06700821475, 3630.39888597312, -398.350397085661
632653200       , 580472447318.045, -1382759920393.69, 934053008.486946, 8405.06653837305, 3630.39947933411, -398.350397006755
632656800       , 580502705556.737, -1382746850954.5, 932618947.057864, 8405.06606852024, 3630.40007272268, -398.35039692748
632660400       , 580532963793.738, -1382733781513.17, 931184885.629068, 8405.06559865632, 3630.40066613882, -398.350396847838
632664000       , 580563222029.048, -1382720712069.7, 929750824.20056 , 8405.0651287813 , 3630.40125958254, -398.350396767829
632667600       , 580593480262.666, -1382707642624.1, 928316762.77234 , 8405.06465889516, 3630.40185305383, -398.350396687452
632671200       , 580623738494.592, -1382694573176.36, 926882701.344411, 8405.06418899792, 3630.4024465527 , -398.350396606708
632674800       , 580653996724.827, -1382681503726.49, 925448639.916772, 8405.06371908956, 3630.40304007916, -398.350396525596
632678400       , 580684254953.369, -1382668434274.47, 924014578.489427, 8405.0632491701 , 3630.40363363319, -398.350396444116
632682000       , 580714513180.221, -1382655364820.32, 922580517.062375, 8405.06277923953, 3630.40422721481, -398.350396362269
632685600       , 580744771405.38 , -1382642295364.04, 921146455.635619, 8405.06230929785, 3630.40482082402, -398.350396280053
632689200       , 580775029628.848, -1382629225905.61, 919712394.209159, 8405.06183934507, 3630.40541446081, -398.350396197471
632692800       , 580805287850.623, -1382616156445.05, 918278332.782998, 8405.06136938117, 3630.4060081252 , -398.35039611452
632696400       , 580835546070.707, -1382603086982.35, 916844271.357135, 8405.06089940616, 3630.40660181717, -398.350396031201
632700000       , 580865804289.099, -1382590017517.52, 915410209.931573, 8405.06042942005, 3630.40719553674, -398.350395947515
632703600       , 580896062505.799, -1382576948050.55, 913976148.506314, 8405.05995942282, 3630.4077892839 , -398.35039586346
632707200       , 580926320720.807, -1382563878581.44, 912542087.081357, 8405.05948941449, 3630.40838305865, -398.350395779038
632710800       , 580956578934.123, -1382550809110.19, 911108025.656705, 8405.05901939505, 3630.40897686101, -398.350395694247
632714400       , 580986837145.747, -1382537739636.8, 909673964.232359, 8405.05854936449, 3630.40957069096, -398.350395609089
632718000       , 581017095355.678, -1382524670161.28, 908239902.80832 , 8405.05807932283, 3630.41016454851, -398.350395523562
632721600       , 581047353563.918, -1382511600683.62, 906805841.38459 , 8405.05760927006, 3630.41075843367, -398.350395437667
632725200       , 581077611770.465, -1382498531203.82, 905371779.961169, 8405.05713920618, 3630.41135234643, -398.350395351404
632728800       , 581107869975.32 , -1382485461721.88, 903937718.53806 , 8405.05666913119, 3630.4119462868 , -398.350395264773
632732400       , 581138128178.483, -1382472392237.81, 902503657.115263, 8405.05619904509, 3630.41254025477, -398.350395177774
632736000       , 581168386379.953, -1382459322751.59, 901069595.69278 , 8405.05572894788, 3630.41313425035, -398.350395090406
632739600       , 581198644579.731, -1382446253263.24, 899635534.270613, 8405.05525883956, 3630.41372827355, -398.35039500267
632743200       , 581228902777.817, -1382433183772.75, 898201472.848762, 8405.05478872013, 3630.41432232435, -398.350394914565
632746800       , 581259160974.21 , -1382420114280.12, 896767411.427228, 8405.05431858959, 3630.41491640277, -398.350394826092
632750400       , 581289419168.911, -1382407044785.35, 895333350.006014, 8405.05384844793, 3630.41551050881, -398.350394737251
632754000       , 581319677361.919, -1382393975288.44, 893899288.585121, 8405.05337829517, 3630.41610464246, -398.350394648041
632757600       , 581349935553.234, -1382380905789.4, 892465227.164549, 8405.0529081313 , 3630.41669880373, -398.350394558462
632761200       , 581380193742.857, -1382367836288.21, 891031165.7443  , 8405.05243795632, 3630.41729299262, -398.350394468515
632764800       , 581410451930.787, -1382354766784.89, 889597104.324376, 8405.05196777023, 3630.41788720914, -398.3503943782 
632768400       , 581440710117.025, -1382341697279.42, 888163042.904778, 8405.05149757302, 3630.41848145328, -398.350394287515
632772000       , 581470968301.57 , -1382328627771.82, 886728981.485506, 8405.05102736471, 3630.41907572504, -398.350394196462
632775600       , 581501226484.422, -1382315558262.08, 885294920.066564, 8405.05055714529, 3630.41967002443, -398.35039410504
632779200       , 581531484665.582, -1382302488750.2, 883860858.647951, 8405.05008691475, 3630.42026435145, -398.35039401325
632782800       , 581561742845.048, -1382289419236.18, 882426797.229669, 8405.0496166731 , 3630.42085870611, -398.35039392109
632786400       , 581592001022.822, -1382276349720.01, 880992735.811719, 8405.04914642035, 3630.42145308839, -398.350393828562
632790000       , 581622259198.902, -1382263280201.71, 879558674.394103, 8405.04867615648, 3630.42204749831, -398.350393735664
632793600       , 581652517373.29 , -1382250210681.27, 878124612.976823, 8405.0482058815 , 3630.42264193586, -398.350393642398
632797200       , 581682775545.985, -1382237141158.69, 876690551.559879, 8405.04773559541, 3630.42323640105, -398.350393548763
632800800       , 581713033716.986, -1382224071633.97, 875256490.143272, 8405.04726529821, 3630.42383089388, -398.350393454759
632804400       , 581743291886.295, -1382211002107.11, 873822428.727005, 8405.0467949899 , 3630.42442541436, -398.350393360385
632808000       , 581773550053.91 , -1382197932578.11, 872388367.311078, 8405.04632467047, 3630.42501996247, -398.350393265643
632811600       , 581803808219.832, -1382184863046.96, 870954305.895493, 8405.04585433994, 3630.42561453823, -398.350393170531
632815200       , 581834066384.061, -1382171793513.68, 869520244.48025 , 8405.04538399829, 3630.42620914163, -398.350393075051
632818800       , 581864324546.597, -1382158723978.26, 868086183.065353, 8405.04491364553, 3630.42680377268, -398.350392979201
632822400       , 581894582707.44 , -1382145654440.69, 866652121.6508  , 8405.04444328166, 3630.42739843138, -398.350392882981
632826000       , 581924840866.589, -1382132584900.99, 865218060.236596, 8405.04397290668, 3630.42799311773, -398.350392786393
632829600       , 581955099024.045, -1382119515359.14, 863783998.822739, 8405.04350252058, 3630.42858783173, -398.350392689434
632833200       , 581985357179.807, -1382106445815.16, 862349937.409232, 8405.04303212338, 3630.42918257339, -398.350392592107
632836800       , 582015615333.876, -1382093376269.03, 860915875.996076, 8405.04256171506, 3630.4297773427 , -398.35039249441
632840400       , 582045873486.251, -1382080306720.76, 859481814.583273, 8405.04209129563, 3630.43037213967, -398.350392396344
632844000       , 582076131636.933, -1382067237170.35, 858047753.170823, 8405.04162086509, 3630.4309669643 , -398.350392297908
632847600       , 582106389785.921, -1382054167617.8, 856613691.758728, 8405.04115042343, 3630.43156181659, -398.350392199103
632851200       , 582136647933.216, -1382041098063.1, 855179630.34699 , 8405.04067997066, 3630.43215669654, -398.350392099928
632854800       , 582166906078.817, -1382028028506.27, 853745568.935609, 8405.04020950678, 3630.43275160415, -398.350392000383
632858400       , 582197164222.724, -1382014958947.29, 852311507.524588, 8405.03973903179, 3630.43334653944, -398.350391900468
632862000       , 582227422364.938, -1382001889386.18, 850877446.113926, 8405.03926854569, 3630.43394150238, -398.350391800184
632865600       , 582257680505.458, -1381988819822.91, 849443384.703627, 8405.03879804847, 3630.434536493  , -398.35039169953
632869200       , 582287938644.284, -1381975750257.51, 848009323.29369 , 8405.03832754014, 3630.43513151129, -398.350391598507
632872800       , 582318196781.416, -1381962680689.97, 846575261.884118, 8405.0378570207 , 3630.43572655725, -398.350391497113
632876400       , 582348454916.855, -1381949611120.28, 845141200.474912, 8405.03738649015, 3630.43632163088, -398.35039139535
632880000       , 582378713050.599, -1381936541548.45, 843707139.066072, 8405.03691594848, 3630.43691673219, -398.350391293216
632883600       , 582408971182.649, -1381923471974.48, 842273077.657601, 8405.0364453957 , 3630.43751186118, -398.350391190713
632887200       , 582439229313.006, -1381910402398.37, 840839016.249499, 8405.03597483181, 3630.43810701785, -398.35039108784
632890800       , 582469487441.668, -1381897332820.11, 839404954.841769, 8405.0355042568 , 3630.4387022022 , -398.350390984596
632894400       , 582499745568.636, -1381884263239.71, 837970893.434411, 8405.03503367068, 3630.43929741422, -398.350390880983
632898000       , 582530003693.911, -1381871193657.17, 836536832.027426, 8405.03456307345, 3630.43989265394, -398.350390776999
632901600       , 582560261817.491, -1381858124072.48, 835102770.620817, 8405.0340924651 , 3630.44048792134, -398.350390672646
632905200       , 582590519939.376, -1381845054485.66, 833668709.214584, 8405.03362184564, 3630.44108321642, -398.350390567922
632908800       , 582620778059.568, -1381831984896.68, 832234647.808728, 8405.03315121507, 3630.4416785392 , -398.350390462827
632912400       , 582651036178.065, -1381818915305.57, 830800586.403252, 8405.03268057338, 3630.44227388967, -398.350390357363
632916000       , 582681294294.868, -1381805845712.31, 829366524.998156, 8405.03220992058, 3630.44286926782, -398.350390251528
632919600       , 582711552409.976, -1381792776116.91, 827932463.593441, 8405.03173925667, 3630.44346467368, -398.350390145323
632923200       , 582741810523.391, -1381779706519.37, 826498402.18911 , 8405.03126858164, 3630.44406010722, -398.350390038747
632926800       , 582772068635.11 , -1381766636919.68, 825064340.785163, 8405.0307978955 , 3630.44465556847, -398.350389931801
632930400       , 582802326745.135, -1381753567317.85, 823630279.381601, 8405.03032719825, 3630.44525105741, -398.350389824484
632934000       , 582832584853.466, -1381740497713.87, 822196217.978427, 8405.02985648988, 3630.44584657406, -398.350389716797
632937600       , 582862842960.102, -1381727428107.75, 820762156.575641, 8405.0293857704 , 3630.44644211841, -398.350389608739
632941200       , 582893101065.043, -1381714358499.49, 819328095.173244, 8405.0289150398 , 3630.44703769046, -398.350389500311
632944800       , 582923359168.29 , -1381701288889.08, 817894033.771239, 8405.02844429809, 3630.44763329021, -398.350389391511
632948400       , 582953617269.842, -1381688219276.53, 816459972.369626, 8405.02797354527, 3630.44822891768, -398.350389282342
632952000       , 582983875369.7  , -1381675149661.83, 815025910.968406, 8405.02750278133, 3630.44882457285, -398.350389172801
632955600       , 583014133467.862, -1381662080044.99, 813591849.567582, 8405.02703200627, 3630.44942025574, -398.35038906289
632959200       , 583044391564.33 , -1381649010426.01, 812157788.167154, 8405.02656122011, 3630.45001596633, -398.350388952608
632962800       , 583074649659.103, -1381635940804.88, 810723726.767124, 8405.02609042282, 3630.45061170464, -398.350388841955
632966400       , 583104907752.181, -1381622871181.6, 809289665.367492, 8405.02561961443, 3630.45120747067, -398.350388730931
632970000       , 583135165843.564, -1381609801556.18, 807855603.968261, 8405.02514879491, 3630.45180326441, -398.350388619536
632973600       , 583165423933.253, -1381596731928.62, 806421542.569432, 8405.02467796429, 3630.45239908587, -398.35038850777
632977200       , 583195682021.246, -1381583662298.91, 804987481.171006, 8405.02420712255, 3630.45299493506, -398.350388395633
632980800       , 583225940107.544, -1381570592667.05, 803553419.772984, 8405.02373626969, 3630.45359081196, -398.350388283125
632984400       , 583256198192.147, -1381557523033.05, 802119358.375368, 8405.02326540572, 3630.45418671659, -398.350388170246
632988000       , 583286456275.055, -1381544453396.91, 800685296.978159, 8405.02279453063, 3630.45478264895, -398.350388056996
632991600       , 583316714356.267, -1381531383758.62, 799251235.581358, 8405.02232364443, 3630.45537860903, -398.350387943375
632995200       , 583346972435.785, -1381518314118.18, 797817174.184967, 8405.02185274712, 3630.45597459684, -398.350387829382
632998800       , 583377230513.607, -1381505244475.6, 796383112.788987, 8405.02138183868, 3630.45657061238, -398.350387715018
633002400       , 583407488589.734, -1381492174830.88, 794949051.393419, 8405.02091091914, 3630.45716665566, -398.350387600283
633006000       , 583437746664.166, -1381479105184  , 793514989.998265, 8405.02043998848, 3630.45776272667, -398.350387485176
633009600       , 583468004736.902, -1381466035534.98, 792080928.603526, 8405.0199690467 , 3630.45835882541, -398.350387369698
633013200       , 583498262807.943, -1381452965883.82, 790646867.209204, 8405.0194980938 , 3630.45895495189, -398.350387253849
633016800       , 583528520877.288, -1381439896230.51, 789212805.815299, 8405.0190271298 , 3630.45955110611, -398.350387137628
633020400       , 583558778944.938, -1381426826575.05, 787778744.421813, 8405.01855615467, 3630.46014728807, -398.350387021035
633024000       , 583589037010.893, -1381413756917.45, 786344683.028748, 8405.01808516843, 3630.46074349778, -398.350386904072
633027600       , 583619295075.151, -1381400687257.7, 784910621.636105, 8405.01761417107, 3630.46133973523, -398.350386786736
633031200       , 583649553137.715, -1381387617595.8, 783476560.243884, 8405.0171431626 , 3630.46193600042, -398.350386669029
633034800       , 583679811198.582, -1381374547931.76, 782042498.852088, 8405.01667214301, 3630.46253229336, -398.35038655095
633038400       , 583710069257.754, -1381361478265.57, 780608437.460718, 8405.01620111231, 3630.46312861405, -398.350386432499
633042000       , 583740327315.23 , -1381348408597.23, 779174376.069775, 8405.01573007049, 3630.46372496249, -398.350386313677
633045600       , 583770585371.01 , -1381335338926.75, 777740314.67926 , 8405.01525901755, 3630.46432133869, -398.350386194483
633049200       , 583800843425.095, -1381322269254.12, 776306253.289175, 8405.0147879535 , 3630.46491774263, -398.350386074917
633052800       , 583831101477.484, -1381309199579.34, 774872191.899521, 8405.01431687834, 3630.46551417434, -398.350385954979
633056400       , 583861359528.177, -1381296129902.42, 773438130.510299, 8405.01384579205, 3630.4661106338 , -398.350385834669
633060000       , 583891617577.173, -1381283060223.34, 772004069.121512, 8405.01337469465, 3630.46670712102, -398.350385713987
633063600       , 583921875624.474, -1381269990542.13, 770570007.733159, 8405.01290358613, 3630.467303636  , -398.350385592933
633067200       , 583952133670.079, -1381256920858.76, 769135946.345243, 8405.0124324665 , 3630.46790017874, -398.350385471507
633070800       , 583982391713.988, -1381243851173.24, 767701884.957765, 8405.01196133575, 3630.46849674925, -398.350385349709
633074400       , 584012649756.201, -1381230781485.58, 766267823.570725, 8405.01149019388, 3630.46909334752, -398.350385227539
633078000       , 584042907796.717, -1381217711795.77, 764833762.184127, 8405.0110190409 , 3630.46968997356, -398.350385104997
633081600       , 584073165835.538, -1381204642103.81, 763399700.79797 , 8405.0105478768 , 3630.47028662737, -398.350384982082
633085200       , 584103423872.662, -1381191572409.71, 761965639.412256, 8405.01007670158, 3630.47088330895, -398.350384858795
633088800       , 584133681908.09 , -1381178502713.45, 760531578.026987, 8405.00960551524, 3630.4714800183 , -398.350384735136
633092400       , 584163939941.822, -1381165433015.05, 759097516.642164, 8405.00913431779, 3630.47207675543, -398.350384611105
633096000       , 584194197973.857, -1381152363314.5, 757663455.257788, 8405.00866310922, 3630.47267352033, -398.350384486701
633099600       , 584224456004.196, -1381139293611.8, 756229393.87386 , 8405.00819188954, 3630.47327031301, -398.350384361925
633103200       , 584254714032.839, -1381126223906.96, 754795332.490382, 8405.00772065873, 3630.47386713347, -398.350384236776
633106800       , 584284972059.785, -1381113154199.96, 753361271.107356, 8405.00724941681, 3630.47446398171, -398.350384111255
633110400       , 584315230085.034, -1381100084490.81, 751927209.724782, 8405.00677816377, 3630.47506085774, -398.350383985361
633114000       , 584345488108.588, -1381087014779.52, 750493148.342661, 8405.00630689962, 3630.47565776154, -398.350383859095
633117600       , 584375746130.444, -1381073945066.08, 749059086.960997, 8405.00583562435, 3630.47625469314, -398.350383732456
633121200       , 584406004150.604, -1381060875350.49, 747625025.579788, 8405.00536433796, 3630.47685165252, -398.350383605445
633124800       , 584436262169.067, -1381047805632.75, 746190964.199038, 8405.00489304045, 3630.47744863969, -398.35038347806
633128400       , 584466520185.834, -1381034735912.86, 744756902.818747, 8405.00442173182, 3630.47804565465, -398.350383350303
633132000       , 584496778200.904, -1381021666190.82, 743322841.438916, 8405.00395041208, 3630.4786426974 , -398.350383222173
633135600       , 584527036214.277, -1381008596466.63, 741888780.059547, 8405.00347908122, 3630.47923976795, -398.350383093671
633139200       , 584557294225.953, -1380995526740.29, 740454718.680642, 8405.00300773924, 3630.47983686629, -398.350382964795
633142800       , 584587552235.932, -1380982457011.8, 739020657.302201, 8405.00253638614, 3630.48043399243, -398.350382835547
633146400       , 584617810244.215, -1380969387281.17, 737586595.924227, 8405.00206502192, 3630.48103114637, -398.350382705925
633150000       , 584648068250.801, -1380956317548.38, 736152534.546719, 8405.00159364659, 3630.48162832811, -398.350382575931
633153600       , 584678326255.689, -1380943247813.44, 734718473.16968 , 8405.00112226014, 3630.48222553766, -398.350382445563
633157200       , 584708584258.881, -1380930178076.36, 733284411.793112, 8405.00065086257, 3630.482822775  , -398.350382314823
633160800       , 584738842260.375, -1380917108337.12, 731850350.417014, 8405.00017945388, 3630.48342004016, -398.350382183709
633164400       , 584769100260.173, -1380904038595.73, 730416289.041389, 8404.99970803407, 3630.48401733312, -398.350382052223
633168000       , 584799358258.273, -1380890968852.19, 728982227.666239, 8404.99923660314, 3630.48461465389, -398.350381920363
633171600       , 584829616254.677, -1380877899106.51, 727548166.291563, 8404.9987651611 , 3630.48521200247, -398.350381788129
633175200       , 584859874249.382, -1380864829358.67, 726114104.917364, 8404.99829370794, 3630.48580937887, -398.350381655523
633178800       , 584890132242.391, -1380851759608.68, 724680043.543644, 8404.99782224365, 3630.48640678308, -398.350381522543
633182400       , 584920390233.703, -1380838689856.54, 723245982.170403, 8404.99735076825, 3630.4870042151 , -398.35038138919
633186000       , 584950648223.317, -1380825620102.25, 721811920.797642, 8404.99687928173, 3630.48760167494, -398.350381255463
633189600       , 584980906211.233, -1380812550345.81, 720377859.425364, 8404.9964077841 , 3630.4881991626 , -398.350381121363
633193200       , 585011164197.453, -1380799480587.21, 718943798.053569, 8404.99593627534, 3630.48879667809, -398.35038098689
633196800       , 585041422181.975, -1380786410826.47, 717509736.682258, 8404.99546475546, 3630.48939422139, -398.350380852043
633200400       , 585071680164.799, -1380773341063.58, 716075675.311434, 8404.99499322447, 3630.48999179252, -398.350380716822
633204000       , 585101938145.926, -1380760271298.53, 714641613.941098, 8404.99452168235, 3630.49058939148, -398.350380581228
633207600       , 585132196125.355, -1380747201531.33, 713207552.57125 , 8404.99405012912, 3630.49118701826, -398.35038044526
633211200       , 585162454103.087, -1380734131761.98, 711773491.201892, 8404.99357856476, 3630.49178467288, -398.350380308918
633214800       , 585192712079.121, -1380721061990.48, 710339429.833026, 8404.99310698929, 3630.49238235532, -398.350380172203
633218400       , 585222970053.457, -1380707992216.83, 708905368.464653, 8404.9926354027 , 3630.4929800656 , -398.350380035114
633222000       , 585253228026.096, -1380694922441.03, 707471307.096774, 8404.99216380499, 3630.49357780371, -398.350379897651
633225600       , 585283485997.036, -1380681852663.07, 706037245.72939 , 8404.99169219616, 3630.49417556966, -398.350379759815
633229200       , 585313743966.28 , -1380668782882.96, 704603184.362504, 8404.9912205762 , 3630.49477336344, -398.350379621604
633232800       , 585344001933.825, -1380655713100.7, 703169122.996115, 8404.99074894513, 3630.49537118507, -398.350379483019
633236400       , 585374259899.672, -1380642643316.29, 701735061.630226, 8404.99027730294, 3630.49596903453, -398.350379344061
633240000       , 585404517863.821, -1380629573529.72, 700301000.264839, 8404.98980564963, 3630.49656691184, -398.350379204728
633243600       , 585434775826.273, -1380616503741.01, 698866938.899953, 8404.9893339852 , 3630.49716481699, -398.350379065022
633247200       , 585465033787.026, -1380603433950.14, 697432877.535571, 8404.98886230965, 3630.49776274999, -398.350378924941
633250800       , 585495291746.081, -1380590364157.12, 695998816.171694, 8404.98839062298, 3630.49836071084, -398.350378784486
633254400       , 585525549703.438, -1380577294361.94, 694564754.808323, 8404.98791892519, 3630.49895869954, -398.350378643657
633258000       , 585555807659.097, -1380564224564.61, 693130693.44546 , 8404.98744721628, 3630.49955671608, -398.350378502454
633261600       , 585586065613.058, -1380551154765.13, 691696632.083106, 8404.98697549625, 3630.50015476049, -398.350378360876
633265200       , 585616323565.321, -1380538084963.5, 690262570.721262, 8404.9865037651 , 3630.50075283274, -398.350378218924
633268800       , 585646581515.885, -1380525015159.71, 688828509.35993 , 8404.98603202282, 3630.50135093285, -398.350378076598
633272400       , 585676839464.752, -1380511945353.77, 687394447.999111, 8404.98556026943, 3630.50194906082, -398.350377933898
633276000       , 585707097411.919, -1380498875545.68, 685960386.638806, 8404.98508850492, 3630.50254721665, -398.350377790823
633279600       , 585737355357.389, -1380485805735.43, 684526325.279018, 8404.98461672928, 3630.50314540034, -398.350377647373
633283200       , 585767613301.16 , -1380472735923.03, 683092263.919746, 8404.98414494253, 3630.5037436119 , -398.350377503549
633286800       , 585797871243.232, -1380459666108.48, 681658202.560992, 8404.98367314465, 3630.50434185131, -398.350377359351
633290400       , 585828129183.606, -1380446596291.77, 680224141.202759, 8404.98320133566, 3630.5049401186 , -398.350377214777
633294000       , 585858387122.282, -1380433526472.91, 678790079.845047, 8404.98272951554, 3630.50553841375, -398.35037706983
633297600       , 585888645059.259, -1380420456651.89, 677356018.487857, 8404.9822576843 , 3630.50613673677, -398.350376924507
633301200       , 585918902994.537, -1380407386828.72, 675921957.131191, 8404.98178584194, 3630.50673508767, -398.35037677881
633304800       , 585949160928.117, -1380394317003.4, 674487895.77505 , 8404.98131398846, 3630.50733346643, -398.350376632738
633308400       , 585979418859.998, -1380381247175.92, 673053834.419435, 8404.98084212386, 3630.50793187307, -398.350376486291
633312000       , 586009676790.18 , -1380368177346.29, 671619773.064349, 8404.98037024814, 3630.50853030759, -398.35037633947
633315600       , 586039934718.664, -1380355107514.51, 670185711.709792, 8404.9798983613 , 3630.50912876999, -398.350376192273
633319200       , 586070192645.448, -1380342037680.56, 668751650.355765, 8404.97942646333, 3630.50972726026, -398.350376044702
633322800       , 586100450570.534, -1380328967844.47, 667317589.00227 , 8404.97895455424, 3630.51032577842, -398.350375896755
633326400       , 586130708493.921, -1380315898006.22, 665883527.649309, 8404.97848263404, 3630.51092432446, -398.350375748434
633330000       , 586160966415.609, -1380302828165.81, 664449466.296882, 8404.97801070271, 3630.51152289838, -398.350375599737
633333600       , 586191224335.598, -1380289758323.25, 663015404.944991, 8404.97753876026, 3630.51212150019, -398.350375450666
633337200       , 586221482253.888, -1380276688478.54, 661581343.593638, 8404.97706680668, 3630.51272012989, -398.350375301219
633340800       , 586251740170.479, -1380263618631.67, 660147282.242823, 8404.97659484199, 3630.51331878748, -398.350375151397
633344400       , 586281998085.371, -1380250548782.64, 658713220.892548, 8404.97612286617, 3630.51391747296, -398.3503750012 
633348000       , 586312255998.564, -1380237478931.46, 657279159.542815, 8404.97565087923, 3630.51451618633, -398.350374850628
633351600       , 586342513910.057, -1380224409078.13, 655845098.193624, 8404.97517888117, 3630.5151149276 , -398.35037469968
633355200       , 586372771819.852, -1380211339222.64, 654411036.844977, 8404.97470687199, 3630.51571369677, -398.350374548358
633358800       , 586403029727.947, -1380198269364.99, 652976975.496876, 8404.97423485169, 3630.51631249383, -398.350374396659
633362400       , 586433287634.342, -1380185199505.19, 651542914.149322, 8404.97376282026, 3630.51691131879, -398.350374244585
633366000       , 586463545539.039, -1380172129643.23, 650108852.802316, 8404.97329077771, 3630.51751017166, -398.350374092136
633369600       , 586493803442.036, -1380159059779.11, 648674791.455859, 8404.97281872404, 3630.51810905243, -398.350373939312
633373200       , 586524061343.334, -1380145989912.84, 647240730.109953, 8404.97234665925, 3630.5187079611 , -398.350373786111
633376800       , 586554319242.932, -1380132920044.42, 645806668.764599, 8404.97187458333, 3630.51930689768, -398.350373632535
633380400       , 586584577140.831, -1380119850173.83, 644372607.419799, 8404.97140249629, 3630.51990586217, -398.350373478584
633384000       , 586614835037.03 , -1380106780301.09, 642938546.075554, 8404.97093039813, 3630.52050485456, -398.350373324257
633387600       , 586645092931.53 , -1380093710426.2, 641504484.731865, 8404.97045828885, 3630.52110387487, -398.350373169554
633391200       , 586675350824.33 , -1380080640549.14, 640070423.388734, 8404.96998616844, 3630.5217029231 , -398.350373014475
633394800       , 586705608715.43 , -1380067570669.94, 638636362.046161, 8404.96951403691, 3630.52230199923, -398.350372859021
633398400       , 586735866604.831, -1380054500788.57, 637202300.704149, 8404.96904189426, 3630.52290110329, -398.350372703191
633402000       , 586766124492.532, -1380041430905.05, 635768239.362699, 8404.96856974048, 3630.52350023526, -398.350372546985
633405600       , 586796382378.533, -1380028361019.37, 634334178.021811, 8404.96809757559, 3630.52409939516, -398.350372390403
633409200       , 586826640262.834, -1380015291131.53, 632900116.681488, 8404.96762539956, 3630.52469858297, -398.350372233445
633412800       , 586856898145.436, -1380002221241.54, 631466055.341731, 8404.96715321242, 3630.52529779871, -398.350372076111
633416400       , 586887156026.337, -1379989151349.39, 630031994.002541, 8404.96668101415, 3630.52589704237, -398.350371918401
633420000       , 586917413905.539, -1379976081455.08, 628597932.663919, 8404.96620880476, 3630.52649631396, -398.350371760315
633423600       , 586947671783.041, -1379963011558.61, 627163871.325867, 8404.96573658425, 3630.52709561348, -398.350371601852
633427200       , 586977929658.842, -1379949941659.99, 625729809.988386, 8404.96526435261, 3630.52769494093, -398.350371443014
633430800       , 587008187532.944, -1379936871759.21, 624295748.651477, 8404.96479210985, 3630.52829429631, -398.350371283799
633434400       , 587038445405.346, -1379923801856.27, 622861687.315143, 8404.96431985597, 3630.52889367962, -398.350371124208
633438000       , 587068703276.047, -1379910731951.18, 621427625.979384, 8404.96384759096, 3630.52949309087, -398.350370964241
633441600       , 587098961145.048, -1379897662043.92, 619993564.644201, 8404.96337531483, 3630.53009253006, -398.350370803898
633445200       , 587129219012.349, -1379884592134.51, 618559503.309596, 8404.96290302757, 3630.53069199718, -398.350370643178
633448800       , 587159476877.95 , -1379871522222.94, 617125441.97557 , 8404.96243072919, 3630.53129149225, -398.350370482082
633452400       , 587189734741.85 , -1379858452309.21, 615691380.642125, 8404.96195841969, 3630.53189101526, -398.350370320609
633456000       , 587219992604.051, -1379845382393.32, 614257319.309262, 8404.96148609906, 3630.53249056621, -398.35037015876
633459600       , 587250250464.55 , -1379832312475.28, 612823257.976983, 8404.96101376731, 3630.5330901451 , -398.350369996534
633463200       , 587280508323.35 , -1379819242555.08, 611389196.645288, 8404.96054142444, 3630.53368975195, -398.350369833932
633466800       , 587310766180.449, -1379806172632.71, 609955135.314179, 8404.96006907044, 3630.53428938674, -398.350369670953
633470400       , 587341024035.847, -1379793102708.19, 608521073.983657, 8404.95959670532, 3630.53488904948, -398.350369507597
633474000       , 587371281889.545, -1379780032781.51, 607087012.653725, 8404.95912432907, 3630.53548874017, -398.350369343865
633477600       , 587401539741.542, -1379766962852.67, 605652951.324382, 8404.9586519417 , 3630.53608845882, -398.350369179756
633481200       , 587431797591.839, -1379753892921.68, 604218889.995631, 8404.95817954321, 3630.53668820542, -398.35036901527
633484800       , 587462055440.435, -1379740822988.52, 602784828.667472, 8404.95770713359, 3630.53728797998, -398.350368850408
633488400       , 587492313287.33 , -1379727753053.2, 601350767.339908, 8404.95723471284, 3630.5378877825 , -398.350368685168
633492000       , 587522571132.525, -1379714683115.73, 599916706.01294 , 8404.95676228097, 3630.53848761298, -398.350368519552
633495600       , 587552828976.019, -1379701613176.09, 598482644.686568, 8404.95628983798, 3630.53908747142, -398.350368353558
633499200       , 587583086817.812, -1379688543234.3, 597048583.360795, 8404.95581738386, 3630.53968735783, -398.350368187188
633502800       , 587613344657.904, -1379675473290.34, 595614522.035621, 8404.95534491862, 3630.5402872722 , -398.350368020441
633506400       , 587643602496.295, -1379662403344.23, 594180460.711048, 8404.95487244225, 3630.54088721454, -398.350367853316
633510000       , 587673860332.985, -1379649333395.95, 592746399.387077, 8404.95439995476, 3630.54148718485, -398.350367685815
633513600       , 587704118167.975, -1379636263445.52, 591312338.06371 , 8404.95392745614, 3630.54208718312, -398.350367517936
633517200       , 587734376001.263, -1379623193492.93, 589878276.740949, 8404.9534549464 , 3630.54268720937, -398.35036734968
633520800       , 587764633832.85 , -1379610123538.17, 588444215.418793, 8404.95298242553, 3630.5432872636 , -398.350367181047
633524400       , 587794891662.737, -1379597053581.26, 587010154.097246, 8404.95250989354, 3630.5438873458 , -398.350367012036
633528000       , 587825149490.922, -1379583983622.18, 585576092.776307, 8404.95203735042, 3630.54448745598, -398.350366842648
633531600       , 587855407317.406, -1379570913660.95, 584142031.455979, 8404.95156479618, 3630.54508759413, -398.350366672883
633535200       , 587885665142.188, -1379557843697.55, 582707970.136263, 8404.95109223081, 3630.54568776027, -398.350366502741
633538800       , 587915922965.27 , -1379544773732  , 581273908.81716 , 8404.95061965432, 3630.54628795439, -398.350366332221
633542400       , 587946180786.65 , -1379531703764.28, 579839847.498671, 8404.9501470667 , 3630.54688817649, -398.350366161323
633546000       , 587976438606.328, -1379518633794.4, 578405786.180799, 8404.94967446795, 3630.54748842658, -398.350365990048
633549600       , 588006696424.306, -1379505563822.36, 576971724.863543, 8404.94920185808, 3630.54808870466, -398.350365818395
633553200       , 588036954240.582, -1379492493848.16, 575537663.546907, 8404.94872923709, 3630.54868901072, -398.350365646365
633556800       , 588067212055.156, -1379479423871.8, 574103602.23089 , 8404.94825660497, 3630.54928934478, -398.350365473957
633560400       , 588097469868.029, -1379466353893.28, 572669540.915495, 8404.94778396172, 3630.54988970683, -398.350365301172
633564000       , 588127727679.201, -1379453283912.59, 571235479.600722, 8404.94731130735, 3630.55049009687, -398.350365128008
633567600       , 588157985488.671, -1379440213929.75, 569801418.286574, 8404.94683864185, 3630.55109051491, -398.350364954467
633571200       , 588188243296.439, -1379427143944.74, 568367356.97305 , 8404.94636596522, 3630.55169096094, -398.350364780548
633574800       , 588218501102.506, -1379414073957.57, 566933295.660154, 8404.94589327747, 3630.55229143498, -398.350364606252
633578400       , 588248758906.871, -1379401003968.24, 565499234.347886, 8404.94542057859, 3630.55289193702, -398.350364431577
633582000       , 588279016709.534, -1379387933976.75, 564065173.036247, 8404.94494786859, 3630.55349246706, -398.350364256524
633585600       , 588309274510.495, -1379374863983.1, 562631111.725239, 8404.94447514746, 3630.5540930251 , -398.350364081094
633589200       , 588339532309.755, -1379361793987.28, 561197050.414864, 8404.94400241521, 3630.55469361115, -398.350363905285
633592800       , 588369790107.313, -1379348723989.31, 559762989.105122, 8404.94352967182, 3630.55529422521, -398.350363729098
633596400       , 588400047903.169, -1379335653989.16, 558328927.796015, 8404.94305691732, 3630.55589486727, -398.350363552533
633600000       , 588430305697.323, -1379322583986.86, 556894866.487544, 8404.94258415168, 3630.55649553735, -398.35036337559
633603600       , 588460563489.774, -1379309513982.4, 555460805.179711, 8404.94211137492, 3630.55709623544, -398.350363198269
633607200       , 588490821280.524, -1379296443975.77, 554026743.872517, 8404.94163858703, 3630.55769696154, -398.35036302057
633610800       , 588521079069.572, -1379283373966.98, 552592682.565963, 8404.94116578802, 3630.55829771567, -398.350362842492
633614400       , 588551336856.918, -1379270303956.03, 551158621.260051, 8404.94069297788, 3630.5588984978 , -398.350362664036
633618000       , 588581594642.562, -1379257233942.91, 549724559.954782, 8404.94022015661, 3630.55949930796, -398.350362485202
633621600       , 588611852426.503, -1379244163927.63, 548290498.650158, 8404.93974732422, 3630.56010014614, -398.350362305989
633625200       , 588642110208.742, -1379231093910.19, 546856437.34618 , 8404.93927448069, 3630.56070101234, -398.350362126397
633628800       , 588672367989.279, -1379218023890.58, 545422376.042849, 8404.93880162605, 3630.56130190657, -398.350361946428
633632400       , 588702625768.114, -1379204953868.81, 543988314.740166, 8404.93832876027, 3630.56190282882, -398.350361766079
633636000       , 588732883545.246, -1379191883844.88, 542554253.438133, 8404.93785588337, 3630.5625037791 , -398.350361585353
633639600       , 588763141320.676, -1379178813818.79, 541120192.136752, 8404.93738299534, 3630.56310475741, -398.350361404247
633643200       , 588793399094.404, -1379165743790.53, 539686130.836023, 8404.93691009618, 3630.56370576376, -398.350361222763
633646800       , 588823656866.429, -1379152673760.11, 538252069.535949, 8404.9364371859 , 3630.56430679813, -398.3503610409 
633650400       , 588853914636.752, -1379139603727.52, 536818008.236529, 8404.93596426448, 3630.56490786054, -398.350360858659
633654000       , 588884172405.372, -1379126533692.77, 535383946.937767, 8404.93549133194, 3630.56550895099, -398.350360676038
633657600       , 588914430172.289, -1379113463655.85, 533949885.639662, 8404.93501838828, 3630.56611006947, -398.350360493039
633661200       , 588944687937.504, -1379100393616.78, 532515824.342217, 8404.93454543348, 3630.56671121599, -398.350360309661
633664800       , 588974945701.016, -1379087323575.53, 531081763.045433, 8404.93407246756, 3630.56731239056, -398.350360125904
633668400       , 589005203462.826, -1379074253532.13, 529647701.749311, 8404.93359949051, 3630.56791359317, -398.350359941768
633672000       , 589035461222.933, -1379061183486.56, 528213640.453853, 8404.93312650234, 3630.56851482382, -398.350359757254
633675600       , 589065718981.337, -1379048113438.82, 526779579.159059, 8404.93265350303, 3630.56911608252, -398.35035957236
633679200       , 589095976738.038, -1379035043388.92, 525345517.864932, 8404.9321804926 , 3630.56971736927, -398.350359387087
633682800       , 589126234493.036, -1379021973336.86, 523911456.571473, 8404.93170747104, 3630.57031868407, -398.350359201435
633686400       , 589156492246.332, -1379008903282.63, 522477395.278682, 8404.93123443835, 3630.57092002691, -398.350359015403
633690000       , 589186749997.924, -1378995833226.23, 521043333.986562, 8404.93076139453, 3630.57152139782, -398.350358828993
633693600       , 589217007747.814, -1378982763167.67, 519609272.695114, 8404.93028833958, 3630.57212279677, -398.350358642203
633697200       , 589247265496    , -1378969693106.95, 518175211.404339, 8404.92981527351, 3630.57272422379, -398.350358455034
633700800       , 589277523242.484, -1378956623044.06, 516741150.114238, 8404.92934219631, 3630.57332567886, -398.350358267486
633704400       , 589307780987.264, -1378943552979  , 515307088.824813, 8404.92886910798, 3630.57392716199, -398.350358079559
633708000       , 589338038730.341, -1378930482911.78, 513873027.536066, 8404.92839600852, 3630.57452867319, -398.350357891252
633711600       , 589368296471.715, -1378917412842.4, 512438966.247997, 8404.92792289794, 3630.57513021245, -398.350357702565
633715200       , 589398554211.386, -1378904342770.84, 511004904.960608, 8404.92744977622, 3630.57573177977, -398.350357513499
633718800       , 589428811949.354, -1378891272697.13, 509570843.6739  , 8404.92697664338, 3630.57633337516, -398.350357324054
633722400       , 589459069685.618, -1378878202621.24, 508136782.387875, 8404.92650349941, 3630.57693499862, -398.350357134228
633726000       , 589489327420.179, -1378865132543.19, 506702721.102534, 8404.92603034431, 3630.57753665015, -398.350356944024
633729600       , 589519585153.036, -1378852062462.98, 505268659.817879, 8404.92555717808, 3630.57813832975, -398.350356753439
633733200       , 589549842884.191, -1378838992380.6, 503834598.53391 , 8404.92508400072, 3630.57874003742, -398.350356562475
633736800       , 589580100613.641, -1378825922296.05, 502400537.250629, 8404.92461081223, 3630.57934177317, -398.350356371132
633740400       , 589610358341.388, -1378812852209.34, 500966475.968038, 8404.92413761262, 3630.57994353699, -398.350356179408
633744000       , 589640616067.432, -1378799782120.46, 499532414.686138, 8404.92366440187, 3630.5805453289 , -398.350355987305
633747600       , 589670873791.772, -1378786712029.41, 498098353.40493 , 8404.92319118   , 3630.58114714888, -398.350355794822
633751200       , 589701131514.409, -1378773641936.2, 496664292.124416, 8404.922717947  , 3630.58174899695, -398.350355601958
633754800       , 589731389235.341, -1378760571840.82, 495230230.844596, 8404.92224470286, 3630.5823508731 , -398.350355408715
633758400       , 589761646954.57 , -1378747501743.27, 493796169.565473, 8404.9217714476 , 3630.58295277734, -398.350355215092
633762000       , 589791904672.096, -1378734431643.56, 492362108.287048, 8404.92129818121, 3630.58355470966, -398.350355021089
633765600       , 589822162387.917, -1378721361541.68, 490928047.009322, 8404.92082490369, 3630.58415667007, -398.350354826706
633769200       , 589852420102.035, -1378708291437.63, 489493985.732296, 8404.92035161504, 3630.58475865858, -398.350354631943
633772800       , 589882677814.449, -1378695221331.42, 488059924.455972, 8404.91987831526, 3630.58536067517, -398.350354436799
633776400       , 589912935525.159, -1378682151223.03, 486625863.180352, 8404.91940500436, 3630.58596271986, -398.350354241276
633780000       , 589943193234.165, -1378669081112.48, 485191801.905436, 8404.91893168232, 3630.58656479264, -398.350354045372
633783600       , 589973450941.467, -1378656010999.77, 483757740.631226, 8404.91845834915, 3630.58716689352, -398.350353849087
633787200       , 590003708647.065, -1378642940884.88, 482323679.357723, 8404.91798500485, 3630.58776902251, -398.350353652423
633790800       , 590033966350.959, -1378629870767.83, 480889618.084929, 8404.91751164943, 3630.58837117959, -398.350353455378
633794400       , 590064224053.149, -1378616800648.61, 479455556.812845, 8404.91703828287, 3630.58897336477, -398.350353257953
633798000       , 590094481753.635, -1378603730527.22, 478021495.541472, 8404.91656490518, 3630.58957557806, -398.350353060147
633801600       , 590124739452.416, -1378590660403.67, 476587434.270812, 8404.91609151637, 3630.59017781945, -398.350352861961
633805200       , 590154997149.494, -1378577590277.94, 475153373.000866, 8404.91561811642, 3630.59078008895, -398.350352663394
633808800       , 590185254844.867, -1378564520150.05, 473719311.731636, 8404.91514470534, 3630.59138238656, -398.350352464447
633812400       , 590215512538.535, -1378551450019.99, 472285250.463123, 8404.91467128314, 3630.59198471228, -398.350352265119
633816000       , 590245770230.5  , -1378538379887.76, 470851189.195328, 8404.9141978498 , 3630.59258706611, -398.35035206541
633819600       , 590276027920.76 , -1378525309753.36, 469417127.928252, 8404.91372440533, 3630.59318944806, -398.350351865321
633823200       , 590306285609.316, -1378512239616.8, 467983066.661898, 8404.91325094974, 3630.59379185812, -398.350351664851
633826800       , 590336543296.167, -1378499169478.06, 466549005.396266, 8404.91277748301, 3630.5943942963 , -398.350351464  
633830400       , 590366800981.313, -1378486099337.16, 465114944.131357, 8404.91230400515, 3630.5949967626 , -398.350351262769
