631152000       , -26742323062.9806, 145862536833.573, -2679518.54747534, -29816.1288402061, -5427.01959612453, 1.03386243620474
631155600       , -26849660935.007, 145842999534.901, -2675813.83938005, -29816.022267028, -5427.03506745712, 1.0243050193159 
631159200       , -26956998423.1739, 145823462182.194, -2672143.57766477, -29815.9155861032, -5427.04961642994, 1.0147256621002 
631162800       , -27064335527.1059, 145803924778.771, -2668507.84019481, -29815.8088042994, -5427.06324252004, 1.00512498674388
631166400       , -27171672246.4521, 145784387327.956, -2664906.70259524, -29815.7019284821, -5427.07594523638, 0.995503615622191
631170000       , -27279008580.8864, 145764849833.074, -2661340.23825025, -29815.5949655142, -5427.08772411969, 0.985862171318274
631173600       , -27386344530.1074, 145745312297.451, -2657808.5183023, -29815.4879222566, -5427.09857874241, 0.976201276642342
631177200       , -27493680093.8385, 145725774724.416, -2654311.61165131, -29815.3808055685, -5427.10850870854, 0.966521554651081
631180800       , -27601015271.8276, 145706237117.298, -2650849.5849537, -29815.2736223075, -5427.11751365361, 0.956823628667312
631184400       , -27708350063.8475, 145686699479.428, -2647422.50262146, -29815.1663793297, -5427.12559324456, 0.947108122299867
631188000       , -27815684469.6954, 145667161814.138, -2644030.426821 , -29815.0590834901, -5427.1327471797, 0.937375659463695
631191600       , -27923018489.1934, 145647624124.76 , -2640673.41747208, -29814.9517416428, -5427.13897518864, 0.92762686440016
631195200       , -28030352122.1882, 145628086414.628, -2637351.53224657, -29814.8443606413, -5427.14427703224, 0.917862361697544
631198800       , -28137685368.5512, 145608548687.077, -2634064.82656717, -29814.7369473385, -5427.14865250256, 0.908082776311724
631202400       , -28245018228.1785, 145589010945.442, -2630813.35360602, -29814.6295085873, -5427.15210142283, 0.898288733587023
631206000       , -28352350700.9908, 145569473193.059, -2627597.16428332, -29814.5220512403, -5427.15462364746, 0.888480859277218
631209600       , -28459682786.9334, 145549935433.264, -2624416.30726578, -29814.4145821506, -5427.15621906196, 0.878659779566703
631213200       , -28567014485.9764, 145530397669.394, -2621270.82896504, -29814.3071081717, -5427.15688758301, 0.868826121091774
631216800       , -28674345798.1145, 145510859904.785, -2618160.77353598, -29814.1996361578, -5427.15662915838, 0.858980510962059
631220400       , -28781676723.3673, 145491322142.776, -2615086.18287504, -29814.0921729641, -5427.15544376702, 0.849123576782039
631224000       , -28889007261.7787, 145471784386.703, -2612047.09661833, -29813.984725447, -5427.15333141902, 0.839255946672689
631227600       , -28996337413.4176, 145452246639.902, -2609043.55213979, -29813.8773004642, -5427.15029215567, 0.829378249293202
631231200       , -29103667178.3773, 145432708905.711, -2606075.58454915, -29813.7699048751, -5427.14632604951, 0.819491113862791
631234800       , -29210996556.7762, 145413171187.467, -2603143.22668993, -29813.662545541, -5427.14143320432, 0.809595170182561
631238400       , -29318325548.757, 145393633488.504, -2600246.5091373, -29813.5552293254, -5427.13561375526, 0.799691048657437
631242000       , -29425654154.4873, 145374095812.159, -2597385.46019583, -29813.447963094, -5427.12886786886, 0.789779380318135
631245600       , -29532982374.1595, 145354558161.767, -2594560.10589723, -29813.3407537151, -5427.12119574311, 0.779860796843171
631249200       , -29640310207.9905, 145335020540.661, -2591770.46999796, -29813.2336080598, -5427.1125976076, 0.769935930580882
631252800       , -29747637656.2222, 145315482952.175, -2589016.57397679, -29813.1265330023, -5427.10307372351, 0.760005414571465
631256400       , -29854964719.1211, 145295945399.641, -2586298.43703228, -29813.01953542 , -5427.0926243838, 0.750069882569009
631260000       , -29962291396.9785, 145276407886.39 , -2583616.07608014, -29812.9126221937, -5427.08124991329, 0.74012996906352
631263600       , -30069617690.1104, 145256870415.751, -2580969.50575057, -29812.8058002081, -5427.06895066874, 0.730186309302909
631267200       , -30176943598.8577, 145237332991.054, -2578358.73838547, -29812.6990763517, -5427.05572703903, 0.720239539314956
631270800       , -30284269123.5861, 145217795615.625, -2575783.78403561, -29812.5924575171, -5427.04157944527, 0.710290295929212
631274400       , -30391594264.6861, 145198258292.79 , -2573244.6504577, -29812.4859506014, -5427.02650834095, 0.700339216798852
631278000       , -30498919022.573, 145178721025.873, -2570741.34311138, -29812.3795625061, -5427.01051421208, 0.690386940422443
631281600       , -30606243397.6871, 145159183818.195, -2568273.86515614, -29812.2733001376, -5426.99359757737, 0.680434106165636
631285200       , -30713567390.4932, 145139646673.077, -2565842.21744816, -29812.1671704073, -5426.97575898838, 0.670481354282754
631288800       , -30820891001.4815, 145120109593.836, -2563446.39853708, -29812.0611802318, -5426.95699902975, 0.660529325938277
631292400       , -30928214231.1666, 145100572583.789, -2561086.40466267, -29811.9553365331, -5426.93731831929, 0.650578663228192
631296000       , -31035537080.0886, 145081035646.248, -2558762.22975144, -29811.8496462389, -5426.9167175083, 0.640630009201226
631299600       , -31142859548.812, 145061498784.526, -2556473.86541318, -29811.7441162827, -5426.89519728166, 0.630684007879917
631303200       , -31250181637.9265, 145041962001.93 , -2554221.30093744, -29811.6387536039, -5426.87275835814, 0.620741304281535
631306800       , -31357503348.047, 145022425301.767, -2552004.52328986, -29811.5335651481, -5426.84940149056, 0.610802544438821
631310400       , -31464824679.813, 145002888687.34 , -2549823.5171085, -29811.4285578676, -5426.82512746604, 0.600868375420553
631314000       , -31572145633.8894, 144983352161.949, -2547678.26470009, -29811.323738721, -5426.79993710626, 0.590939445351902
631317600       , -31679466210.9659, 144963815728.892, -2545568.74603618, -29811.2191146738, -5426.77383126768, 0.581016403434582
631321200       , -31786786411.7575, 144944279391.462, -2543494.93874922, -29811.1146926984, -5426.74681084182, 0.571099899966778
631324800       , -31894106237.0042, 144924743152.95 , -2541456.81812858, -29811.0104797744, -5426.71887675553, 0.561190586362832
631328400       , -32001425687.4712, 144905207016.644, -2539454.3571165, -29810.9064828886, -5426.69002997123, 0.55128911517268
631332000       , -32108744763.9487, 144885670985.828, -2537487.52630398, -29810.8027090354, -5426.66027148725, 0.541396140101022
631335600       , -32216063467.2523, 144866135063.782, -2535556.29392656, -29810.6991652169, -5426.62960233808, 0.531512316026222
631339200       , -32323381798.2227, 144846599253.783, -2533660.62586009, -29810.5958584427, -5426.59802359468, 0.521638299018902
631342800       , -32430699757.7259, 144827063559.103, -2531800.48561639, -29810.4927957306, -5426.5655363648, 0.511774746360244
631346400       , -32538017346.6532, 144807527983.01 , -2529975.83433885, -29810.3899841066, -5426.53214179332, 0.501922316559967
631350000       , -32645334565.9212, 144787992528.769, -2528186.63079799, -29810.2874306047, -5426.49784106253, 0.492081669373962
631353600       , -32752651416.4718, 144768457199.64 , -2526432.83138696, -29810.1851422673, -5426.46263539249, 0.482253465821595
631357200       , -32859967899.2722, 144748921998.879, -2524714.39011693, -29810.0831261456, -5426.4265260414, 0.472438368202632
631360800       , -32967284015.3152, 144729386929.736, -2523031.25861243, -29809.9813892992, -5426.3895143059, 0.462637040113796
631364400       , -33074599765.6188, 144709851995.457, -2521383.38610674, -29809.8799387965, -5426.35160152149, 0.452850146464926
631368000       , -33181915151.2266, 144690317199.284, -2519770.71943703, -29809.7787817151, -5426.31278906286, 0.443078353494734
631371600       , -33289230173.2077, 144670782544.454, -2518193.20303962, -29809.6779251411, -5426.27307834428, 0.433322328786135
631375200       , -33396544832.6568, 144651248034.196, -2516650.77894508, -29809.5773761702, -5426.23247082001, 0.423582741281142
631378800       , -33503859130.6938, 144631713671.738, -2515143.38677332, -29809.4771419071, -5426.19096798465, 0.413860261295311
631382400       , -33611173068.4647, 144612179460.299, -2513670.96372863, -29809.3772294658, -5426.14857137361, 0.404155560531707
631386000       , -33718486647.1407, 144592645403.095, -2512233.44459465, -29809.2776459698, -5426.10528256345, 0.394469312094398
631389600       , -33825799867.919, 144573111503.334, -2510830.76172928, -29809.1783985521, -5426.06110317235, 0.384802190501445
631393200       , -33933112732.0222, 144553577764.219, -2509462.84505963, -29809.079494355, -5426.01603486054, 0.37515487169737
631396800       , -34040425240.6988, 144534044188.947, -2508129.62207679, -29808.9809405309, -5425.97007933071, 0.365528033065098
631400400       , -34147737395.223, 144514510780.71 , -2506831.01783068, -29808.8827442414, -5425.92323832848, 0.355922353437349
631404000       , -34255049196.895, 144494977542.692, -2505566.95492481, -29808.7849126582, -5425.87551364284, 0.346338513107459
631407600       , -34362360647.0404, 144475444478.07 , -2504337.35351096, -29808.6874529626, -5425.82690710662, 0.336777193839627
631411200       , -34469671747.0112, 144455911590.017, -2503142.13128392, -29808.5903723458, -5425.77742059696, 0.327239078878555
631414800       , -34576982498.1849, 144436378881.695, -2501981.2034761, -29808.4936780089, -5425.7270560358, 0.317724852958474
631418400       , -34684292901.965, 144416846356.264, -2500854.4828522, -29808.3973771628, -5425.67581539034, 0.308235202311534
631422000       , -34791602959.7813, 144397314016.874, -2499761.87970376, -29808.3014770282, -5425.62370067356, 0.298770814675549
631425600       , -34898912673.0892, 144377781866.666, -2498703.30184373, -29808.205984836, -5425.5707139447, 0.289332379301065
631429200       , -35006222043.3703, 144358249908.777, -2497678.65460105, -29808.1109078267, -5425.51685730982, 0.279920586957736
631432800       , -35113531072.1325, 144338718146.335, -2496687.84081514, -29808.0162532508, -5425.46213292223, 0.270536129940011
631436400       , -35220839760.9094, 144319186582.459, -2495730.7608304, -29807.9220283686, -5425.40654298311, 0.261179702072077
631440000       , -35328148111.2611, 144299655220.261, -2494807.31249071, -29807.8282404504, -5425.35008974198, 0.251851998712078
631443600       , -35435456124.7737, 144280124062.846, -2493917.39113388, -29807.7348967762, -5425.29277549727, 0.242553716755554
631447200       , -35542763803.0597, 144260593113.308, -2493060.88958614, -29807.6420046355, -5425.23460259687, 0.233285554638119
631450800       , -35650071147.7577, 144241062374.735, -2492237.69815659, -29807.549571328, -5425.17557343866, 0.224048212337318
631454400       , -35757378160.5326, 144221531850.204, -2491447.70463159, -29807.4576041624, -5425.11569047112, 0.214842391373682
631458000       , -35864684843.0758, 144202001542.785, -2490690.79426929, -29807.3661104575, -5425.05495619383, 0.205668794810938
631461600       , -35971991197.1049, 144182471455.538, -2489966.84979401, -29807.2750975413, -5424.99337315814, 0.196528127255358
631465200       , -36079297224.3639, 144162941591.513, -2489275.75139073, -29807.1845727509, -5424.93094396766, 0.187421094854236
631468800       , -36186602926.6232, 144143411953.753, -2488617.37669951, -29807.0945434331, -5424.86767127894, 0.178348405293458
631472400       , -36293908305.68 , 144123882545.289, -2487991.60081  , -29807.0050169435, -5424.80355780199, 0.169310767794162
631476000       , -36401213363.3575, 144104353369.143, -2487398.29625587, -29806.9160006467, -5424.73860630095, 0.160308893108453
631479600       , -36508518101.5057, 144084824428.326, -2486837.33300936, -29806.8275019163, -5424.67281959466, 0.151343493514154
631483200       , -36615822522.0012, 144065295725.841, -2486308.57847575, -29806.7395281345, -5424.60620055731, 0.14241528280859
631486800       , -36723126626.7471, 144045767264.677, -2485811.89748794, -29806.6520866919, -5424.53875211902, 0.133524976301352
631490400       , -36830430417.6731, 144026239047.817, -2485347.152301 , -29806.5651849875, -5424.47047726654, 0.124673290806049
631494000       , -36937733896.7356, 144006711078.229, -2484914.20258679, -29806.4788304284, -5424.40137904381, 0.115860944631011
631497600       , -37045037065.9176, 143987183358.872, -2484512.90542855, -29806.3930304298, -5424.33146055269, 0.107088657568928
631501200       , -37152339927.229, 143967655892.694, -2484143.11531566, -29806.3077924144, -5424.26072495352, 0.0983571508853911
631504800       , -37259642482.7063, 143948128682.629, -2483804.68413827, -29806.2231238124, -5424.18917546585, 0.089667147306336
631508400       , -37366944734.4127, 143928601731.603, -2483497.46118213, -29806.1390320615, -5424.11681536906, 0.081019371004343
631512000       , -37474246684.4383, 143909075042.527, -2483221.29312339, -29806.055524606, -5424.04364800305, 0.0724145475837887
631515600       , -37581548334.9  , 143889548618.302, -2482976.02402346, -29805.9726088971, -5423.96967676888, 0.0638534040648128
631519200       , -37688849687.9414, 143870022461.815, -2482761.49532394, -29805.8902923925, -5423.8949051295, 0.0553366688660892
631522800       , -37796150745.7332, 143850496575.941, -2482577.54584167, -29805.8085825558, -5423.81933661038, 0.0468650717863715
631526400       , -37903451510.4728, 143830970963.543, -2482424.01176374, -29805.7274868567, -5423.74297480023, 0.0384393439847964
631530000       , -38010751984.3845, 143811445627.47 , -2482300.72664264, -29805.6470127701, -5423.6658233517, 0.030060217959909
631533600       , -38118052169.7197, 143791920570.558, -2482207.5213915, -29805.5671677762, -5423.58788598203, 0.0217284275273996
631537200       , -38225352068.7564, 143772395795.63 , -2482144.22427937, -29805.4879593599, -5423.50916647381, 0.0134447077965283
631540800       , -38332651683.7999, 143752871305.494, -2482110.66092664, -29805.4093950106, -5423.42966867564, 0.00520979514519901
631544400       , -38439951017.1824, 143733347102.945, -2482106.65430045, -29805.3314822217, -5423.34939650288, -0.0029755728063208
631548000       , -38547250071.2628, 143713823190.763, -2482132.02471036, -29805.2542284901, -5423.26835393833, -0.0111106572230691
631551600       , -38654548848.4274, 143694299571.716, -2482186.58980395, -29805.177641316, -5423.18654503296, -0.019194718084474
631555200       , -38761847351.0891, 143674776248.554, -2482270.16456264, -29805.1017282023, -5423.10397390663, -0.0272270142148729
631558800       , -38869145581.6883, 143655253224.013, -2482382.5612976, -29805.0264966544, -5423.02064474883, -0.0352068033154835
631562400       , -38976443542.692, 143635730500.816, -2482523.58964575, -29804.9519541793, -5422.93656181938, -0.0431333419978723
631566000       , -39083741236.5943, 143616208081.668, -2482693.05656589, -29804.8781082853, -5422.85172944917, -0.0510058858189187
631569600       , -39191038665.9165, 143596685969.258, -2482890.76633499, -29804.8049664819, -5422.76615204089, -0.0588236893173119
631573200       , -39298335833.2069, 143577164166.262, -2483116.52054458, -29804.7325362786, -5422.67983406979, -0.0665860060516137
631576800       , -39405632741.0407, 143557642675.336, -2483370.1180973, -29804.6608251847, -5422.59278008437, -0.0742920886398899
631580400       , -39512929392.0202, 143538121499.123, -2483651.35520358, -29804.589840709, -5422.50499470716, -0.0819411888009569
631584000       , -39620225788.7747, 143518600640.246, -2483960.02537849, -29804.5195903587, -5422.41648263542, -0.0895325573972499
631587600       , -39727521933.9607, 143499080101.314, -2484295.91943873, -29804.4500816392, -5422.32724864192, -0.0970654444793494
631591200       , -39834817830.2615, 143479559884.917, -2484658.82549976, -29804.3813220532, -5422.23729757566, -0.104539099332181
631594800       , -39942113480.3875, 143460039993.626, -2485048.52897321, -29804.3133191005, -5422.14663436262, -0.111952770522923
631598400       , -40049408887.076, 143440520429.998, -2485464.81256429, -29804.2460802768, -5422.05526400648, -0.119305705950638
631602000       , -40156704053.0914, 143421001196.568, -2485907.45626955, -29804.1796130735, -5421.9631915894, -0.12659715289765
631605600       , -40263998981.225, 143401482295.855, -2486376.23737471, -29804.1139249767, -5421.87042227272, -0.133826358082709
631609200       , -40371293674.2951, 143381963730.357, -2486870.93045275, -29804.0490234668, -5421.77696129776, -0.140992567715939
631612800       , -40478588135.1469, 143362445502.557, -2487391.30736217, -29803.9849160173, -5421.68281398648, -0.148095027555622
631616400       , -40585882366.6523, 143342927614.914, -2487937.13724548, -29803.9216100947, -5421.58798574228, -0.155132982966817
631620000       , -40693176371.7104, 143323410069.87 , -2488508.18652789, -29803.8591131571, -5421.49248205074, -0.162105678981861
631623600       , -40800470153.2468, 143303892869.847, -2489104.21891622, -29803.7974326538, -5421.39630848031, -0.169012360362753
631627200       , -40907763714.2141, 143284376017.246, -2489724.99539804, -29803.7365760244, -5421.29947068306, -0.17585227166546
631630800       , -41015057057.5917, 143264859514.448, -2490370.27424104, -29803.676550698, -5421.20197439545, -0.182624657306163
631634400       , -41122350186.3856, 143245343363.814, -2491039.81099267, -29803.6173640922, -5421.103825439 , -0.189328761629464
631638000       , -41229643103.6285, 143225827567.681, -2491733.35848001, -29803.5590236124, -5421.00502972104, -0.195963828978583
631641600       , -41336935812.3798, 143206312128.369, -2492450.66680985, -29803.501536651, -5420.90559323544, -0.202529103767552
631645200       , -41444228315.7255, 143186797048.172, -2493191.48336913, -29803.444910586, -5420.8055220633, -0.209023830555452
631648800       , -41551520616.778, 143167282329.364, -2493955.55282557, -29803.3891527808, -5420.70482237368, -0.215447254122693
631652400       , -41658812718.6763, 143147767974.197, -2494742.61712862, -29803.3342705826, -5420.60350042429, -0.221798619549374
631656000       , -41766104624.5857, 143128253984.9  , -2495552.41551068, -29803.2802713216, -5420.5015625622, -0.228077172295724
631659600       , -41873396337.6981, 143108740363.678, -2496384.6844886, -29803.2271623103, -5420.39901522455, -0.234282158284679
631663200       , -41980687861.2314, 143089227112.714, -2497239.15786553, -29803.1749508422, -5420.29586493918, -0.240412823986572
631666800       , -42087979198.4299, 143069714234.166, -2498115.56673303, -29803.1236441906, -5420.19211832539, -0.246468416505992
631670400       , -42195270352.5641, 143050201730.169, -2499013.63947349, -29803.073249608, -5420.08778209453, -0.252448183670815
631674000       , -42302561326.9303, 143030689602.834, -2499933.10176294, -29803.0237743245, -5419.98286305073, -0.258351374123421
631677600       , -42409852124.851, 143011177854.247, -2500873.67657411, -29802.9752255472, -5419.87736809152, -0.264177237414135
631681200       , -42517142749.6747, 142991666486.467, -2501835.0841799, -29802.9276104585, -5419.77130420849, -0.269925024096884
631684800       , -42624433204.7753, 142972155501.53 , -2502817.04215717, -29802.8809362154, -5419.66467848794, -0.275593985827118
631688400       , -42731723493.553, 142952644901.447, -2503819.26539084, -29802.8352099482, -5419.55749811146, -0.281183375461969
631692000       , -42839013619.4331, 142933134688.201, -2504841.46607846, -29802.790438759, -5419.44977035661, -0.286692447162721
631695600       , -42946303585.8666, 142913624863.749, -2505883.35373505, -29802.746629721, -5419.34150259749, -0.292120456499546
631699200       , -43053593396.3301, 142894115430.021, -2506944.6351984, -29802.7037898768, -5419.23270230532, -0.297466660558571
631702800       , -43160883054.3252, 142874606388.922, -2508025.01463466, -29802.6619262373, -5419.12337704908, -0.302730318051257
631706400       , -43268172563.3788, 142855097742.327, -2509124.19354448, -29802.6210457803, -5419.01353449601, -0.307910689426115
631710000       , -43375461927.043, 142835589492.085, -2510241.87076939, -29802.5811554495, -5418.90318241221, -0.313007036982776
631713600       , -43482751148.8945, 142816081640.016, -2511377.74249873, -29802.5422621525, -5418.79232866318, -0.318018624988424
631717200       , -43590040232.5352, 142796574187.911, -2512531.5022769, -29802.5043727603, -5418.68098121434, -0.322944719796589
631720800       , -43697329181.5913, 142777067137.534, -2513702.84101112, -29802.467494105, -5418.56914813154, -0.327784589968336
631724400       , -43804617999.7138, 142757560490.618, -2514891.44697958, -29802.4316329792, -5418.45683758156, -0.332537506395831
631728000       , -43911906690.5779, 142738054248.866, -2516097.00584009, -29802.3967961338, -5418.34405783259, -0.337202742428313
631731600       , -44019195257.8831, 142718548413.954, -2517319.2006391, -29802.3629902773, -5418.2308172547, -0.341779574000472
631735200       , -44126483705.3531, 142699042987.525, -2518557.7118213, -29802.3302220735, -5418.1171243203, -0.346267279763231
631738800       , -44233772036.7352, 142679537971.192, -2519812.2172396, -29802.2984981407, -5418.00298760452, -0.35066514121695
631742400       , -44341060255.8007, 142660033366.536, -2521082.39216563, -29802.2678250497, -5417.88841578568, -0.354972442847048
631746000       , -44448348366.3444, 142640529175.11 , -2522367.90930079, -29802.2382093225, -5417.77341764564, -0.359188472262044
631749600       , -44555636372.1844, 142621025398.43 , -2523668.43878765, -29802.2096574305, -5417.65800207019, -0.363312520334024
631753200       , -44662924277.1622, 142601522037.985, -2524983.64822204, -29802.1821757931, -5417.54217804939, -0.367343881341532
631756800       , -44770212085.1421, 142582019095.227, -2526313.20266555, -29802.1557707758, -5417.4259546779, -0.371281853114882
631760400       , -44877499800.0113, 142562516571.579, -2527656.76465854, -29802.1304486889, -5417.30934115528, -0.37512573718389
631764000       , -44984787425.6797, 142543014468.428, -2529013.99423378, -29802.1062157855, -5417.19234678631, -0.378874838928015
631767600       , -45092074966.0794, 142523512787.128, -2530384.54893057, -29802.08307826 , -5417.07498098118, -0.382528467728926
631771200       , -45199362425.165, 142504011528.999, -2531768.08380942, -29802.0610422462, -5416.95725325578, -0.386085937125457
631774800       , -45306649806.9127, 142484510695.327, -2533164.25146728, -29802.0401138157, -5416.8391732319, -0.389546564970967
631778400       , -45413937115.3208, 142465010287.363, -2534572.7020534, -29802.0202989762, -5416.72075063741, -0.392909673593078
631782000       , -45521224354.4088, 142445510306.322, -2535993.08328569, -29802.0016036693, -5416.6019953064, -0.396174589955801
631785600       , -45628511528.2177, 142426010753.384, -2537425.04046772, -29801.9840337693, -5416.48291717934, -0.399340645824005
631789200       , -45735798640.8094, 142406511629.694, -2538868.21650633, -29801.9675950808, -5416.36352630317, -0.402407177930254
631792800       , -45843085696.2666, 142387012936.358, -2540322.25192976, -29801.9522933372, -5416.24383283138, -0.405373528143955
631796400       , -45950372698.6926, 142367514674.448, -2541786.78490651, -29801.9381341986, -5416.12384702404, -0.408239043642836
631800000       , -46057659652.2107, 142348016844.998, -2543261.45126472, -29801.9251232502, -5416.00357924782, -0.411003077086707
631803600       , -46164946560.9644, 142328519449.003, -2544745.88451223, -29801.9132659999, -5415.883039976 , -0.413664986793495
631807200       , -46272233429.1168, 142309022487.423, -2546239.7158573, -29801.9025678768, -5415.76223978839, -0.41622413691753
631810800       , -46379520260.8505, 142289525961.177, -2547742.5742299, -29801.8930342291, -5415.64118937124, -0.418679897630053
631814400       , -46486807060.367, 142270029871.147, -2549254.08630373, -29801.8846703221, -5415.51989951719, -0.421031645301923
631818000       , -46594093831.8867, 142250534218.175, -2550773.87651886, -29801.8774813361, -5415.39838112506, -0.423278762688485
631821600       , -46701380579.6486, 142231039003.064, -2552301.56710506, -29801.8714723646, -5415.27664519967, -0.425420639116577
631825200       , -46808667307.9098, 142211544226.577, -2553836.77810577, -29801.8666484121, -5415.15470285168, -0.427456670673646
631828800       , -46915954020.9451, 142192049889.438, -2555379.12740281, -29801.8630143922, -5415.03256529728, -0.429386260398921
631832400       , -47023240723.0471, 142172555992.328, -2556928.23074175, -29801.8605751253, -5414.91024385792, -0.431208818476623
631836000       , -47130527418.5254, 142153062535.889, -2558483.70175797, -29801.8593353367, -5414.78774995999, -0.432923762431165
631839600       , -47237814111.7065, 142133569520.721, -2560045.15200344, -29801.8592996545, -5414.66509513444, -0.434530517324303
631843200       , -47345100806.9333, 142114076947.383, -2561612.19097424, -29801.8604726074, -5414.54229101639, -0.436028515954182
631846800       , -47452387508.5649, 142094584816.391, -2563184.42613872, -29801.8628586226, -5414.41934934468, -0.437417199056256
631850400       , -47559674220.9763, 142075093128.219, -2564761.46296649, -29801.8664620237, -5414.29628196137, -0.438696015506009
631854000       , -47666960948.5575, 142055601883.297, -2566342.90495806, -29801.8712870285, -5414.17310081123, -0.439864422523434
631857600       , -47774247695.7137, 142036111082.015, -2567928.35367527, -29801.8773377468, -5414.04981794118, -0.440921885879231
631861200       , -47881534466.8649, 142016620724.716, -2569517.40877242, -29801.8846181783, -5413.92644549964, -0.441867880102637
631864800       , -47988821266.445, 141997130811.7  , -2571109.66802822, -29801.8931322103, -5413.80299573594, -0.442701888690868
631868400       , -48096108098.9017, 141977641343.224, -2572704.72737841, -29801.9028836156, -5413.67948099954, -0.443423404320082
631872000       , -48203394968.6962, 141958152319.5  , -2574302.18094921, -29801.9138760502, -5413.55591373936, -0.444031929057818
631875600       , -48310681880.3027, 141938663740.693, -2575901.62109151, -29801.9261130513, -5413.43230650294, -0.444526974576833
631879200       , -48417968838.2078, 141919175606.926, -2577502.63841583, -29801.9395980346, -5413.30867193564, -0.444908062370283
631882800       , -48525255846.9101, 141899687918.273, -2579104.82182806, -29801.9543342926, -5413.18502277972, -0.445174723968172
631886400       , -48632542910.92 , 141880200674.764, -2580707.75856601, -29801.970324992, -5413.06137187345, -0.445326501154981
631890000       , -48739830034.7591, 141860713876.382, -2582311.03423668, -29801.9875731717, -5412.9377321501, -0.445362946188436
631893600       , -48847117222.9594, 141841227523.063, -2583914.2328544, -29802.0060817401, -5412.81411663694, -0.445283622019298
631897200       , -48954404480.0634, 141821741614.697, -2585516.93687969, -29802.0258534736, -5412.69053845414, -0.445088102512123
631900800       , -49061691810.6233, 141802256151.126, -2587118.72725894, -29802.0468910134, -5412.56701081365, -0.444775972666899
631904400       , -49168979219.2007, 141782771132.143, -2588719.18346496, -29802.0691968642, -5412.44354701804, -0.444346828841469
631908000       , -49276266710.3656, 141763286557.495, -2590317.88353819, -29802.0927733912, -5412.32016045925, -0.443800278974659
631911600       , -49383554288.6966, 141743802426.879, -2591914.40412884, -29802.1176228182, -5412.19686461731, -0.443135942810022
631915200       , -49490841958.7799, 141724318739.944, -2593508.3205398, -29802.1437472253, -5412.07367305903, -0.442353452120093
631918800       , -49598129725.2089, 141704835496.291, -2595099.2067703, -29802.1711485464, -5411.95059943662, -0.441452450931075
631922400       , -49705417592.5839, 141685352695.47 , -2596686.63556049, -29802.1998285675, -5411.82765748619, -0.440432595747839
631926000       , -49812705565.511, 141665870336.983, -2598270.17843672, -29802.2297889237, -5411.70486102634, -0.439293555779157
631929600       , -49919993648.6023, 141646388420.28 , -2599849.40575769, -29802.2610310978, -5411.58222395658, -0.438035013163047
631933200       , -50027281846.4747, 141626906944.762, -2601423.88676142, -29802.2935564173, -5411.4597602557, -0.436656663192133
631936800       , -50134570163.7497, 141607425909.781, -2602993.18961299, -29802.3273660526, -5411.33748398016, -0.435158214538904
631940400       , -50241858605.0527, 141587945314.636, -2604556.88145314, -29802.3624610148, -5411.21540926238, -0.433539389480777
631944000       , -50349147175.0124, 141568465158.575, -2606114.52844761, -29802.3988421532, -5411.09355030895, -0.431799924124824
631947600       , -50456435878.2604, 141548985440.797, -2607665.69583737, -29802.4365101537, -5410.97192139879, -0.429939568632072
631951200       , -50563724719.4304, 141529506160.448, -2609209.94798961, -29802.4754655357, -5410.85053688134, -0.42795808744124
631954800       , -50671013703.1576, 141510027316.621, -2610746.84844952, -29802.5157086509, -5410.72941117458, -0.425855259491805
631958400       , -50778302834.0782, 141490548908.36 , -2612275.95999291, -29802.5572396806, -5410.60855876302, -0.423630878446261
631962000       , -50885592116.8288, 141471070934.653, -2613796.84467961, -29802.6000586336, -5410.4879941957, -0.421284752911452
631965600       , -50992881556.0457, 141451593394.438, -2615309.06390766, -29802.6441653444, -5410.36773208407, -0.418816706658859
631969200       , -51100171156.3642, 141432116286.601, -2616812.17846831, -29802.6895594709, -5410.24778709983, -0.416226578843688
631972800       , -51207460922.4182, 141412639609.973, -2618305.74860179, -29802.7362404921, -5410.12817397268, -0.413514224222655
631976400       , -51314750858.8392, 141393163363.333, -2619789.33405385, -29802.7842077067, -5410.00890748809, -0.41067951337031
631980000       , -51422040970.256, 141373687545.405, -2621262.49413312, -29802.8334602304, -5409.89000248497, -0.407722332893781
631983600       , -51529331261.294, 141354212154.863, -2622724.78776916, -29802.8839969945, -5409.77147385321, -0.404642585645785
631987200       , -51636621736.574, 141334737190.324, -2624175.7735714, -29802.9358167436, -5409.65333653134, -0.401440190935775
631990800       , -51743912400.7124, 141315262650.352, -2625615.00988869, -29802.9889180335, -5409.53560550394, -0.398115084739088
631994400       , -51851203258.3197, 141295788533.459, -2627042.05486972, -29803.04329923 , -5409.41829579912, -0.394667219903922
631998000       , -51958494314.0005, 141276314838.099, -2628456.4665241, -29803.0989585062, -5409.30142248589, -0.391096566356036
632001600       , -52065785572.3523, 141256841562.675, -2629857.80278422, -29803.1558938413, -5409.18500067149, -0.387403111300993
632005200       , -52173077037.9648, 141237368705.534, -2631245.62156782, -29803.2141030185, -5409.06904549869, -0.383586859423812
632008800       , -52280368715.4197, 141217896264.969, -2632619.48084125, -29803.2735836234, -5408.95357214295, -0.379647833085885
632012400       , -52387660609.2895, 141198424239.218, -2633978.93868348, -29803.334333042, -5408.83859580961, -0.375586072518991
632016000       , -52494952724.1368, 141178952626.465, -2635323.55335078, -29803.3963484596, -5408.72413173102, -0.371401636016269
632019600       , -52602245064.514, 141159481424.837, -2636652.88334203, -29803.4596268586, -5408.61019516354, -0.367094600119993
632023200       , -52709537634.962, 141140010632.408, -2637966.48746484, -29803.5241650171, -5408.49680138458, -0.362665059805992
632026800       , -52816830440.0097, 141120540247.197, -2639263.92490213, -29803.5899595075, -5408.38396568952, -0.358113128664558
632030400       , -52924123484.1737, 141101070267.167, -2640544.75527957, -29803.6570066949, -5408.27170338859, -0.353438939077701
632034000       , -53031416771.9566, 141081600690.226, -2641808.53873345, -29803.7253027356, -5408.16002980376, -0.348642642392567
632037600       , -53138710307.8471, 141062131514.228, -2643054.83597933, -29803.7948435758, -5408.04896026547, -0.343724409090895
632041200       , -53246004096.319, 141042662736.969, -2644283.20838117, -29803.8656249503, -5407.93851010939, -0.338684428954328
632044800       , -53353298141.8301, 141023194356.193, -2645493.21802114, -29803.937642381, -5407.8286946731, -0.333522911225438
632048400       , -53460592448.8218, 141003726369.587, -2646684.42776996, -29804.010891176, -5407.71952929276, -0.328240084764299
632052000       , -53567887021.7183, 140984258774.784, -2647856.40135777, -29804.0853664282, -5407.61102929965, -0.32283619820045
632055600       , -53675181864.9257, 140964791569.36 , -2649008.70344558, -29804.1610630141, -5407.50321001673, -0.317311520080105
632059200       , -53782476982.8312, 140945324750.836, -2650140.89969724, -29804.2379755932, -5407.39608675517, -0.311666339008427
632062800       , -53889772379.8025, 140925858316.681, -2651252.55685189, -29804.3160986063, -5407.28967481074, -0.305900963786742
632066400       , -53997068060.1868, 140906392264.306, -2652343.2427969, -29804.3954262753, -5407.18398946027, -0.300015723544499
632070000       , -54104364028.3101, 140886926591.067, -2653412.52664131, -29804.4759526017, -5407.079045958 , -0.294010967865868
632073600       , -54211660288.4764, 140867461294.267, -2654459.97878962, -29804.5576713665, -5406.97485953187, -0.287887066910773
632077200       , -54318956844.9671, 140847996371.152, -2655485.17101617, -29804.6405761288, -5406.87144537985, -0.281644411530251
632080800       , -54426253702.0398, 140828531818.915, -2656487.67653973, -29804.7246602255, -5406.76881866617, -0.275283413375951
632084400       , -54533550863.9277, 140809067634.694, -2657467.07009863, -29804.8099167706, -5406.66699451749, -0.268804505003646
632088000       , -54640848334.839, 140789603815.573, -2658422.92802617, -29804.8963386547, -5406.56598801914, -0.262208139970602
632091600       , -54748146118.9557, 140770140358.581, -2659354.82832641, -29804.9839185448, -5406.46581421116, -0.255494792926657
632095200       , -54855444220.433, 140750677260.694, -2660262.35075023, -29805.0726488835, -5406.36648808451, -0.248664959698866
632098800       , -54962742643.3988, 140731214518.832, -2661145.07687172, -29805.1625218889, -5406.26802457703, -0.241719157369566
632102400       , -55070041391.9523, 140711752129.864, -2662002.59016486, -29805.2535295546, -5406.17043856959, -0.234657924347743
632106000       , -55177340470.1634, 140692290090.603, -2662834.47608036, -29805.3456636492, -5406.073744882 , -0.227481820433523
632109600       , -55284639882.0721, 140672828397.812, -2663640.32212282, -29805.4389157165, -5405.97795826906, -0.220191426875691
632113200       , -55391939631.6877, 140653367048.198, -2664419.717928 , -29805.5332770755, -5405.8830934165, -0.21278734642209
632116800       , -55499239722.9875, 140633906038.416, -2665172.25534033, -29805.6287388204, -5405.78916493691, -0.205270203362772
632120400       , -55606540159.9167, 140614445365.069, -2665897.52849053, -29805.7252918209, -5405.69618736568, -0.197640643565771
632124000       , -55713840946.3869, 140594985024.708, -2666595.1338733, -29805.8229267222, -5405.60417515687, -0.189899334505397
632127600       , -55821142086.2759, 140575525013.832, -2667264.67042519, -29805.9216339461, -5405.51314267908, -0.182046965282897
632131200       , -55928443583.4264, 140556065328.888, -2667905.73960245, -29806.0214036904, -5405.42310421135, -0.174084246639405
632134800       , -56035745441.6455, 140536605966.272, -2668517.94545898, -29806.1222259303, -5405.334073939 , -0.166011910961052
632138400       , -56143047664.7038, 140517146922.329, -2669100.89472419, -29806.2240904188, -5405.24606594943, -0.157830712276122
632142000       , -56250350256.3346, 140497688193.354, -2669654.19688098, -29806.3269866869, -5405.15909422803, -0.149541426244177
632145600       , -56357653220.2333, 140478229775.59 , -2670177.46424349, -29806.4309040453, -5405.07317265389, -0.141144850137023
632149200       , -56464956560.056, 140458771665.234, -2670670.31203494, -29806.5358315845, -5404.98831499574, -0.132641802811455
632152800       , -56572260279.4196, 140439313858.429, -2671132.35846521, -29806.6417581763, -5404.90453490767, -0.124033124673662
632156400       , -56679564381.9001, 140419856351.273, -2671563.22480837, -29806.7486724747, -5404.82184592499, -0.115319677635235
632160000       , -56786868871.0328, 140400399139.813, -2671962.53548  , -29806.8565629169, -5404.74026146004, -0.106502345060682
632163600       , -56894173750.3104, 140380942220.049, -2672329.91811434, -29806.9654177249, -5404.65979479802, -0.0975820317063841
632167200       , -57001479023.1832, 140361485587.934, -2672665.00364112, -29807.0752249066, -5404.58045909278, -0.0885596636509282
632170800       , -57108784693.0579, 140342029239.371, -2672967.42636225, -29807.1859722573, -5404.50226736271, -0.0794361882167454
632174400       , -57216090763.2968, 140322573170.22 , -2673236.8240281, -29807.2976473614, -5404.42523248655, -0.0702125738830155
632178000       , -57323397237.2171, 140303117376.294, -2673472.83791348, -29807.4102375938, -5404.34936719927, -0.0608898101897584
632181600       , -57430704118.0903, 140283661853.358, -2673675.11289334, -29807.5237301218, -5404.27468408791, -0.0514689076330998
632185200       , -57538011409.1411, 140264206597.135, -2673843.29751794, -29807.638111907, -5404.20119558756, -0.0419508975516535
632188800       , -57645319113.5472, 140244751603.301, -2673977.04408769, -29807.7533697069, -5404.12891397719, -0.0323368320039942
632192400       , -57752627234.4381, 140225296867.491, -2674076.00872753, -29807.8694900773, -5404.05785137563, -0.0226277836371979
632196000       , -57859935774.8945, 140205842385.294, -2674139.85146077, -29807.986459374, -5403.98801973753, -0.0128248455464209
632199600       , -57967244737.9477, 140186388152.258, -2674168.23628244, -29808.1042637555, -5403.91943084938, -0.00292913112551359
632203200       , -58074554126.5788, 140166934163.887, -2674160.8312321, -29808.2228891848, -5403.8520963255, 0.00705822609133477
632206800       , -58181863943.718, 140147480415.645, -2674117.30846604, -29808.3423214322, -5403.78602760412, 0.0171360725969328
632210400       , -58289174192.244, 140128026902.956, -2674037.34432884, -29808.4625460775, -5403.72123594348, 0.027303235087382
632214000       , -58396484874.9831, 140108573621.201, -2673920.61942435, -29808.5835485128, -5403.65773241794, 0.0375585206473215
632217600       , -58503795994.7089, 140089120565.723, -2673766.81868594, -29808.7053139447, -5403.5955279142, 0.0479007169441126
632221200       , -58611107554.1412, 140069667731.828, -2673575.63144599, -29808.8278273979, -5403.53463312748, 0.0583285924309085
632224800       , -58718419555.9456, 140050215114.781, -2673346.75150474, -29808.9510737172, -5403.47505855781, 0.0688408965586057
632228400       , -58825732002.733, 140030762709.81 , -2673079.87719829, -29809.0750375709, -5403.41681450633, 0.0794363599966028
632232000       , -58933044897.0586, 140011310512.107, -2672774.71146576, -29809.1997034537, -5403.35991107168, 0.0901136948623413
632235600       , -59040358241.4215, 139991858516.829, -2672430.96191573, -29809.3250556898, -5403.30435814637, 0.100871594959558
632239200       , -59147672038.2642, 139972406719.096, -2672048.34089164, -29809.4510784362, -5403.25016541332, 0.111708736025188
632242800       , -59254986289.9717, 139952955113.995, -2671626.56553644, -29809.5777556859, -5403.19734234235, 0.122623775984854
632246400       , -59362300998.8711, 139933503696.577, -2671165.35785621, -29809.7050712711, -5403.14589818679, 0.133615355216839
632250000       , -59469616167.2312, 139914052461.862, -2670664.44478283, -29809.8330088672, -5403.09584198012, 0.144682096824493
632253600       , -59576931797.2616, 139894601404.839, -2670123.55823571, -29809.9615519955, -5403.04718253274, 0.155822606916949
632257200       , -59684247891.1123, 139875150520.462, -2669542.43518241, -29810.0906840278, -5402.99992842871, 0.167035474898067
632260800       , -59791564450.8732, 139855699803.657, -2668920.81769825, -29810.220388189, -5402.95408802262, 0.178319273763484
632264400       , -59898881478.5735, 139836249249.322, -2668258.45302487, -29810.350647562, -5402.90966943656, 0.18967256040567
632268000       , -60006198976.1814, 139816798852.322, -2667555.09362759, -29810.4814450906, -5402.86668055709, 0.201093875926853
632271600       , -60113516945.6033, 139797348607.497, -2666810.49725171, -29810.612763584, -5402.82512903234, 0.212581745959701
632275200       , -60220835388.6836, 139777898509.659, -2666024.42697763, -29810.7445857205, -5402.78502226919, 0.224134680995613
632278800       , -60328154307.204, 139758448553.594, -2665196.6512747, -29810.8768940516, -5402.74636743047, 0.23575117672048
632282400       , -60435473702.8831, 139738998734.063, -2664326.94405395, -29811.0096710063, -5402.70917143233, 0.247429714357766
632286000       , -60542793577.3763, 139719549045.801, -2663415.08471952, -29811.1428988952, -5402.67344094164, 0.259168761018766
632289600       , -60650113932.2749, 139700099483.522, -2662460.85821881, -29811.2765599146, -5402.63918237348, 0.270966770059847
632293200       , -60757434769.106, 139680650041.914, -2661464.05509135, -29811.410636151, -5402.60640188874, 0.282822181446551
632296800       , -60864756089.3319, 139661200715.647, -2660424.47151634, -29811.5451095856, -5402.57510539179, 0.294733422124337
632300400       , -60972077894.3499, 139641751499.368, -2659341.90935886, -29811.6799620982, -5402.54529852825, 0.306698906395813
632304000       , -61079400185.492, 139622302387.704, -2658216.17621468, -29811.8151754725, -5402.51698668286, 0.318717036304261
632307600       , -61186722964.0244, 139602853375.264, -2657047.08545368, -29811.9507313999, -5402.49017497743, 0.330786202023258
632311200       , -61294046231.1471, 139583404456.638, -2655834.4562619, -29812.0866114844, -5402.46486826892, 0.342904782252209
632314800       , -61401369987.9939, 139563955626.401, -2654578.11368213, -29812.2227972476, -5402.44107114755, 0.355071144617564
632318400       , -61508694235.6318, 139544506879.109, -2653277.888653 , -29812.3592701326, -5402.41878793509, 0.367283646079541
632322000       , -61616018975.061, 139525058209.306, -2651933.61804668, -29812.4960115095, -5402.39802268323, 0.379540633344112
632325600       , -61723344207.2145, 139505609611.52 , -2650545.14470503, -29812.6330026796, -5402.37877917197, 0.391840443280055
632329200       , -61830669932.9576, 139486161080.266, -2649112.31747425, -29812.7702248806, -5402.36106090826, 0.404181403340836
632332800       , -61937996153.0882, 139466712610.047, -2647634.99123803, -29812.9076592914, -5402.34487112462, 0.416561831991094
632336400       , -62045322868.3365, 139447264195.356, -2646113.02694912, -29813.0452870366, -5402.33021277791, 0.428980039137503
632340000       , -62152650079.3642, 139427815830.674, -2644546.29165933, -29813.183089192, -5402.31708854825, 0.44143432656377
632343600       , -62259977786.7652, 139408367510.474, -2642934.65854806, -29813.321046789, -5402.30550083794, 0.453922988369526
632347200       , -62367305991.0648, 139388919229.221, -2641278.00694907, -29813.4591408201, -5402.29545177061, 0.466444311412878
632350800       , -62474634692.72 , 139369470981.373, -2639576.22237584, -29813.5973522431, -5402.28694319039, 0.478996575756355
632354400       , -62581963892.119, 139350022761.38 , -2637829.19654515, -29813.735661987, -5402.27997666125, 0.491578055116024
632358000       , -62689293589.5814, 139330574563.689, -2636036.82739917, -29813.8740509565, -5402.27455346639, 0.504187017313495
632361600       , -62796623785.358, 139311126382.742, -2634199.01912583, -29814.012500037, -5402.27067460778, 0.516821724730585
632365200       , -62903954479.6308, 139291678212.978, -2632315.6821776, -29814.1509900999, -5402.26834080582, 0.529480434766361
632368800       , -63011285672.5129, 139272230048.833, -2630386.73328858, -29814.2895020073, -5402.2675524991, 0.542161400296326
632372400       , -63118617364.0485, 139252781884.745, -2628412.09548999, -29814.4280166177, -5402.26830984421, 0.554862870133459
632376000       , -63225949554.2128, 139233333715.148, -2626391.69812392, -29814.5665147902, -5402.27061271578, 0.567583089490868
632379600       , -63333282242.9123, 139213885534.479, -2624325.47685549, -29814.7049773902, -5402.27446070655, 0.580320300445783
632383200       , -63440615429.9844, 139194437337.177, -2622213.37368328, -29814.8433852941, -5402.27985312754, 0.593072742404617
632386800       , -63547949115.1978, 139174989117.684, -2620055.33694814, -29814.9817193947, -5402.2867890084, 0.605838652568851
632390400       , -63655283298.2526, 139155540870.446, -2617851.32134023, -29815.1199606057, -5402.29526709779, 0.618616266401442
632394000       , -63762617978.7799, 139136092589.912, -2615601.28790449, -29815.2580898671, -5402.30528586397, 0.631403818093522
632397600       , -63869953156.3424, 139116644270.541, -2613305.20404436, -29815.3960881504, -5402.31684349538, 0.644199541031095
632401200       , -63977288830.4346, 139097195906.795, -2610963.04352385, -29815.533936463, -5402.3299379014, 0.657001668261486
632404800       , -64084625000.4823, 139077747493.147, -2608574.78646788, -29815.6716158535, -5402.34456671327, 0.669808432959258
632408400       , -64191961665.8433, 139058299024.077, -2606140.41936105, -29815.8091074168, -5402.36072728497, 0.682618068891352
632412000       , -64299298825.8076, 139038850494.076, -2603659.93504462, -29815.9463922986, -5402.37841669437, 0.695428810881158
632415600       , -64406636479.5973, 139019401897.646, -2601133.33271188, -29816.0834517008, -5402.39763174436, 0.708238895271294
632419200       , -64513974626.3668, 138999953229.301, -2598560.61790188, -29816.2202668857, -5402.41836896416, 0.721046560384795
632422800       , -64621313265.2034, 138980504483.567, -2595941.80249144, -29816.3568191815, -5402.44062461071, 0.733850046984473
632426400       , -64728652395.1271, 138961055654.986, -2593276.90468556, -29816.4930899866, -5402.46439467018, 0.746647598730199
632430000       , -64835992015.0913, 138941606738.113, -2590565.94900616, -29816.6290607745, -5402.48967485954, 0.759437462633827
632433600       , -64943332123.9825, 138922157727.52 , -2587808.96627923, -29816.7647130985, -5402.51646062828, 0.772217889511537
632437200       , -65050672720.6214, 138902708617.796, -2585005.99362026, -29816.9000285964, -5402.54474716018, 0.784987134433329
632440800       , -65158013803.7623, 138883259403.546, -2582157.07441819, -29817.0349889949, -5402.57452937526, 0.797743457169438
632444400       , -65265355372.0942, 138863810079.396, -2579262.25831766, -29817.1695761145, -5402.60580193173, 0.810485122633412
632448000       , -65372697424.2407, 138844360639.99 , -2576321.60119968, -29817.3037718736, -5402.63855922808, 0.82321040132164
632451600       , -65480039958.7605, 138824911079.995, -2573335.1651608, -29817.4375582933, -5402.6727954053, 0.835917569749063
632455200       , -65587382974.1477, 138805461394.096, -2570303.01849062, -29817.5709175016, -5402.70850434913, 0.848604910880871
632458800       , -65694726468.8325, 138786011577.004, -2567225.2356478, -29817.7038317375, -5402.74567969241, 0.861270714559942
632462400       , -65802070441.1811, 138766561623.45 , -2564101.89723459, -29817.836283356, -5402.78431481758, 0.873913277929799
632466000       , -65909414889.4965, 138747111528.193, -2560933.0899697, -29817.9682548314, -5402.82440285918, 0.886530905852888
632469600       , -66016759812.0188, 138727661286.015, -2557718.90665987, -29818.0997287621, -5402.8659367065, 0.899121911323944
632473200       , -66124105206.9258, 138708210891.723, -2554459.44616978, -29818.2306878743, -5402.9089090063, 0.911684615878256
632476800       , -66231451072.3332, 138688760340.153, -2551154.81339061, -29818.3611150263, -5402.95331216555, 0.924217349994619
632480400       , -66338797406.2952, 138669309626.168, -2547805.11920713, -29818.490993212, -5402.99913835437, 0.936718453492777
632484000       , -66446144206.8053, 138649858744.659, -2544410.48046334, -29818.6203055653, -5403.04637950892, 0.949186275925187
632487600       , -66553491471.7962, 138630407690.547, -2540971.01992676, -29818.7490353635, -5403.09502733447, 0.961619176962882
632491200       , -66660839199.1409, 138610956458.784, -2537486.86625132, -29818.8771660309, -5403.14507330844, 0.974015526775291
632494800       , -66768187386.6529, 138591505044.352, -2533958.15393886, -29819.0046811431, -5403.19650868361, 0.986373706403832
632498400       , -66875536032.0869, 138572053442.265, -2530385.02329938, -29819.1315644295, -5403.24932449132, 0.998692108129097
632502000       , -66982885133.1393, 138552601647.57 , -2526767.62040988, -29819.2577997778, -5403.30351154482, 1.01096913583149
632505600       , -67090234687.4487, 138533149655.348, -2523106.09707196, -29819.3833712367, -5403.35906044255, 1.02320320534516
632509200       , -67197584692.5966, 138513697460.712, -2519400.61076822, -29819.5082630195, -5403.41596157165, 1.03539274480505
632512800       , -67304935146.108, 138494245058.814, -2515651.32461729, -29819.6324595072, -5403.47420511136, 1.04753619498699
632516400       , -67412286045.4521, 138474792444.837, -2511858.40732776, -29819.7559452517, -5403.53378103664, 1.05963200964064
632520000       , -67519637388.0426, 138455339614.004, -2508022.03315088, -29819.8787049788, -5403.59467912169, 1.07167865581513
632523600       , -67626989171.2386, 138435886561.573, -2504142.38183212, -29820.0007235912, -5403.65688894364, 1.08367461417741
632527200       , -67734341392.3452, 138416433282.842, -2500219.63856154, -29820.1219861713, -5403.72039988622, 1.09561837932303
632530800       , -67841694048.6141, 138396979773.145, -2496253.99392316, -29820.2424779839, -5403.78520114351, 1.10750846007934
632534400       , -67949047137.2443, 138377526027.858, -2492245.64384313, -29820.3621844792, -5403.8512817237, 1.11934337980098
632538000       , -68056400655.3827, 138358072042.395, -2488194.78953697, -29820.481091295, -5403.91863045296, 1.13112167665762
632541600       , -68163754600.125, 138338617812.211, -2484101.63745567, -29820.5991842596, -5403.98723597925, 1.14284190391376
632545200       , -68271108968.516, 138319163332.802, -2479966.39923093, -29820.7164493938, -5404.05708677627, 1.15450263020057
632548800       , -68378463757.5507, 138299708599.706, -2475789.29161927, -29820.8328729134, -5404.12817114734, 1.16610243977974
632552400       , -68485818964.1747, 138280253608.503, -2471570.5364454, -29820.9484412317, -5404.20047722941, 1.17763993279919
632556000       , -68593174585.2852, 138260798354.818, -2467310.36054449, -29821.0631409611, -5404.27399299704, 1.18911372554063
632559600       , -68700530617.7315, 138241342834.317, -2463008.9957037, -29821.1769589155, -5404.34870626641, 1.2005224506589 
632563200       , -68807887058.3157, 138221887042.711, -2458666.67860285, -29821.2898821122, -5404.4246046994, 1.21186475741305
632566800       , -68915243903.7936, 138202430975.756, -2454283.65075415, -29821.4018977737, -5404.50167580759, 1.22313931188913
632570400       , -69022601150.8755, 138182974629.253, -2449860.15844132, -29821.5129933294, -5404.57990695642, 1.23434479721465
632574000       , -69129958796.2266, 138163517999.049, -2445396.45265785, -29821.6231564174, -5404.65928536925, 1.24547991376465
632577600       , -69237316836.4682, 138144061081.037, -2440892.7890445, -29821.7323748859, -5404.73979813148, 1.25654337935944
632581200       , -69344675268.1779, 138124603871.157, -2436349.42782621, -29821.8406367949, -5404.82143219469, 1.26753392945393
632584800       , -69452034087.8911, 138105146365.395, -2431766.63374826, -29821.9479304174, -5404.90417438078, 1.27845031731854
632588400       , -69559393292.1012, 138085688559.788, -2427144.67601185, -29822.0542442407, -5404.9880113861, 1.28929131421173
632592000       , -69666752877.2603, 138066230450.416, -2422483.828209 , -29822.1595669677, -5405.0729297856, 1.30005570954418
632595600       , -69774112839.7807, 138046772033.412, -2417784.36825694, -29822.2638875179, -5405.15891603701, 1.31074231103451
632599200       , -69881473176.0348, 138027313304.955, -2413046.57833197, -29822.3671950285, -5405.24595648497, 1.32134994485673
632602800       , -69988833882.3565, 138007854261.276, -2408270.74480268, -29822.4694788555, -5405.33403736516, 1.33187745577924
632606400       , -70096194955.0416, 137988394898.654, -2403457.15816288, -29822.5707285739, -5405.42314480852, 1.34232370729566
632610000       , -70203556390.349, 137968935213.419, -2398606.11296388, -29822.6709339792, -5405.51326484529, 1.35268758174728
632613600       , -70310918184.5011, 137949475201.949, -2393717.90774647, -29822.7700850876, -5405.60438340923, 1.36296798043733
632617200       , -70418280333.6848, 137930014860.677, -2388792.84497246, -29822.8681721368, -5405.69648634169, 1.37316382373702
632620800       , -70525642834.0522, 137910554186.083, -2383831.23095586, -29822.9651855862, -5405.78955939574, 1.38327405118352
632624400       , -70633005681.7215, 137891093174.702, -2378833.3757937, -29823.0611161177, -5405.88358824025, 1.39329762156984
632628000       , -70740368872.7778, 137871631823.118, -2373799.59329657, -29823.1559546356, -5405.97855846399, 1.40323351302659
632631600       , -70847732403.2738, 137852170127.969, -2368730.20091888, -29823.2496922671, -5406.07445557965, 1.413080723096  
632635200       , -70955096269.2306, 137832708085.943, -2363625.51968883, -29823.3423203623, -5406.17126502793, 1.42283826879784
632638800       , -71062460466.6388, 137813245693.784, -2358485.87413822, -29823.4338304944, -5406.2689721815, 1.4325051866877 
632642400       , -71169824991.4588, 137793782948.284, -2353311.59223201, -29823.5242144597, -5406.36756234904, 1.4420805329075 
632646000       , -71277189839.6219, 137774319846.293, -2348103.0052977, -29823.613464277, -5406.46702077918, 1.45156338322831
632649600       , -71384555007.0313, 137754856384.71 , -2342860.44795466, -29823.7015721882, -5406.56733266444, 1.46095283308571
632653200       , -71491920489.5623, 137735392560.491, -2337584.25804323, -29823.7885306575, -5406.66848314515, 1.47024799760763
632656800       , -71599286283.0639, 137715928370.643, -2332274.77655382, -29823.8743323714, -5406.77045731331, 1.47944801163489
632660400       , -71706652383.3588, 137696463812.228, -2326932.34755592, -29823.9589702378, -5406.87324021646, 1.48855202973438
632664000       , -71814018786.2447, 137676998882.361, -2321557.31812705, -29824.0424373862, -5406.97681686146, 1.49755922620521
632667600       , -71921385487.4951, 137657533578.212, -2316150.03828172, -29824.1247271666, -5407.08117221831, 1.50646879507771
632671200       , -72028752482.8598, 137638067897.005, -2310710.86090047, -29824.2058331492, -5407.18629122384, 1.51527995010556
632674800       , -72136119768.0658, 137618601836.017, -2305240.14165879, -29824.2857491235, -5407.29215878544, 1.52399192475103
632678400       , -72243487338.8182, 137599135392.581, -2299738.23895631, -29824.3644690976, -5407.39875978474, 1.53260397216357
632682000       , -72350855190.8011, 137579668564.085, -2294205.51384589, -29824.4419872975, -5407.50607908117, 1.54111536515174
632685600       , -72458223319.678, 137560201347.968, -2288642.32996298, -29824.5182981661, -5407.61410151562, 1.54952539614873
632689200       , -72565591721.0927, 137540733741.728, -2283049.05345497, -29824.5933963623, -5407.72281191389, 1.55783337717152
632692800       , -72672960390.6704, 137521265742.915, -2277426.05291083, -29824.6672767598, -5407.83219509025, 1.56603863977373
632696400       , -72780329324.0181, 137501797349.134, -2271773.69929084, -29824.7399344463, -5407.94223585086, 1.57414053499252
632700000       , -72887698516.7255, 137482328558.046, -2266092.36585656, -29824.8113647222, -5408.05291899717, 1.58213843328937
632703600       , -72995067964.3658, 137462859367.365, -2260382.42810105, -29824.8815630997, -5408.16422932927, 1.59003172448514
632707200       , -73102437662.4964, 137443389774.861, -2254644.26367924, -29824.9505253009, -5408.2761516492, 1.59781981768936
632710800       , -73209807606.6597, 137423919778.357, -2248878.25233867, -29825.0182472571, -5408.3886707642, 1.60550214122395
632714400       , -73317177792.3837, 137404449375.733, -2243084.77585046, -29825.0847251075, -5408.50177148992, 1.61307814254151
632718000       , -73424548215.1831, 137384978564.923, -2237264.21794061, -29825.1499551971, -5408.6154386536, 1.62054728813833
632721600       , -73531918870.5597, 137365507343.913, -2231416.96422157, -29825.2139340762, -5408.72965709711, 1.62790906346222
632725200       , -73639289754.0031, 137346035710.748, -2225543.40212422, -29825.276658498, -5408.84441168007, 1.63516297281527
632728800       , -73746660860.9919, 137326563663.524, -2219643.92083017, -29825.3381254178, -5408.95968728281, 1.6423085392518 
632732400       , -73854032186.9937, 137307091200.393, -2213718.91120443, -29825.3983319908, -5409.07546880933, 1.64934530447149
632736000       , -73961403727.4666, 137287618319.56 , -2207768.76572852, -29825.457275571, -5409.19174119018, 1.65627282870794
632739600       , -74068775477.8593, 137268145019.285, -2201793.8784339, -29825.5149537092, -5409.30848938532, 1.66309069061275
632743200       , -74176147433.612, 137248671297.883, -2195794.64483592, -29825.5713641512, -5409.42569838689, 1.66979848713523
632746800       , -74283519590.1574, 137229197153.722, -2189771.46186819, -29825.6265048366, -5409.54335322194, 1.67639583339799
632750400       , -74390891942.9209, 137209722585.223, -2183724.72781732, -29825.6803738962, -5409.66143895511, 1.68288236256842
632754000       , -74498264487.3215, 137190247590.862, -2177654.84225826, -29825.7329696509, -5409.77994069124, 1.68925772572628
632757600       , -74605637218.7726, 137170772169.168, -2171562.20599002, -29825.7842906095, -5409.89884357795, 1.69552159172747
632761200       , -74713010132.6826, 137151296318.725, -2165447.22097195, -29825.8343354669, -5410.0181328081, 1.70167364706429
632764800       , -74820383224.4553, 137131820038.166, -2159310.2902605, -29825.8831031021, -5410.13779362231, 1.70771359572203
632768400       , -74927756489.4911, 137112343326.182, -2153151.8179465, -29825.9305925763, -5410.25781131132, 1.71364115903232
632772000       , -75035129923.1871, 137092866181.514, -2146972.20909297, -29825.9768031311, -5410.3781712183, 1.71945607552326
632775600       , -75142503520.9382, 137073388602.956, -2140771.86967354, -29826.0217341862, -5410.49885874118, 1.72515810076635
632779200       , -75249877278.1374, 137053910589.356, -2134551.20651131, -29826.0653853376, -5410.61985933486, 1.7307470072206 
632782800       , -75357251190.1765, 137034432139.611, -2128310.62721838, -29826.1077563554, -5410.74115851336, 1.73622258407377
632786400       , -75464625252.4469, 137014953252.673, -2122050.5401359, -29826.148847182, -5410.86274185195, 1.74158463708086
632790000       , -75571999460.3401, 136995473927.546, -2115771.35427471, -29826.1886579296, -5410.98459498921, 1.74683298840018
632793600       , -75679373809.2482, 136975994163.283, -2109473.47925665, -29826.2271888786, -5411.10670362902, 1.75196747642684
632797200       , -75786748294.5648, 136956513958.99 , -2103157.32525632, -29826.2644404749, -5411.22905354251, 1.75698795562411
632800800       , -75894122911.6851, 136937033313.825, -2096823.30294359, -29826.3004133284, -5411.35163056996, 1.76189429635244
632804400       , -76001497656.0071, 136917552226.994, -2090471.8234267, -29826.3351082103, -5411.4744206226, 1.76668638469661
632808000       , -76108872522.9318, 136898070697.757, -2084103.29819593, -29826.3685260513, -5411.59740968444, 1.7713641222908 
632811600       , -76216247507.8636, 136878588725.423, -2077718.13906795, -29826.4006679392, -5411.72058381394, 1.775927426142  
632815200       , -76323622606.2113, 136859106309.348, -2071316.7581308, -29826.4315351169, -5411.84392914572, 1.78037622845165
632818800       , -76430997813.3884, 136839623448.944, -2064899.56768952, -29826.4611289799, -5411.96743189215, 1.78471047643581
632822400       , -76538373124.8138, 136820140143.666, -2058466.98021242, -29826.4894510745, -5412.09107834492, 1.78893013214379
632826000       , -76645748535.912, 136800656393.024, -2052019.408278 , -29826.5165030954, -5412.21485487656, 1.79303517227557
632829600       , -76753124042.1142, 136781172196.571, -2045557.26452254, -29826.5422868834, -5412.33874794187, 1.79702558799794
632833200       , -76860499638.8581, 136761687553.915, -2039080.96158837, -29826.5668044233, -5412.46274407934, 1.80090138475957
632836800       , -76967875321.5891, 136742202464.706, -2032590.91207276, -29826.5900578415, -5412.58682991249, 1.80466258210509
632840400       , -77075251085.7603, 136722716928.648, -2026087.52847755, -29826.6120494042, -5412.71099215118, 1.80830921348829
632844000       , -77182626926.8334, 136703230945.487, -2019571.22315937, -29826.6327815146, -5412.83521759285, 1.81184132608456
632847600       , -77290002840.2789, 136683744515.021, -2013042.40828061, -29826.6522567112, -5412.95949312372, 1.81525898060267
632851200       , -77397378821.5766, 136664257637.092, -2006501.49576102, -29826.6704776651, -5413.08380571991, 1.81856225109596
632854800       , -77504754866.2163, 136644770311.591, -1999948.89723005, -29826.6874471782, -5413.20814244859, 1.82175122477308
632858400       , -77612130969.6981, 136625282538.453, -1993385.02397977, -29826.7031681807, -5413.33249046898, 1.82482600180834
632862000       , -77719507127.5327, 136605794317.661, -1986810.28691859, -29826.717643729, -5413.45683703337, 1.82778669515185
632865600       , -77826883335.2422, 136586305649.243, -1980225.09652559, -29826.7308770035, -5413.58116948809, 1.83063343033942
632869200       , -77934259588.3603, 136566816533.273, -1973629.86280553, -29826.7428713062, -5413.70547527437, 1.83336634530238
632872800       , -78041635882.4329, 136547326969.868, -1967024.99524462, -29826.7536300589, -5413.82974192923, 1.83598559017743
632876400       , -78149012213.0183, 136527836959.193, -1960410.90276687, -29826.7631568006, -5413.9539570863, 1.83849132711657
632880000       , -78256388575.6879, 136508346501.454, -1953787.99369122, -29826.7714551856, -5414.07810847656, 1.84088373009716
632883600       , -78363764966.0262, 136488855596.903, -1947156.67568927, -29826.778528981, -5414.20218392908, 1.84316298473233
632887200       , -78471141379.6317, 136469364245.835, -1940517.35574376, -29826.7843820649, -5414.3261713717, 1.8453292880816 
632890800       , -78578517812.1169, 136449872448.589, -1933870.4401077, -29826.7890184242, -5414.45005883166, 1.84738284846206
632894400       , -78685894259.1091, 136430380205.546, -1927216.33426418, -29826.7924421522, -5414.5738344362, 1.84932388525989
632898000       , -78793270716.2503, 136410887517.129, -1920555.44288685, -29826.7946574466, -5414.69748641311, 1.85115262874254
632901600       , -78900647179.1978, 136391394383.806, -1913888.16980109, -29826.7956686075, -5414.82100309123, 1.85286931987156
632905200       , -79008023643.6246, 136371900806.083, -1907214.91794586, -29826.7954800351, -5414.94437290094, 1.85447421011603
632908800       , -79115400105.2197, 136352406784.511, -1900536.08933619, -29826.7940962278, -5415.06758437457, 1.85596756126689
632912400       , -79222776559.6886, 136332912319.679, -1893852.08502634, -29826.79152178 , -5415.19062614682, 1.85734964525199
632916000       , -79330153002.7534, 136313417412.22 , -1887163.30507371, -29826.7877613802, -5415.31348695509, 1.85862074395214
632919600       , -79437529430.1532, 136293922062.804, -1880470.14850324, -29826.7828198085, -5415.43615563981, 1.85978114901806
632923200       , -79544905837.6445, 136274426272.143, -1873773.01327263, -29826.7767019353, -5415.5586211447, 1.86083116168835
632926800       , -79652282221.0015, 136254930040.989, -1867072.29623815, -29826.7694127187, -5415.68087251705, 1.86177109260858
632930400       , -79759658576.0165, 136235433370.131, -1860368.39312106, -29826.7609572026, -5415.80289890789, 1.86260126165145
632934000       , -79867034898.4999, 136215936260.399, -1853661.69847475, -29826.751340515, -5415.92468957219, 1.8633219977382 
632937600       , -79974411184.281, 136196438712.662, -1846952.60565248, -29826.7405678659, -5416.046233869 , 1.86393363866122
632941200       , -80081787429.2077, 136176940727.824, -1840241.50677573, -29826.7286445452, -5416.16752126154, 1.86443653090791
632944800       , -80189163629.1474, 136157442306.829, -1833528.79270326, -29826.715575921, -5416.28854131731, 1.86483102948595
632948400       , -80296539779.9865, 136137943450.66 , -1826814.85300072, -29826.7013674374, -5416.40928370809, 1.86511749774985
632952000       , -80403915877.6317, 136118444160.332, -1820100.07591091, -29826.6860246133, -5416.52973820999, 1.86529630722901
632955600       , -80511291918.0092, 136098944436.902, -1813384.84832467, -29826.6695530395, -5416.64989470339, 1.86536783745718
632959200       , -80618667897.0659, 136079444281.46 , -1806669.55575236, -29826.6519583779, -5416.76974317297, 1.86533247580341
632962800       , -80726043810.7687, 136059943695.133, -1799954.58229597, -29826.633246359, -5416.88927370756, 1.8651906173046 
632966400       , -80833419655.1058, 136040442679.083, -1793240.3106218, -29826.6134227804, -5417.00847650006, 1.86494266449953
632970000       , -80940795426.0859, 136020941234.507, -1786527.12193375, -29826.5924935048, -5417.12734184734, 1.86458902726458
632973600       , -81048171119.7393, 136001439362.638, -1779815.39594719, -29826.5704644586, -5417.24586015006, 1.86413012265101
632977200       , -81155546732.1175, 135981937064.742, -1773105.51086347, -29826.5473416299, -5417.36402191247, 1.86356637472397
632980800       , -81262922259.2937, 135962434342.119, -1766397.84334488, -29826.5231310666, -5417.48181774224, 1.86289821440316
632984400       , -81370297697.3632, 135942931196.104, -1759692.76849032, -29826.4978388753, -5417.59923835021, 1.86212607930527
632988000       , -81477673042.4431, 135923427628.064, -1752990.65981144, -29826.4714712193, -5417.71627455014, 1.86125041358805
632991600       , -81585048290.6729, 135903923639.4  , -1746291.88920938, -29826.4440343165, -5417.83291725844, 1.86027166779629
632995200       , -81692423438.2146, 135884419231.543, -1739596.82695205, -29826.4155344388, -5417.94915749385, 1.85919029870952
632998800       , -81799798481.2528, 135864914405.959, -1732905.84165197, -29826.3859779097, -5418.06498637714, 1.85800676919152
633002400       , -81907173415.9952, 135845409164.145, -1726219.30024461, -29826.3553711028, -5418.18039513075, 1.85672154804166
633006000       , -82014548238.6721, 135825903507.629, -1719537.56796729, -29826.3237204406, -5418.29537507847, 1.85533510984817
633009600       , -82121922945.5375, 135806397437.97 , -1712861.00833863, -29826.2910323928, -5418.40991764498, 1.85384793484314
633013200       , -82229297532.8683, 135786890956.757, -1706189.98313847, -29826.2573134747, -5418.52401435553, 1.85226050875954
633016800       , -82336671996.9653, 135767384065.611, -1699524.85238829, -29826.2225702459, -5418.63765683548, 1.85057332269005
633020400       , -82444046334.1528, 135747876766.183, -1692865.97433224, -29826.1868093086, -5418.75083680987, 1.8487868729478 
633024000       , -82551420540.7791, 135728369060.151, -1686213.70541852, -29826.1500373063, -5418.86354610297, 1.8469016609291 
633027600       , -82658794613.2162, 135708860949.225, -1679568.40028138, -29826.1122609226, -5418.97577663781, 1.844918192978  
633031200       , -82766168547.8605, 135689352435.143, -1672930.41172352, -29826.0734868794, -5419.08752043568, 1.84283698025291
633034800       , -82873542341.1326, 135669843519.672, -1666300.09069898, -29826.0337219359, -5419.19876961566, 1.84065853859501
633038400       , -82980915989.4775, 135650334204.605, -1659677.78629657, -29825.9929728869, -5419.30951639409, 1.83838338839876
633042000       , -83088289489.3647, 135630824491.766, -1653063.84572366, -29825.9512465619, -5419.419753084 , 1.83601205448429
633045600       , -83195662837.2883, 135611314383.004, -1646458.61429048, -29825.9085498235, -5419.52947209467, 1.83354506597176
633049200       , -83303036029.7672, 135591803880.197, -1639862.43539489, -29825.8648895661, -5419.63866593094, 1.83098295615769
633052800       , -83410409063.3452, 135572292985.248, -1633275.65050754, -29825.8202727151, -5419.74732719276, 1.82832626239325
633056400       , -83517781934.5912, 135552781700.089, -1626698.59915751, -29825.774706225, -5419.85544857456, 1.82557552596457
633060000       , -83625154640.0988, 135533270026.675, -1620131.61891831, -29825.7281970787, -5419.96302286462, 1.82273129197489
633063600       , -83732527176.4873, 135513757966.989, -1613575.04539443, -29825.6807522863, -5420.07004294456, 1.81979410922885
633067200       , -83839899540.401, 135494245523.039, -1607029.21220813, -29825.6323788834, -5420.17650178865, 1.81676453011857
633070800       , -83947271728.5094, 135474732696.858, -1600494.45098679, -29825.5830839309, -5420.28239246322, 1.81364311051186
633074400       , -84054643737.5079, 135455219490.504, -1593971.09135058, -29825.5328745131, -5420.38770812603, 1.81043040964222
633078000       , -84162015564.1171, 135435705906.058, -1587459.4609005, -29825.4817577367, -5420.49244202564, 1.80712699000096
633081600       , -84269387205.0833, 135416191945.627, -1580959.88520692, -29825.4297407304, -5420.59658750072, 1.80373341723113
633085200       , -84376758657.1786, 135396677611.342, -1574472.68779836, -29825.376830643, -5420.70013797945, 1.80025026002349
633088800       , -84484129917.2009, 135377162905.356, -1567998.1901507, -29825.3230346428, -5420.80308697882, 1.79667809001437
633092400       , -84591500981.9736, 135357647829.845, -1561536.71167681, -29825.2683599167, -5420.90542810397, 1.79301748168549
633096000       , -84698871848.3464, 135338132387.01 , -1555088.56971644, -29825.212813669, -5421.00715504755, 1.78926901226564
633099600       , -84806242513.1948, 135318616579.073, -1548654.07952652, -29825.1564031205, -5421.10826158896, 1.78543326163439
633103200       , -84913612973.4204, 135299100408.279, -1542233.55427176, -29825.0991355076, -5421.20874159375, 1.78151081222757
633106800       , -85020983225.9507, 135279583876.893, -1535827.30501568, -29825.0410180815, -5421.30858901286, 1.77750224894476
633110400       , -85128353267.7395, 135260066987.204, -1529435.64071183, -29824.982058107, -5421.40779788196, 1.77340815905858
633114000       , -85235723095.7668, 135240549741.521, -1523058.86819545, -29824.922262862, -5421.50636232076, 1.76922913212593
633117600       , -85343092707.0385, 135221032142.176, -1516697.2921754, -29824.8616396364, -5421.60427653228, 1.764965759901  
633121200       , -85450462098.5873, 135201514191.518, -1510351.2152264, -29824.8001957313, -5421.70153480212, 1.76061863625026
633124800       , -85557831267.4718, 135181995891.919, -1504020.93778155, -29824.7379384582, -5421.79813149782, 1.75618835706914
633128400       , -85665200210.7769, 135162477245.771, -1497706.75812523, -29824.6748751385, -5421.89406106809, 1.75167552020067
633132000       , -85772568925.6143, 135142958255.486, -1491408.97238618, -29824.6110131023, -5421.98931804211, 1.74708072535584
633135600       , -85879937409.1216, 135123438923.495, -1485127.87453094, -29824.5463596877, -5422.0838970288, 1.74240457403582
633139200       , -85987305658.4632, 135103919252.248, -1478863.75635753, -29824.4809222406, -5422.17779271614, 1.7376476694559 
633142800       , -86094673670.8297, 135084399244.214, -1472616.90748943, -29824.4147081132, -5422.27099987039, 1.73281061647131
633146400       , -86202041443.4384, 135064878901.881, -1466387.61536979, -29824.347724664, -5422.36351333544, 1.72789402150467
633150000       , -86309408973.533, 135045358227.756, -1460176.16525594, -29824.2799792567, -5422.45532803201, 1.72289849247526
633153600       , -86416776258.3836, 135025837224.364, -1453982.84021409, -29824.2114792597, -5422.546438957 , 1.71782463873003
633157200       , -86524143295.287, 135006315894.246, -1447807.92111436, -29824.1422320455, -5422.6368411827, 1.71267307097622
633160800       , -86631510081.5665, 134986794239.964, -1441651.68662593, -29824.0722449902, -5422.72652985614, 1.70744440121584
633164400       , -86738876614.572, 134967272264.093, -1435514.41321258, -29824.0015254724, -5422.8155001983, 1.70213924268165
633168000       , -86846242891.6798, 134947749969.23 , -1429396.37512831, -29823.9300808734, -5422.90374750344, 1.69675820977493
633171600       , -86953608910.293, 134928227357.984, -1423297.84441327, -29823.8579185758, -5422.99126713834, 1.69130191800485
633175200       , -87060974667.8412, 134908704432.985, -1417219.09088987, -29823.7850459638, -5423.07805454163, 1.68577098392948
633178800       , -87168340161.7804, 134889181196.876, -1411160.38215911, -29823.7114704219, -5423.16410522301, 1.6801660250984 
633182400       , -87275705389.5935, 134869657652.317, -1405121.98359711, -29823.6371993349, -5423.24941476261, 1.67448765999691
633186000       , -87383070348.7898, 134850133801.984, -1399104.15835183, -29823.5622400874, -5423.33397881022, 1.66873650799183
633189600       , -87490435036.9052, 134830609648.569, -1393107.16734003, -29823.4866000629, -5423.4177930846, 1.66291318927885
633193200       , -87597799451.5022, 134811085194.779, -1387131.26924431, -29823.4102866438, -5423.50085337276, 1.65701832483143
633196800       , -87705163590.1698, 134791560443.335, -1381176.72051048, -29823.3333072108, -5423.5831555293, 1.65105253635124
633200400       , -87812527450.5238, 134772035396.974, -1375243.77534496, -29823.2556691424, -5423.66469547565, 1.64501644622005
633204000       , -87919891030.2061, 134752510058.447, -1369332.68571245, -29823.1773798146, -5423.74546919941, 1.63891067745321
633207600       , -88027254326.8858, 134732984430.52 , -1363443.70133372, -29823.0984466004, -5423.82547275364, 1.63273585365448
633211200       , -88134617338.2579, 134713458515.972, -1357577.06968357, -29823.0188768696, -5423.90470225618, 1.62649259897245
633214800       , -88241980062.0442, 134693932317.597, -1351733.03598897, -29822.9386779881, -5423.98315388894, 1.62018153805827
633218400       , -88349342495.9932, 134674405838.202, -1345911.84322727, -29822.8578573181, -5424.06082389727, 1.61380329602491
633222000       , -88456704637.8796, 134654879080.607, -1340113.73212465, -29822.7764222172, -5424.13770858921, 1.6073584984077 
633225600       , -88564066485.5047, 134635352047.647, -1334338.94115469, -29822.6943800383, -5424.21380433488, 1.60084777112638
633229200       , -88671428036.6962, 134615824742.167, -1328587.70653697, -29822.6117381294, -5424.28910756575, 1.59427174044843
633232800       , -88778789289.3083, 134596297167.027, -1322860.26223599, -29822.5285038334, -5424.36361477405, 1.58763103295377
633236400       , -88886150241.2217, 134576769325.1  , -1317156.83996  , -29822.4446844873, -5424.43732251205, 1.58092627550079
633240000       , -88993510890.3434, 134557241219.269, -1311477.66916015, -29822.3602874226, -5424.51022739141, 1.57415809519367
633243600       , -89100871234.6067, 134537712852.43 , -1305822.97702959, -29822.2753199645, -5424.58232608258, 1.56732711935105
633247200       , -89208231271.9714, 134518184227.492, -1300192.98850279, -29822.1897894321, -5424.65361531409, 1.56043397547591
633250800       , -89315591000.4237, 134498655347.375, -1294587.92625493, -29822.1037031377, -5424.72409187198, 1.55347929122671
633254400       , -89422950417.9759, 134479126215.01 , -1289008.01070138, -29822.0170683873, -5424.7937525991, 1.54646369438983
633258000       , -89530309522.6667, 134459596833.339, -1283453.45999728, -29821.9298924796, -5424.86259439454, 1.53938781285315
633261600       , -89637668312.5611, 134440067205.316, -1277924.49003724, -29821.8421827062, -5424.93061421298, 1.53225227458088
633265200       , -89745026785.7503, 134420537333.907, -1272421.31445507, -29821.7539463517, -5424.99780906407, 1.52505770758957
633268800       , -89852384940.3516, 134401007222.085, -1266944.14462371, -29821.665190693, -5425.06417601186, 1.51780473992528
633272400       , -89959742774.5088, 134381476872.836, -1261493.18965506, -29821.5759229993, -5425.12971217414, 1.51049399964187
633276000       , -90067100286.3915, 134361946289.157, -1256068.65640007, -29821.4861505324, -5425.19441472191, 1.50312611478049
633279600       , -90174457474.1956, 134342415474.054, -1250670.74944881, -29821.3958805459, -5425.25828087875, 1.4957017133501 
633283200       , -90281814336.1431, 134322884430.542, -1245299.67113057, -29821.3051202856, -5425.32130792022, 1.48822142330915
633286800       , -90389170870.482, 134303353161.647, -1239955.62151413, -29821.2138769892, -5425.38349317335, 1.48068587254831
633290400       , -90496527075.4865, 134283821670.404, -1234638.798408 , -29821.122157886, -5425.44483401601, 1.47309568887425
633294000       , -90603882949.4565, 134264289959.859, -1229349.39736076, -29821.0299701974, -5425.50532787637, 1.46545149999452
633297600       , -90711238490.7182, 134244758033.063, -1224087.61166145, -29820.937321136, -5425.56497223237, 1.45775393350335
633301200       , -90818593697.6237, 134225225893.081, -1218853.63233998, -29820.8442179063, -5425.62376461113, 1.45000361686859
633304800       , -90925948568.5508, 134205693542.983, -1213647.64816764, -29820.7506677043, -5425.68170258843, 1.44220117741955
633308400       , -91033303101.9034, 134186160985.85 , -1208469.84565758, -29820.6566777174, -5425.73878378819, 1.43434724233582
633312000       , -91140657296.1112, 134166628224.771, -1203320.40906541, -29820.5622551245, -5425.79500588191, 1.42644243863714
633315600       , -91248011149.6298, 134147095262.842, -1198199.52038977, -29820.4674070957, -5425.8503665882, 1.41848739317406
633319200       , -91355364660.9404, 134127562103.168, -1193107.35937292, -29820.3721407929, -5425.90486367223, 1.41048273261967
633322800       , -91462717828.5501, 134108028748.862, -1188044.10350147, -29820.2764633691, -5425.95849494523, 1.40242908346218
633326400       , -91570070650.9919, 134088495203.046, -1183009.928007 , -29820.1803819688, -5426.01125826403, 1.39432707199835
633330000       , -91677423126.8241, 134068961468.847, -1178005.00586677, -29820.0839037278, -5426.06315153053, 1.3861773243279 
633333600       , -91784775254.631, 134049427549.401, -1173029.50780445, -29819.9870357734, -5426.11417269123, 1.37798046634869
633337200       , -91892127033.0226, 134029893447.852, -1168083.60229084, -29819.8897852245, -5426.1643197368, 1.36973712375278
633340800       , -91999478460.6341, 134010359167.35 , -1163167.45554462, -29819.7921591911, -5426.21359070153, 1.36144792202332
633344400       , -92106829536.1267, 133990824711.053, -1158281.23153313, -29819.694164775, -5426.26198366297, 1.35311348643227
633348000       , -92214180258.1869, 133971290082.124, -1153425.09197309, -29819.5958090695, -5426.30949674142, 1.34473444203888
633351600       , -92321530625.5269, 133951755283.734, -1148599.19633141, -29819.4970991594, -5426.35612809949, 1.33631141368899
633355200       , -92428880636.8843, 133932220319.062, -1143803.70182593, -29819.3980421214, -5426.40187594172, 1.32784502601508
633358800       , -92536230291.0221, 133912685191.29 , -1139038.7634262, -29819.2986450238, -5426.44673851409, 1.31933590343708
633362400       , -92643579586.7289, 133893149903.609, -1134304.53385423, -29819.1989149267, -5426.49071410365, 1.31078467016388
633366000       , -92750928522.8185, 133873614459.215, -1129601.16358526, -29819.0988588822, -5426.53380103808, 1.30219195019567
633369600       , -92858277098.1301, 133854078861.31 , -1124928.80084851, -29818.9984839343, -5426.57599768533, 1.29355836732684
633373200       , -92965625311.5285, 133834543113.102, -1120287.59162788, -29818.8977971191, -5426.61730245319, 1.28488454514969
633376800       , -93072973161.9036, 133815007217.804, -1115677.67966272, -29818.7968054651, -5426.65771378892, 1.27617110705877
633380400       , -93180320648.1705, 133795471178.636, -1111099.2064485, -29818.6955159928, -5426.69723017889, 1.26741867625588
633384000       , -93287667769.2698, 133775934998.823, -1106552.3112375, -29818.5939357154, -5426.73585014819, 1.25862787575577
633387600       , -93395014524.1671, 133756398681.593, -1102037.13103948, -29818.4920716384, -5426.77357226028, 1.2497993283924 
633391200       , -93502360911.8534, 133736862230.182, -1097553.80062231, -29818.38993076 , -5426.81039511667, 1.24093365682586
633394800       , -93609706931.3448, 133717325647.829, -1093102.45251257, -29818.2875200715, -5426.84631735652, 1.23203148354995
633398400       , -93717052581.6825, 133697788937.779, -1088683.21699617, -29818.1848465566, -5426.88133765636, 1.22309343090024
633402000       , -93824397861.933, 133678252103.281, -1084296.22211889, -29818.0819171926, -5426.91545472973, 1.21412012106283
633405600       , -93931742771.1877, 133658715147.59 , -1079941.59368686, -29817.9787389497, -5426.9486673269, 1.20511217608357
633409200       , -94039087308.5631, 133639178073.964, -1075619.45526713, -29817.8753187915, -5426.98097423453, 1.19607021787795
633412800       , -94146431473.201, 133619640885.664, -1071329.92818802, -29817.7716636753, -5427.01237427538, 1.1869948682414 
633416400       , -94253775264.268, 133600103585.958, -1067073.13153964, -29817.6677805518, -5427.04286630804, 1.17788674886022
633420000       , -94361118680.9557, 133580566178.117, -1062849.18217418, -29817.5636763659, -5427.07244922662, 1.16874648132301
633423600       , -94468461722.4809, 133561028665.416, -1058658.19470626, -29817.4593580562, -5427.10112196049, 1.1595746871325 
633427200       , -94575804388.0851, 133541491051.133, -1054500.28151325, -29817.3548325556, -5427.12888347403, 1.15037198771804
633430800       , -94683146677.0349, 133521953338.55 , -1050375.55273547, -29817.2501067916, -5427.15573276634, 1.14113900444841
633434400       , -94790488588.622, 133502415530.953, -1046284.11627641, -29817.1451876858, -5427.18166887102, 1.13187635864514
633438000       , -94897830122.1626, 133482877631.631, -1042226.07780286, -29817.040082155, -5427.20669085593, 1.12258467159636
633441600       , -95005171276.9981, 133463339643.877, -1038201.54074503, -29816.9347971106, -5427.23079782296, 1.11326456457097
633445200       , -95112512052.4946, 133443801570.986, -1034210.60629655, -29816.8293394593, -5427.25398890779, 1.10391665883327
633448800       , -95219852448.0433, 133424263416.257, -1030253.37341449, -29816.7237161029, -5427.2762632797, 1.09454157565807
633452400       , -95327192463.06 , 133404725182.991, -1026329.93881931, -29816.617933939, -5427.29762014136, 1.08513993634608
633456000       , -95434532096.9854, 133385186874.493, -1022440.39699468, -29816.5119998607, -5427.31805872863, 1.07571236223982
633459600       , -95541871349.285, 133365648494.071, -1018584.84018738, -29816.405920757, -5427.33757831037, 1.06625947473976
633463200       , -95649210219.4491, 133346110045.033, -1014763.35840699, -29816.2997035132, -5427.3561781883, 1.05678189532098
633466800       , -95756548706.9928, 133326571530.692, -1010976.03942562, -29816.1933550107, -5427.37385769676, 1.04728024555002
633470400       , -95863886811.4559, 133307032954.363, -1007222.96877756, -29816.0868821276, -5427.39061620263, 1.03775514710223
633474000       , -95971224532.4031, 133287494319.362, -1003504.22975885, -29815.9802917387, -5427.40645310513, 1.02820722177929
633477600       , -96078561869.4236, 133267955629.007, -999819.90342678, -29815.8735907158, -5427.42136783566, 1.01863709152718
633481200       , -96185898822.1317, 133248416886.621, -996170.068599352, -29815.7667859278, -5427.43535985774, 1.00904537845436
633484800       , -96293235390.166, 133228878095.524, -992554.801854656, -29815.6598842412, -5427.44842866682, 0.999432704850296
633488400       , -96400571573.1902, 133209339259.043, -988974.177530188, -29815.5528925198, -5427.46057379018, 0.989799693204215
633492000       , -96507907370.8924, 133189800380.502, -985428.267722092, -29815.4458176256, -5427.47179478683, 0.980146966224194
633495600       , -96615242782.9855, 133170261463.23 , -981917.142284341, -29815.3386664184, -5427.48209124742, 0.97047514685644
633499200       , -96722577809.2072, 133150722510.555, -978440.868827846, -29815.2314457565, -5427.49146279412, 0.960784858304864
633502800       , -96829912449.3199, 133131183525.808, -974999.512719487, -29815.1241624967, -5427.49990908059, 0.951076724050855
633506400       , -96937246703.1103, 133111644512.32 , -971593.137081083, -29815.0168234945, -5427.50742979185, 0.941351367873292
633510000       , -97044580570.3904, 133092105473.424, -968221.802788283, -29814.9094356043, -5427.51402464426, 0.931609413868761
633513600       , -97151914050.9962, 133072566412.454, -964885.568469388, -29814.8020056798, -5427.51969338543, 0.921851486471972
633517200       , -97259247144.789, 133053027332.744, -961584.490504091, -29814.6945405744, -5427.52443579423, 0.912078210476363
633520800       , -97366579851.6544, 133033488237.628, -958318.623022154, -29814.5870471407, -5427.52825168068, 0.902290211054879
633524400       , -97473912171.5027, 133013949130.443, -955088.017902  , -29814.4795322317, -5427.53114088599, 0.892488113780916
633528000       , -97581244104.2689, 132994410014.526, -951892.724769239, -29814.3720027001, -5427.53310328249, 0.882672544649411
633531600       , -97688575649.9128, 132974870893.212, -948732.790995105, -29814.2644653993, -5427.53413877366, 0.872844130098088
633535200       , -97795906808.4187, 132955331769.839, -945608.261694829, -29814.1569271833, -5427.53424729411, 0.863003497028819
633538800       , -97903237579.7956, 132935792647.744, -942519.179725926, -29814.0493949067, -5427.53342880956, 0.853151272829109
633542400       , -98010567964.0774, 132916253530.264, -939465.585686411, -29813.9418754255, -5427.53168331692, 0.843288085393692
633546000       , -98117897961.3223, 132896714420.737, -936447.517912932, -29813.8343755968, -5427.52901084427, 0.833414563146214
633549600       , -98225227571.6135, 132877175322.498, -933465.012478827, -29813.7269022793, -5427.52541145089, 0.823531335061006
633553200       , -98332556795.0587, 132857636238.886, -930518.103192103, -29813.6194623335, -5427.52088522733, 0.813639030684931
633556800       , -98439885631.7906, 132838097173.237, -927606.821593334, -29813.5120626219, -5427.51543229545, 0.803738280159283
633560400       , -98547214081.9662, 132818558128.886, -924731.196953482, -29813.4047100092, -5427.50905280847, 0.793829714241748
633564000       , -98654542145.7674, 132799019109.168, -921891.256271642, -29813.2974113627, -5427.50174695106, 0.783913964328391
633567600       , -98761869823.401, 132779480117.419, -919087.024272696, -29813.1901735523, -5427.49351493941, 0.773991662475677
633571200       , -98869197115.0982, 132759941156.972, -916318.523404906, -29813.0830034509, -5427.4843570213, 0.764063441422505
633574800       , -98976524021.1153, 132740402231.159, -913585.773837408, -29812.9759079344, -5427.47427347622, 0.754129934612245
633578400       , -99083850541.7331, 132720863343.313, -910888.793457645, -29812.8688938823, -5427.46326461548, 0.744191776214762
633582000       , -99191176677.2573, 132701324496.764, -908227.597868705, -29812.7619681775, -5427.45133078228, 0.734249601148428
633585600       , -99298502428.0183, 132681785694.841, -905602.200386591, -29812.6551377069, -5427.4384723519, 0.724304045102091
633589200       , -99405827794.3713, 132662246940.872, -903012.612037404, -29812.5484093614, -5427.42468973175, 0.714355744557013
633592800       , -99513152776.6965, 132642708238.183, -900458.841554457, -29812.4417900361, -5427.4099833616, 0.704405336808739
633596400       , -99620477375.3987, 132623169590.1  , -897940.895375297, -29812.3352866306, -5427.39435371366, 0.694453459988902
633600000       , -99727801590.9077, 132603630999.944, -895458.777638662, -29812.2289060493, -5427.37780129276, 0.684500753086957
633603600       , -99835125423.6779, 132584092471.037, -893012.490181352, -29812.1226552014, -5427.36032663653, 0.674547855971808
633607200       , -99942448874.1891, 132564554006.698, -890602.03253502, -29812.0165410013, -5427.34193031555, 0.664595409413336
633610800       , -100049771942.945, 132545015610.244, -888227.401922896, -29811.9105703688, -5427.32261293356, 0.654644055103818
633614400       , -100157094630.476, 132525477284.99 , -885888.593256427, -29811.8047502289, -5427.30237512764, 0.644694435679204
633618000       , -100264416937.336, 132505939034.247, -883585.599131837, -29811.6990875128, -5427.28121756842, 0.634747194740261
633621600       , -100371738864.104, 132486400861.326, -881318.409826622, -29811.5935891572, -5427.25914096027, 0.62480297687356
633625200       , -100479060411.383, 132466862769.534, -879087.013295958, -29811.4882621053, -5427.23614604155, 0.614862427672294
633628800       , -100586381579.805, 132447324762.176, -876891.395169044, -29811.3831133064, -5427.21223358481, 0.604926193756921
633632400       , -100693702370.022, 132427786842.552, -874731.538745367, -29811.2781497163, -5427.18740439706, 0.594994922795606
633636000       , -100801022782.713, 132408249013.963, -872607.424990889, -29811.1733782977, -5427.16165931997, 0.585069263524466
633639600       , -100908342818.584, 132388711279.703, -870519.032534171, -29811.06880602 , -5427.13499923018, 0.575149865767597
633643200       , -101015662478.364, 132369173643.065, -868466.337662422, -29810.9644398597, -5427.10742503952, 0.565237380456856
633646800       , -101122981762.807, 132349636107.339, -866449.314317468, -29810.8602868005, -5427.07893769528, 0.555332459651414
633650400       , -101230300672.693, 132330098675.809, -864467.934091667, -29810.7563538337, -5427.04953818055, 0.545435756557037
633654000       , -101337619208.827, 132310561351.757, -862522.166223745, -29810.6526479578, -5427.01922751443, 0.535547925545107
633657600       , -101444937372.039, 132291024138.463, -860611.977594561, -29810.5491761795, -5426.98800675239, 0.525669622171347
633661200       , -101552255163.185, 132271487039.199, -858737.332722816, -29810.445945513, -5426.95587698654, 0.515801503194247
633664800       , -101659572583.145, 132251950057.238, -856898.193760689, -29810.3429629807, -5426.92283934597, 0.505944226593184
633668400       , -101766889632.825, 132232413195.844, -855094.520489407, -29810.2402356132, -5426.88889499704, 0.496098451586206
633672000       , -101874206313.156, 132212876458.28 , -853326.270314758, -29810.1377704493, -5426.85404514377, 0.486264838647478
633675600       , -101981522625.095, 132193339847.804, -851593.398262536, -29810.0355745366, -5426.81829102813, 0.476444049524367
633679200       , -102088838569.624, 132173803367.669, -849895.856973926, -29809.9336549309, -5426.78163393041, 0.466636747254162
633682800       , -102196154147.75, 132154267021.122, -848233.596700833, -29809.832018697, -5426.74407516957, 0.456843596180407
633686400       , -102303469360.507, 132134730811.408, -846606.565301152, -29809.7306729084, -5426.70561610363, 0.447065261968823
633690000       , -102410784208.952, 132115194741.765, -845014.708233976, -29809.6296246477, -5426.66625813002, 0.437302411622832
633693600       , -102518098694.17, 132095658815.426, -843457.968554756, -29809.5288810064, -5426.62600268598, 0.427555713498634
633697200       , -102625412817.27, 132076123035.621, -841936.286910403, -29809.4284490854, -5426.58485124895, 0.417825837319845
633700800       , -102732726579.386, 132056587405.571, -840449.60153434, -29809.3283359948, -5426.54280533695, 0.408113454191676
633704400       , -102840039981.68, 132037051928.494, -838997.848241506, -29809.2285488539, -5426.49986650902, 0.398419236614627
633708000       , -102947353025.338, 132017516607.601, -837580.960423304, -29809.1290947916, -5426.45603636565, 0.388743858497694
633711600       , -103054665711.571, 131997981446.099, -836198.869042513, -29809.0299809465, -5426.41131654914, 0.379087995171063
633715200       , -103161978041.617, 131978446447.188, -834851.502628143, -29808.9312144664, -5426.36570874411, 0.369452323398279
633718800       , -103269290016.74, 131958911614.06 , -833538.787270262, -29808.8328025091, -5426.31921467789, 0.359837521387873
633722400       , -103376601638.229, 131939376949.903, -832260.646614767, -29808.7347522419, -5426.271836121 , 0.350244268804433
633726000       , -103483912907.399, 131919842457.899, -831017.001858126, -29808.6370708421, -5426.22357488761, 0.340673246779096
633729600       , -103591223825.591, 131900308141.221, -829807.77174208, -29808.5397654967, -5426.17443283598, 0.331125137919446
633733200       , -103698534394.171, 131880774003.037, -828632.872548313, -29808.4428434025, -5426.12441186895, 0.321600626318809
633736800       , -103805844614.532, 131861240046.508, -827492.218093084, -29808.3463117661, -5426.07351393445, 0.312100397564923
633740400       , -103913154488.093, 131841706274.787, -826385.719721833, -29808.2501778042, -5426.02174102595, 0.302625138747946
633744000       , -104020464016.298, 131822172691.02 , -825313.286303763, -29808.1544487433, -5425.96909518299, 0.293175538467824
633747600       , -104127773200.618, 131802639298.347, -824274.824226386, -29808.0591318198, -5425.91557849166, 0.28375228684097
633751200       , -104235082042.55, 131783106099.898, -823270.237390059, -29807.9642342798, -5425.86119308514, 0.274356075506239
633754800       , -104342390543.617, 131763573098.796, -822299.427202488, -29807.8697633797, -5425.8059411442, 0.264987597630195
633758400       , -104449698705.367, 131744040298.159, -821362.292573226, -29807.7757263853, -5425.74982489776, 0.255647547911644
633762000       , -104557006529.376, 131724507701.092, -820458.729908144, -29807.6821305724, -5425.69284662341, 0.246336622585404
633765600       , -104664314017.246, 131704975310.695, -819588.633103898, -29807.5889832267, -5425.63500864794, 0.23705551942531
633769200       , -104771621170.602, 131685443130.058, -818751.893542387, -29807.4962916434, -5425.57631334793, 0.227804937746429
633772800       , -104878927991.101, 131665911162.264, -817948.400085196, -29807.4040631275, -5425.51676315027, 0.218585578406459
633776400       , -104986234480.421, 131646379410.386, -817178.039068048, -29807.3123049933, -5425.45636053275, 0.209398143806299
633780000       , -105093540640.27, 131626847877.488, -816440.694295242, -29807.2210245649, -5425.39510802467, 0.200243337889774
633783600       , -105200846472.38, 131607316566.625, -815736.247034106, -29807.1302291756, -5425.33300820732, 0.191121866142483
633787200       , -105308151978.511, 131587785480.843, -815064.576009446, -29807.0399261682, -5425.2700637147, 0.18203443558976
633790800       , -105415457160.448, 131568254623.177, -814425.557398011, -29806.9501228943, -5425.206277234 , 0.172981754793726
633794400       , -105522762020.005, 131548723996.654, -813819.064822964, -29806.8608267148, -5425.14165150627, 0.16396453384941
633798000       , -105630066559.018, 131529193604.29 , -813244.969348376, -29806.7720449995, -5425.07618932704, 0.154983484379915
633801600       , -105737370779.355, 131509663449.091, -812703.139473732, -29806.6837851268, -5425.00989354686, 0.146039319530618
633805200       , -105844674682.906, 131490133534.053, -812193.441128462, -29806.5960544839, -5424.942767072 , 0.137132753962373
633808800       , -105951978271.591, 131470603862.161, -811715.737666502, -29806.5088604661, -5424.87481286506, 0.128264503843696
633812400       , -106059281547.354, 131451074436.39 , -811269.889860881, -29806.4222104772, -5424.80603394557, 0.11943528684192
633816000       , -106166584512.168, 131431545259.703, -810855.755898342, -29806.3361119288, -5424.73643339067, 0.110645822113294
633819600       , -106273887168.031, 131412016335.052, -810473.191374002, -29806.2505722405, -5424.66601433576, 0.10189683029199
633823200       , -106381189516.968, 131392487665.378, -810122.049286052, -29806.1655988394, -5424.59477997512, 0.0931890334780269
633826800       , -106488491561.031, 131372959253.611, -809802.180030504, -29806.0811991599, -5424.5227335626, 0.0845231552240552
633830400       , -106595793302.299, 131353431102.667, -809513.431395989, -29805.9973806434, -5424.44987841226, 0.075899920521004
