631152000       , -8377752866.82309, -67982947032.9277, -4926303629.35919, 38618.77538491  , -2991.65141150486, -3787.80364181482
631155600       , -8238725275.11634, -67993716979.6001, -4939939722.45414, 38618.7755632581, -2991.65229540139, -3787.80363314981
631159200       , -8099697682.76781, -68004486929.4546, -4953575815.51784, 38618.7757414566, -2991.65317930353, -3787.80362445926
631162800       , -7960670089.77804, -68015256882.4911, -4967211908.55021, 38618.7759195053, -2991.65406321141, -3787.80361574316
631166400       , -7821642496.14755, -68026026838.7097, -4980848001.55116, 38618.7760974037, -2991.65494712514, -3787.80360700149
631170000       , -7682614901.87691, -68036796798.1104, -4994484094.52059, 38618.7762751515, -2991.65583104486, -3787.80359823425
631173600       , -7543587306.96664, -68047566760.6932, -5008120187.45842, 38618.7764527483, -2991.65671497071, -3787.8035894414
631177200       , -7404559711.4173, -68058336726.4582, -5021756280.36454, 38618.7766301937, -2991.65759890281, -3787.80358062295
631180800       , -7265532115.22943, -68069106695.4053, -5035392373.23887, 38618.7768074874, -2991.6584828413, -3787.80357177886
631184400       , -7126504518.40358, -68079876667.5347, -5049028466.08132, 38618.776984629 , -2991.65936678632, -3787.80356290913
631188000       , -6987476920.94029, -68090646642.8462, -5062664558.89179, 38618.777161618 , -2991.66025073801, -3787.80355401374
631191600       , -6848449322.84011, -68101416621.34 , -5076300651.67019, 38618.7773384542, -2991.66113469649, -3787.80354509267
631195200       , -6709421724.1036, -68112186603.016, -5089936744.41642, 38618.7775151372, -2991.66201866193, -3787.80353614592
631198800       , -6570394124.73131, -68122956587.8744, -5103572837.1304, 38618.7776916665, -2991.66290263445, -3787.80352717345
631202400       , -6431366524.72379, -68133726575.915, -5117208929.81204, 38618.7778680419, -2991.6637866142, -3787.80351817527
631206000       , -6292338924.08159, -68144496567.138, -5130845022.46124, 38618.7780442629, -2991.66467060133, -3787.80350915135
631209600       , -6153311322.80528, -68155266561.5433, -5144481115.0779, 38618.7782203291, -2991.66555459599, -3787.80350010168
631213200       , -6014283720.89541, -68166036559.1311, -5158117207.66194, 38618.7783962403, -2991.66643859832, -3787.80349102624
631216800       , -5875256118.35254, -68176806559.9012, -5171753300.21326, 38618.778571996 , -2991.66732260848, -3787.80348192502
631220400       , -5736228515.17722, -68187576563.8539, -5185389392.73177, 38618.7787475958, -2991.66820662662, -3787.80347279801
631224000       , -5597200911.37003, -68198346570.989, -5199025485.21737, 38618.7789230395, -2991.66909065289, -3787.80346364519
631227600       , -5458173306.93153, -68209116581.3066, -5212661577.66998, 38618.7790983265, -2991.66997468745, -3787.80345446655
631231200       , -5319145701.86227, -68219886594.8067, -5226297670.0895, 38618.7792734566, -2991.67085873046, -3787.80344526207
631234800       , -5180118096.16283, -68230656611.4894, -5239933762.47584, 38618.7794484293, -2991.67174278207, -3787.80343603173
631238400       , -5041090489.83377, -68241426631.3548, -5253569854.8289, 38618.7796232443, -2991.67262684245, -3787.80342677554
631242000       , -4902062882.87566, -68252196654.4027, -5267205947.14859, 38618.7797979012, -2991.67351091176, -3787.80341749346
631245600       , -4763035275.28907, -68262966680.6333, -5280842039.43482, 38618.7799723997, -2991.67439499016, -3787.80340818549
631249200       , -4624007667.07457, -68273736710.0467, -5294478131.68749, 38618.7801467394, -2991.67527907782, -3787.80339885161
631252800       , -4484980058.23274, -68284506742.6427, -5308114223.90652, 38618.7803209198, -2991.6761631749, -3787.80338949181
631256400       , -4345952448.76414, -68295276778.4215, -5321750316.0918, 38618.7804949407, -2991.67704728158, -3787.80338010608
631260000       , -4206924838.66935, -68306046817.3832, -5335386408.24325, 38618.7806688017, -2991.67793139802, -3787.8033706944
631263600       , -4067897227.94896, -68316816859.5276, -5349022500.36077, 38618.7808425023, -2991.6788155244, -3787.80336125676
631267200       , -3928869616.60353, -68327586904.8549, -5362658592.44427, 38618.7810160423, -2991.67969966089, -3787.80335179315
631270800       , -3789842004.63365, -68338356953.3652, -5376294684.49365, 38618.7811894212, -2991.68058380767, -3787.80334230356
631274400       , -3650814392.03989, -68349127005.0584, -5389930776.50882, 38618.7813626387, -2991.68146796491, -3787.80333278796
631278000       , -3511786778.82284, -68359897059.9345, -5403566868.48969, 38618.7815356944, -2991.6823521328, -3787.80332324636
631281600       , -3372759164.98309, -68370667117.9937, -5417202960.43617, 38618.7817085879, -2991.6832363115, -3787.80331367873
631285200       , -3233731550.52121, -68381437179.236, -5430839052.34815, 38618.7818813189, -2991.68412050121, -3787.80330408506
631288800       , -3094703935.43779, -68392207243.6614, -5444475144.22555, 38618.782053887 , -2991.68500470211, -3787.80329446535
631292400       , -2955676319.73342, -68402977311.2699, -5458111236.06827, 38618.7822262918, -2991.68588891438, -3787.80328481958
631296000       , -2816648703.40868, -68413747382.0616, -5471747327.87622, 38618.7823985329, -2991.68677313822, -3787.80327514773
631299600       , -2677621086.46417, -68424517456.0365, -5485383419.6493, 38618.7825706101, -2991.6876573738, -3787.8032654498
631303200       , -2538593468.90049, -68435287533.1947, -5499019511.38742, 38618.7827425229, -2991.68854162132, -3787.80325572578
631306800       , -2399565850.71821, -68446057613.5362, -5512655603.0905, 38618.7829142709, -2991.68942588098, -3787.80324597564
631310400       , -2260538231.91793, -68456827697.061, -5526291694.75842, 38618.7830858539, -2991.69031015296, -3787.80323619939
631314000       , -2121510612.50026, -68467597783.7693, -5539927786.3911, 38618.7832572713, -2991.69119443745, -3787.80322639701
631317600       , -1982482992.46578, -68478367873.661, -5553563877.98844, 38618.7834285229, -2991.69207873467, -3787.80321656849
631321200       , -1843455371.81509, -68489137966.7362, -5567199969.55036, 38618.7835996083, -2991.6929630448, -3787.80320671381
631324800       , -1704427750.5488, -68499908062.9949, -5580836061.07675, 38618.7837705271, -2991.69384736804, -3787.80319683297
631328400       , -1565400128.6675, -68510678162.4372, -5594472152.56753, 38618.7839412789, -2991.6947317046, -3787.80318692596
631332000       , -1426372506.17179, -68521448265.0632, -5608108244.02259, 38618.7841118635, -2991.69561605469, -3787.80317699276
631335600       , -1287344883.06228, -68532218370.8729, -5621744335.44184, 38618.7842822803, -2991.69650041849, -3787.80316703336
631339200       , -1148317259.33958, -68542988479.8662, -5635380426.8252, 38618.7844525292, -2991.69738479623, -3787.80315704776
631342800       , -1009289635.00427, -68553758592.0434, -5649016518.17256, 38618.7846226096, -2991.69826918811, -3787.80314703595
631346400       , -870262010.056989, -68564528707.4044, -5662652609.48383, 38618.7847925212, -2991.69915359434, -3787.8031369979
631350000       , -731234384.498325, -68575298825.9493, -5676288700.75891, 38618.7849622637, -2991.70003801512, -3787.80312693362
631353600       , -592206758.328893, -68586068947.6781, -5689924791.99772, 38618.7851318368, -2991.70092245069, -3787.8031168431
631357200       , -453179131.549304, -68596839072.591, -5703560883.20015, 38618.7853012399, -2991.70180690124, -3787.80310672631
631360800       , -314151504.16017, -68607609200.6879, -5717196974.36611, 38618.7854704729, -2991.70269136699, -3787.80309658327
631364400       , -175123876.162104, -68618379331.9688, -5730833065.49552, 38618.7856395352, -2991.70357584817, -3787.80308641394
631368000       , -36096247.5557215, -68629149466.434, -5744469156.58826, 38618.7858084266, -2991.70446034499, -3787.80307621834
631371600       , 102931381.658362, -68639919604.0833, -5758105247.64426, 38618.7859771467, -2991.70534485767, -3787.80306599643
631375200       , 241959011.479529, -68650689744.917, -5771741338.6634, 38618.7861456952, -2991.70622938644, -3787.80305574823
631378800       , 380986641.907161, -68661459888.9349, -5785377429.64561, 38618.7863140716, -2991.70711393151, -3787.80304547371
631382400       , 520014272.940638, -68672230036.1373, -5799013520.59078, 38618.7864822756, -2991.70799849313, -3787.80303517288
631386000       , 659041904.579338, -68683000186.5241, -5812649611.49882, 38618.7866503069, -2991.70888307151, -3787.80302484571
631389600       , 798069536.82264 , -68693770340.0954, -5826285702.36964, 38618.7868181652, -2991.70976766688, -3787.80301449221
631393200       , 937097169.669919, -68704540496.8513, -5839921793.20314, 38618.7869858499, -2991.71065227947, -3787.80300411236
631396800       , 1076124803.12055, -68715310656.7919, -5853557883.99922, 38618.7871533608, -2991.71153690952, -3787.80299370616
631400400       , 1215152437.17391, -68726080819.9171, -5867193974.75779, 38618.7873206976, -2991.71242155726, -3787.80298327359
631404000       , 1354180071.82936, -68736850986.2271, -5880830065.47876, 38618.7874878599, -2991.71330622292, -3787.80297281466
631407600       , 1493207707.08629, -68747621155.7219, -5894466156.16202, 38618.7876548472, -2991.71419090675, -3787.80296232934
631411200       , 1632235342.94405, -68758391328.4016, -5908102246.8075, 38618.7878216594, -2991.71507560897, -3787.80295181764
631414800       , 1771262979.40203, -68769161504.2663, -5921738337.41508, 38618.7879882959, -2991.71596032984, -3787.80294127955
631418400       , 1910290616.45957, -68779931683.316, -5935374427.98468, 38618.7881547566, -2991.71684506959, -3787.80293071506
631422000       , 2049318254.11606, -68790701865.5509, -5949010518.5162, 38618.7883210409, -2991.71772982846, -3787.80292012416
631425600       , 2188345892.37086, -68801472050.9708, -5962646609.00954, 38618.7884871486, -2991.71861460671, -3787.80290950684
631429200       , 2327373531.22332, -68812242239.576, -5976282699.46461, 38618.7886530793, -2991.71949940457, -3787.80289886311
631432800       , 2466401170.67281, -68823012431.3666, -5989918789.88132, 38618.7888188327, -2991.7203842223, -3787.80288819294
631436400       , 2605428810.7187 , -68833782626.3425, -6003554880.25957, 38618.7889844083, -2991.72126906014, -3787.80287749634
631440000       , 2744456451.36034, -68844552824.5038, -6017190970.59926, 38618.789149806 , -2991.72215391834, -3787.8028667733
631443600       , 2883484092.59709, -68855323025.8507, -6030827060.90031, 38618.7893150252, -2991.72303879717, -3787.80285602381
631447200       , 3022511734.42831, -68866093230.3832, -6044463151.1626, 38618.7894800657, -2991.72392369687, -3787.80284524787
631450800       , 3161539376.85335, -68876863438.1014, -6058099241.38606, 38618.7896449272, -2991.72480861769, -3787.80283444546
631454400       , 3300567019.87157, -68887633649.0053, -6071735331.57058, 38618.7898096092, -2991.72569355991, -3787.80282361659
631458000       , 3439594663.48232, -68898403863.095, -6085371421.71607, 38618.7899741114, -2991.72657852376, -3787.80281276125
631461600       , 3578622307.68495, -68909174080.3707, -6099007511.82243, 38618.7901384336, -2991.72746350952, -3787.80280187943
631465200       , 3717649952.47882, -68919944300.8323, -6112643601.88957, 38618.7903025752, -2991.72834851745, -3787.80279097113
631468800       , 3856677597.86328, -68930714524.48 , -6126279691.91739, 38618.7904665361, -2991.72923354781, -3787.80278003634
631472400       , 3995705243.83767, -68941484751.3139, -6139915781.9058, 38618.7906303159, -2991.73011860086, -3787.80276907506
631476000       , 4134732890.40134, -68952254981.334, -6153551871.8547, 38618.7907939141, -2991.73100367687, -3787.80275808728
631479600       , 4273760537.55363, -68963025214.5404, -6167187961.76399, 38618.7909573305, -2991.73188877611, -3787.80274707299
631483200       , 4412788185.2939 , -68973795450.9332, -6180824051.63359, 38618.7911205648, -2991.73277389885, -3787.8027360322
631486800       , 4551815833.62148, -68984565690.5125, -6194460141.46339, 38618.7912836166, -2991.73365904535, -3787.8027249649
631490400       , 4690843482.53572, -68995335933.2784, -6208096231.25331, 38618.7914464856, -2991.7345442159, -3787.80271387108
631494000       , 4829871132.03596, -69006106179.2309, -6221732321.00323, 38618.7916091713, -2991.73542941076, -3787.80270275074
631497600       , 4968898782.12153, -69016876428.3701, -6235368410.71308, 38618.7917716736, -2991.73631463022, -3787.80269160387
631501200       , 5107926432.79179, -69027646680.6962, -6249004500.38275, 38618.7919339921, -2991.73719987454, -3787.80268043048
631504800       , 5246954084.04605, -69038416936.2093, -6262640590.01215, 38618.7920961263, -2991.738085144 , -3787.80266923055
631508400       , 5385981735.88367, -69049187194.9093, -6276276679.60118, 38618.7922580761, -2991.73897043889, -3787.80265800409
631512000       , 5525009388.30398, -69059957456.7964, -6289912769.14974, 38618.792419841 , -2991.73985575949, -3787.80264675108
631515600       , 5664037041.30631, -69070727721.8708, -6303548858.65775, 38618.7925814208, -2991.74074110607, -3787.80263547154
631519200       , 5803064694.88999, -69081497990.1324, -6317184948.12511, 38618.7927428151, -2991.74162647892, -3787.80262416545
631522800       , 5942092349.05435, -69092268261.5815, -6330821037.55171, 38618.7929040235, -2991.74251187833, -3787.80261283281
631526400       , 6081120003.79873, -69103038536.218, -6344457126.93747, 38618.7930650458, -2991.74339730459, -3787.80260147361
631530000       , 6220147659.12246, -69113808814.0421, -6358093216.28229, 38618.7932258816, -2991.74428275798, -3787.80259008787
631533600       , 6359175315.02486, -69124579095.0539, -6371729305.58607, 38618.7933865306, -2991.74516823879, -3787.80257867556
631537200       , 6498202971.50525, -69135349379.2535, -6385365394.84873, 38618.7935469925, -2991.74605374731, -3787.8025672367
631540800       , 6637230628.56298, -69146119666.6409, -6399001484.07015, 38618.7937072669, -2991.74693928384, -3787.80255577127
631544400       , 6776258286.19735, -69156889957.2163, -6412637573.25025, 38618.7938673536, -2991.74782484867, -3787.80254427928
631548000       , 6915285944.4077 , -69167660250.9799, -6426273662.38893, 38618.7940272521, -2991.7487104421, -3787.80253276073
631551600       , 7054313603.19334, -69178430547.9316, -6439909751.48609, 38618.7941869623, -2991.74959606441, -3787.8025212156
631555200       , 7193341262.5536 , -69189200848.0716, -6453545840.54165, 38618.7943464837, -2991.75048171591, -3787.80250964391
631558800       , 7332368922.4878 , -69199971151.4  , -6467181929.5555, 38618.7945058161, -2991.7513673969, -3787.80249804565
631562400       , 7471396582.99525, -69210741457.9169, -6480818018.52754, 38618.7946649591, -2991.75225310768, -3787.80248642081
631566000       , 7610424244.07527, -69221511767.6224, -6494454107.45769, 38618.7948239124, -2991.75313884855, -3787.80247476941
631569600       , 7749451905.72719, -69232282080.5166, -6508090196.34585, 38618.7949826757, -2991.75402461982, -3787.80246309143
631573200       , 7888479567.95031, -69243052396.5997, -6521726285.19192, 38618.7951412487, -2991.75491042178, -3787.80245138687
631576800       , 8027507230.74395, -69253822715.8717, -6535362373.9958, 38618.795299631 , -2991.75579625475, -3787.80243965574
631580400       , 8166534894.10743, -69264593038.3327, -6548998462.75741, 38618.7954578225, -2991.75668211904, -3787.80242789803
631584000       , 8305562558.04004, -69275363363.983, -6562634551.47664, 38618.7956158227, -2991.75756801494, -3787.80241611375
631587600       , 8444590222.54112, -69286133692.8225, -6576270640.1534, 38618.7957736313, -2991.75845394277, -3787.80240430289
631591200       , 8583617887.60996, -69296904024.8514, -6589906728.78759, 38618.7959312481, -2991.75933990285, -3787.80239246545
631594800       , 8722645553.24587, -69307674360.0698, -6603542817.37911, 38618.7960886727, -2991.76022589548, -3787.80238060144
631598400       , 8861673219.44817, -69318444698.4779, -6617178905.92788, 38618.7962459048, -2991.76111192098, -3787.80236871085
631602000       , 9000700886.21616, -69329215040.0757, -6630814994.4338, 38618.7964029442, -2991.76199797966, -3787.80235679369
631605600       , 9139728553.54914, -69339985384.8634, -6644451082.89677, 38618.7965597904, -2991.76288407184, -3787.80234484995
631609200       , 9278756221.44642, -69350755732.8411, -6658087171.31669, 38618.7967164433, -2991.76377019784, -3787.80233287964
631612800       , 9417783889.9073 , -69361526084.0089, -6671723259.69347, 38618.7968729025, -2991.76465635798, -3787.80232088276
631616400       , 9556811558.93108, -69372296438.3669, -6685359348.02701, 38618.7970291678, -2991.76554255257, -3787.8023088593
631620000       , 9695839228.51707, -69383066795.9153, -6698995436.31722, 38618.7971852387, -2991.76642878194, -3787.80229680927
631623600       , 9834866898.66457, -69393837156.6542, -6712631524.56401, 38618.7973411151, -2991.76731504641, -3787.80228473267
631627200       , 9973894569.37287, -69404607520.5836, -6726267612.76727, 38618.7974967966, -2991.7682013463, -3787.80227262951
631630800       , 10112922240.6413, -69415377887.7039, -6739903700.92691, 38618.7976522829, -2991.76908768195, -3787.80226049977
631634400       , 10251949912.4691, -69426148258.015, -6753539789.04283, 38618.7978075738, -2991.76997405367, -3787.80224834348
631638000       , 10390977584.8556, -69436918631.5171, -6767175877.11495, 38618.797962669 , -2991.77086046179, -3787.80223616062
631641600       , 10530005257.8001, -69447689008.2104, -6780811965.14316, 38618.7981175681, -2991.77174690664, -3787.8022239512
631645200       , 10669032931.3018, -69458459388.0949, -6794448053.12737, 38618.7982722708, -2991.77263338855, -3787.80221171522
631648800       , 10808060605.3602, -69469229771.1708, -6808084141.06748, 38618.798426777 , -2991.77351990785, -3787.80219945269
631652400       , 10947088279.9744, -69480000157.4383, -6821720228.96339, 38618.7985810862, -2991.77440646488, -3787.80218716361
631656000       , 11086115955.1437, -69490770546.8974, -6835356316.81502, 38618.7987351983, -2991.77529305996, -3787.80217484797
631659600       , 11225143630.8676, -69501540939.5484, -6848992404.62227, 38618.7988891129, -2991.77617969344, -3787.80216250579
631663200       , 11364171307.1451, -69512311335.3913, -6862628492.38503, 38618.7990428298, -2991.77706636564, -3787.80215013707
631666800       , 11503198983.9757, -69523081734.4262, -6876264580.10322, 38618.7991963486, -2991.7779530769, -3787.8021377418
631670400       , 11642226661.3586, -69533852136.6535, -6889900667.77674, 38618.7993496692, -2991.77883982756, -3787.80212532  
631674000       , 11781254339.2931, -69544622542.073, -6903536755.40549, 38618.7995027911, -2991.77972661797, -3787.80211287167
631677600       , 11920282017.7785, -69555392950.6852, -6917172842.98938, 38618.7996557142, -2991.78061344845, -3787.8021003968
631681200       , 12059309696.814 , -69566163362.4899, -6930808930.52832, 38618.7998084382, -2991.78150031935, -3787.80208789541
631684800       , 12198337376.399 , -69576933777.4875, -6944445018.0222, 38618.7999609627, -2991.78238723101, -3787.8020753675
631688400       , 12337365056.5327, -69587704195.678, -6958081105.47093, 38618.8001132876, -2991.78327418377, -3787.80206281307
631692000       , 12476392737.2144, -69598474617.0617, -6971717192.87442, 38618.8002654125, -2991.78416117799, -3787.80205023213
631695600       , 12615420418.4434, -69609245041.6385, -6985353280.23257, 38618.8004173372, -2991.78504821399, -3787.80203762468
631699200       , 12754448100.219 , -69620015469.4088, -6998989367.54529, 38618.8005690614, -2991.78593529214, -3787.80202499073
631702800       , 12893475782.5404, -69630785900.3727, -7012625454.81247, 38618.8007205849, -2991.78682241277, -3787.80201233027
631706400       , 13032503465.407 , -69641556334.5303, -7026261542.03403, 38618.8008719073, -2991.78770957624, -3787.80199964333
631710000       , 13171531148.8179, -69652326771.8817, -7039897629.20987, 38618.8010230285, -2991.78859678289, -3787.80198692989
631713600       , 13310558832.7725, -69663097212.4272, -7053533716.3399, 38618.8011739482, -2991.78948403307, -3787.80197418998
631717200       , 13449586517.2701, -69673867656.1668, -7067169803.42401, 38618.801324666 , -2991.79037132714, -3787.80196142358
631720800       , 13588614202.3099, -69684638103.1008, -7080805890.46212, 38618.8014751818, -2991.79125866545, -3787.80194863072
631724400       , 13727641887.8912, -69695408553.2292, -7094441977.45412, 38618.8016254953, -2991.79214604834, -3787.80193581138
631728000       , 13866669574.0132, -69706179006.5524, -7108078064.39993, 38618.8017756062, -2991.79303347618, -3787.80192296559
631731600       , 14005697260.6753, -69716949463.0703, -7121714151.29944, 38618.8019255143, -2991.79392094932, -3787.80191009334
631735200       , 14144724947.8767, -69727719922.7833, -7135350238.15257, 38618.8020752193, -2991.79480846811, -3787.80189719465
631738800       , 14283752635.6166, -69738490385.6914, -7148986324.95921, 38618.802224721 , -2991.79569603291, -3787.80188426951
631742400       , 14422780323.8944, -69749260851.7948, -7162622411.71927, 38618.8023740191, -2991.79658364407, -3787.80187131794
631746000       , 14561808012.7093, -69760031321.0937, -7176258498.43267, 38618.8025231134, -2991.79747130197, -3787.80185833994
631749600       , 14700835702.0606, -69770801793.5882, -7189894585.09929, 38618.8026720036, -2991.79835900695, -3787.80184533552
631753200       , 14839863391.9475, -69781572269.2786, -7203530671.71905, 38618.8028206896, -2991.79924675937, -3787.80183230469
631756800       , 14978891082.3693, -69792342748.1649, -7217166758.29185, 38618.802969171 , -2991.8001345596, -3787.80181924745
631760400       , 15117918773.3253, -69803113230.2475, -7230802844.8176, 38618.8031174475, -2991.801022408 , -3787.80180616381
631764000       , 15256946464.8147, -69813883715.5263, -7244438931.2962, 38618.8032655191, -2991.80191030494, -3787.80179305377
631767600       , 15395974156.8368, -69824654204.0017, -7258075017.72756, 38618.8034133854, -2991.80279825076, -3787.80177991736
631771200       , 15535001849.3908, -69835424695.6738, -7271711104.11157, 38618.8035610462, -2991.80368624585, -3787.80176675456
631774800       , 15674029542.476 , -69846195190.5427, -7285347190.44816, 38618.8037085012, -2991.80457429055, -3787.8017535654
631778400       , 15813057236.0918, -69856965688.6087, -7298983276.73721, 38618.8038557503, -2991.80546238525, -3787.80174034988
631782000       , 15952084930.2372, -69867736189.872, -7312619362.97865, 38618.8040027932, -2991.80635053031, -3787.80172710801
631785600       , 16091112624.9116, -69878506694.3326, -7326255449.17236, 38618.8041496297, -2991.80723872608, -3787.80171383979
631789200       , 16230140320.1143, -69889277201.9909, -7339891535.31826, 38618.8042962595, -2991.80812697295, -3787.80170054523
631792800       , 16369168015.8444, -69900047712.8469, -7353527621.41625, 38618.8044426824, -2991.80901527128, -3787.80168722435
631796400       , 16508195712.1014, -69910818226.9009, -7367163707.46624, 38618.8045888982, -2991.80990362144, -3787.80167387716
631800000       , 16647223408.8843, -69921588744.153, -7380799793.46814, 38618.8047349067, -2991.8107920238, -3787.80166050365
631803600       , 16786251106.1924, -69932359264.6035, -7394435879.42184, 38618.8048807076, -2991.81168047874, -3787.80164710384
631807200       , 16925278804.0251, -69943129788.2525, -7408071965.32725, 38618.8050263008, -2991.81256898661, -3787.80163367775
631810800       , 17064306502.3815, -69953900315.1003, -7421708051.18429, 38618.805171686 , -2991.8134575478, -3787.80162022537
631814400       , 17203334201.261 , -69964670845.1469, -7435344136.99284, 38618.8053168629, -2991.81434616268, -3787.80160674672
631818000       , 17342361900.6627, -69975441378.3927, -7448980222.75283, 38618.8054618315, -2991.81523483162, -3787.80159324182
631821600       , 17481389600.5859, -69986211914.8378, -7462616308.46415, 38618.8056065914, -2991.816123555 , -3787.80157971066
631825200       , 17620417301.0299, -69996982454.4824, -7476252394.12672, 38618.8057511425, -2991.81701233319, -3787.80156615325
631828800       , 17759445001.9939, -70007752997.3266, -7489888479.74043, 38618.8058954846, -2991.81790116656, -3787.80155256962
631832400       , 17898472703.4772, -70018523543.3708, -7503524565.30519, 38618.8060396174, -2991.8187900555, -3787.80153895977
631836000       , 18037500405.4789, -70029294092.6151, -7517160650.82091, 38618.8061835407, -2991.81967900038, -3787.8015253237
631839600       , 18176528107.9984, -70040064645.0597, -7530796736.28749, 38618.8063272544, -2991.82056800157, -3787.80151166144
631843200       , 18315555811.0349, -70050835200.7048, -7544432821.70484, 38618.8064707582, -2991.82145705946, -3787.80149797299
631846800       , 18454583514.5876, -70061605759.5506, -7558068907.07286, 38618.806614052 , -2991.82234617443, -3787.80148425836
631850400       , 18593611218.6558, -70072376321.5973, -7571704992.39147, 38618.8067571355, -2991.82323534684, -3787.80147051756
631854000       , 18732638923.2387, -70083146886.8452, -7585341077.66056, 38618.8069000085, -2991.82412457709, -3787.80145675061
631857600       , 18871666628.3356, -70093917455.2943, -7598977162.88004, 38618.8070426709, -2991.82501386555, -3787.80144295751
631861200       , 19010694333.9457, -70104688026.9451, -7612613248.04982, 38618.8071851225, -2991.82590321261, -3787.80142913828
631864800       , 19149722040.0683, -70115458601.7975, -7626249333.1698, 38618.807327363 , -2991.82679261863, -3787.80141529293
631868400       , 19288749746.7025, -70126229179.852, -7639885418.2399, 38618.8074693923, -2991.82768208401, -3787.80140142147
631872000       , 19427777453.8476, -70136999761.1086, -7653521503.26001, 38618.8076112101, -2991.82857160913, -3787.80138752391
631875600       , 19566805161.5029, -70147770345.5676, -7667157588.23004, 38618.8077528164, -2991.82946119437, -3787.80137360027
631879200       , 19705832869.6676, -70158540933.2293, -7680793673.1499, 38618.8078942109, -2991.83035084011, -3787.80135965055
631882800       , 19844860578.341 , -70169311524.0938, -7694429758.01949, 38618.8080353935, -2991.83124054674, -3787.80134567478
631886400       , 19983888287.5222, -70180082118.1613, -7708065842.83872, 38618.8081763639, -2991.83213031463, -3787.80133167295
631890000       , 20122915997.2106, -70190852715.4321, -7721701927.6075, 38618.808317122 , -2991.83302014418, -3787.80131764509
631893600       , 20261943707.4053, -70201623315.9064, -7735338012.32574, 38618.8084576676, -2991.83391003577, -3787.80130359121
631897200       , 20400971418.1055, -70212393919.5844, -7748974096.99333, 38618.8085980005, -2991.83479998978, -3787.80128951131
631900800       , 20539999129.3106, -70223164526.4664, -7762610181.61019, 38618.8087381206, -2991.8356900066, -3787.80127540542
631904400       , 20679026841.0197, -70233935136.5526, -7776246266.17622, 38618.8088780276, -2991.83658008661, -3787.80126127354
631908000       , 20818054553.2321, -70244705749.8431, -7789882350.69133, 38618.8090177215, -2991.83747023021, -3787.8012471157
631911600       , 20957082265.9471, -70255476366.3383, -7803518435.15542, 38618.8091572021, -2991.83836043777, -3787.80123293189
631915200       , 21096109979.1637, -70266246986.0383, -7817154519.5684, 38618.8092964691, -2991.83925070968, -3787.80121872215
631918800       , 21235137692.8814, -70277017608.9435, -7830790603.93019, 38618.8094355224, -2991.84014104633, -3787.80120448647
631922400       , 21374165407.0992, -70287788235.0539, -7844426688.24067, 38618.8095743619, -2991.84103144811, -3787.80119022488
631926000       , 21513193121.8165, -70298558864.37 , -7858062772.49977, 38618.8097129875, -2991.8419219154, -3787.80117593738
631929600       , 21652220837.0325, -70309329496.8918, -7871698856.70739, 38618.8098513988, -2991.84281244859, -3787.801161624 
631933200       , 21791248552.7464, -70320100132.6197, -7885334940.86344, 38618.8099895959, -2991.84370304808, -3787.80114728474
631936800       , 21930276268.9573, -70330870771.5538, -7898971024.96781, 38618.8101275785, -2991.84459371424, -3787.80113291962
631940400       , 22069303985.6647, -70341641413.6945, -7912607109.02043, 38618.8102653464, -2991.84548444747, -3787.80111852866
631944000       , 22208331702.8676, -70352412059.0419, -7926243193.02119, 38618.8104028996, -2991.84637524816, -3787.80110411187
631947600       , 22347359420.5653, -70363182707.5964, -7939879276.97  , 38618.8105402379, -2991.84726611669, -3787.80108966926
631951200       , 22486387138.757 , -70373953359.3581, -7953515360.86677, 38618.8106773611, -2991.84815705345, -3787.80107520085
631954800       , 22625414857.442 , -70384724014.3273, -7967151444.71142, 38618.8108142691, -2991.84904805884, -3787.80106070666
631958400       , 22764442576.6195, -70395494672.5042, -7980787528.50383, 38618.8109509618, -2991.84993913323, -3787.80104618669
631962000       , 22903470296.2887, -70406265333.8891, -7994423612.24393, 38618.811087439 , -2991.85083027703, -3787.80103164097
631965600       , 23042498016.4488, -70417035998.4823, -8008059695.93162, 38618.8112237005, -2991.85172149062, -3787.80101706951
631969200       , 23181525737.0991, -70427806666.2839, -8021695779.5668, 38618.8113597463, -2991.85261277439, -3787.80100247232
631972800       , 23320553458.2387, -70438577337.2943, -8035331863.14939, 38618.8114955762, -2991.85350412874, -3787.80098784943
631976400       , 23459581179.867 , -70449348011.5137, -8048967946.67929, 38618.8116311901, -2991.85439555404, -3787.80097320084
631980000       , 23598608901.983 , -70460118688.9424, -8062604030.1564, 38618.8117665878, -2991.85528705069, -3787.80095852657
631983600       , 23737636624.5861, -70470889369.5806, -8076240113.58065, 38618.8119017692, -2991.85617861908, -3787.80094382665
631987200       , 23876664347.6755, -70481660053.4285, -8089876196.95192, 38618.8120367341, -2991.85707025961, -3787.80092910107
631990800       , 24015692071.2504, -70492430740.4865, -8103512280.27014, 38618.8121714826, -2991.85796197266, -3787.80091434987
631994400       , 24154719795.3099, -70503201430.7548, -8117148363.53521, 38618.8123060143, -2991.85885375862, -3787.80089957306
631998000       , 24293747519.8534, -70513972124.2337, -8130784446.74704, 38618.8124403293, -2991.85974561788, -3787.80088477065
632001600       , 24432775244.88  , -70524742820.9234, -8144420529.90553, 38618.8125744274, -2991.86063755083, -3787.80086994265
632005200       , 24571802970.389 , -70535513520.8241, -8158056613.01059, 38618.8127083084, -2991.86152955786, -3787.8008550891
632008800       , 24710830696.3796, -70546284223.9363, -8171692696.06214, 38618.8128419723, -2991.86242163937, -3787.80084021  
632012400       , 24849858422.851 , -70557054930.26 , -8185328779.06007, 38618.8129754189, -2991.86331379574, -3787.80082530537
632016000       , 24988886149.8023, -70567825639.7957, -8198964862.00431, 38618.8131086482, -2991.86420602736, -3787.80081037523
632019600       , 25127913877.233 , -70578596352.5435, -8212600944.89475, 38618.81324166  , -2991.86509833463, -3787.80079541959
632023200       , 25266941605.142 , -70589367068.5038, -8226237027.7313, 38618.8133744542, -2991.86599071793, -3787.80078043848
632026800       , 25405969333.5288, -70600137787.6768, -8239873110.51387, 38618.8135070307, -2991.86688317765, -3787.8007654319
632030400       , 25544997062.3924, -70610908510.0628, -8253509193.24238, 38618.8136393894, -2991.86777571419, -3787.80075039988
632034000       , 25684024791.7321, -70621679235.662, -8267145275.91672, 38618.8137715302, -2991.86866832793, -3787.80073534244
632037600       , 25823052521.5471, -70632449964.4748, -8280781358.53681, 38618.813903453 , -2991.86956101926, -3787.80072025958
632041200       , 25962080251.8367, -70643220696.5014, -8294417441.10256, 38618.8140351576, -2991.87045378858, -3787.80070515134
632044800       , 26101107982.6   , -70653991431.7422, -8308053523.61387, 38618.8141666441, -2991.87134663626, -3787.80069001773
632048400       , 26240135713.8363, -70664762170.1973, -8321689606.07066, 38618.8142979123, -2991.87223956271, -3787.80067485876
632052000       , 26379163445.5447, -70675532911.8671, -8335325688.47283, 38618.8144289622, -2991.8731325683, -3787.80065967446
632055600       , 26518191177.7246, -70686303656.7519, -8348961770.82028, 38618.8145597935, -2991.87402565343, -3787.80064446483
632059200       , 26657218910.375 , -70697074404.8519, -8362597853.11294, 38618.8146904063, -2991.87491881849, -3787.80062922991
632062800       , 26796246643.4952, -70707845156.1675, -8376233935.35071, 38618.8148208004, -2991.87581206387, -3787.80061396971
632066400       , 26935274377.0845, -70718615910.6989, -8389870017.53349, 38618.8149509758, -2991.87670538995, -3787.80059868425
632070000       , 27074302111.142 , -70729386668.4464, -8403506099.6612, 38618.8150809324, -2991.87759879712, -3787.80058337354
632073600       , 27213329845.6669, -70740157429.4103, -8417142181.73375, 38618.81521067  , -2991.87849228577, -3787.80056803761
632077200       , 27352357580.6585, -70750928193.591, -8430778263.75105, 38618.8153401887, -2991.87938585628, -3787.80055267647
632080800       , 27491385316.116 , -70761698960.9886, -8444414345.71299, 38618.8154694883, -2991.88027950905, -3787.80053729014
632084400       , 27630413052.0386, -70772469731.6035, -8458050427.6195, 38618.8155985688, -2991.88117324446, -3787.80052187865
632088000       , 27769440788.4255, -70783240505.4361, -8471686509.47049, 38618.8157274301, -2991.88206706289, -3787.800506442 
632091600       , 27908468525.2758, -70794011282.4865, -8485322591.26586, 38618.8158560721, -2991.88296096474, -3787.80049098023
632095200       , 28047496262.5889, -70804782062.7551, -8498958673.00552, 38618.8159844948, -2991.88385495039, -3787.80047549335
632098800       , 28186524000.3639, -70815552846.2422, -8512594754.68938, 38618.816112698 , -2991.88474902023, -3787.80045998137
632102400       , 28325551738.6001, -70826323632.9482, -8526230836.31735, 38618.8162406818, -2991.88564317463, -3787.80044444433
632106000       , 28464579477.2966, -70837094422.8732, -8539866917.88935, 38618.816368446 , -2991.88653741399, -3787.80042888223
632109600       , 28603607216.4526, -70847865216.0177, -8553502999.40527, 38618.8164959906, -2991.88743173868, -3787.8004132951
632113200       , 28742634956.0674, -70858636012.3818, -8567139080.86504, 38618.8166233155, -2991.8883261491, -3787.80039768296
632116800       , 28881662696.1402, -70869406811.966, -8580775162.26856, 38618.8167504207, -2991.88922064563, -3787.80038204582
632120400       , 29020690436.6702, -70880177614.7706, -8594411243.61574, 38618.8168773061, -2991.89011522865, -3787.80036638372
632124000       , 29159718177.6566, -70890948420.7958, -8608047324.90649, 38618.8170039717, -2991.89100989854, -3787.80035069666
632127600       , 29298745919.0985, -70901719230.0419, -8621683406.14073, 38618.8171304174, -2991.89190465568, -3787.80033498467
632131200       , 29437773660.9953, -70912490042.5094, -8635319487.31835, 38618.8172566431, -2991.89279950047, -3787.80031924777
632134800       , 29576801403.3461, -70923260858.1985, -8648955568.43928, 38618.8173826489, -2991.89369443327, -3787.80030348597
632138400       , 29715829146.1501, -70934031677.1094, -8662591649.50342, 38618.8175084346, -2991.89458945447, -3787.80028769931
632142000       , 29854856889.4066, -70944802499.2426, -8676227730.51069, 38618.8176340002, -2991.89548456445, -3787.80027188779
632145600       , 29993884633.1147, -70955573324.5984, -8689863811.46099, 38618.8177593457, -2991.8963797636, -3787.80025605145
632149200       , 30132912377.2736, -70966344153.177, -8703499892.35423, 38618.8178844711, -2991.89727505228, -3787.80024019029
632152800       , 30271940121.8826, -70977114984.9789, -8717135973.19032, 38618.8180093762, -2991.89817043088, -3787.80022430435
632156400       , 30410967866.9408, -70987885820.0043, -8730772053.96919, 38618.8181340611, -2991.89906589978, -3787.80020839364
632160000       , 30549995612.4476, -70998656658.2535, -8744408134.69073, 38618.8182585257, -2991.89996145936, -3787.80019245818
632163600       , 30689023358.402 , -71009427499.7269, -8758044215.35486, 38618.8183827699, -2991.90085710999, -3787.800176498 
632167200       , 30828051104.8032, -71020198344.4248, -8771680295.96148, 38618.8185067939, -2991.90175285205, -3787.80016051311
632170800       , 30967078851.6506, -71030969192.3475, -8785316376.51052, 38618.8186305974, -2991.90264868591, -3787.80014450354
632174400       , 31106106598.9433, -71041740043.4954, -8798952457.00188, 38618.8187541806, -2991.90354461196, -3787.80012846931
632178000       , 31245134346.6805, -71052510897.8689, -8812588537.43547, 38618.8188775433, -2991.90444063056, -3787.80011241043
632181600       , 31384162094.8613, -71063281755.4681, -8826224617.81121, 38618.8190006855, -2991.9053367421, -3787.80009632694
632185200       , 31523189843.4851, -71074052616.2935, -8839860698.129 , 38618.8191236073, -2991.90623294694, -3787.80008021885
632188800       , 31662217592.551 , -71084823480.3454, -8853496778.38875, 38618.8192463086, -2991.90712924546, -3787.80006408618
632192400       , 31801245342.0583, -71095594347.6242, -8867132858.59039, 38618.8193687893, -2991.90802563803, -3787.80004792895
632196000       , 31940273092.0061, -71106365218.1301, -8880768938.73381, 38618.8194910495, -2991.90892212502, -3787.8000317472
632199600       , 32079300842.3936, -71117136091.8636, -8894405018.81894, 38618.8196130892, -2991.9098187068, -3787.80001554093
632203200       , 32218328593.22  , -71127906968.825, -8908041098.84568, 38618.8197349083, -2991.91071538375, -3787.79999931017
632206800       , 32357356344.4846, -71138677849.0145, -8921677178.81394, 38618.8198565068, -2991.91161215624, -3787.79998305495
632210400       , 32496384096.1866, -71149448732.4326, -8935313258.72364, 38618.8199778847, -2991.91250902463, -3787.79996677527
632214000       , 32635411848.3252, -71160219619.0796, -8948949338.5747, 38618.820099042 , -2991.91340598929, -3787.79995047118
632217600       , 32774439600.8995, -71170990508.9558, -8962585418.36701, 38618.8202199788, -2991.91430305059, -3787.79993414268
632221200       , 32913467353.9087, -71181761402.0617, -8976221498.10049, 38618.8203406949, -2991.91520020889, -3787.79991778981
632224800       , 33052495107.3522, -71192532298.3974, -8989857577.77507, 38618.8204611904, -2991.91609746457, -3787.79990141257
632228400       , 33191522861.229 , -71203303197.9635, -9003493657.39064, 38618.8205814653, -2991.91699481799, -3787.799885011 
632232000       , 33330550615.5385, -71214074100.7603, -9017129736.94712, 38618.8207015195, -2991.91789226951, -3787.79986858512
632235600       , 33469578370.2797, -71224845006.788, -9030765816.44442, 38618.8208213532, -2991.91878981949, -3787.79985213495
632239200       , 33608606125.452 , -71235615916.0471, -9044401895.88246, 38618.8209409663, -2991.91968746831, -3787.79983566051
632242800       , 33747633881.0544, -71246386828.5379, -9058037975.26115, 38618.8210603587, -2991.92058521632, -3787.79981916183
632246400       , 33886661637.0863, -71257157744.2607, -9071674054.58039, 38618.8211795306, -2991.92148306388, -3787.79980263892
632250000       , 34025689393.5468, -71267928663.216, -9085310133.84012, 38618.8212984819, -2991.92238101136, -3787.79978609181
632253600       , 34164717150.4351, -71278699585.4041, -9098946213.04023, 38618.8214172126, -2991.92327905911, -3787.79976952053
632257200       , 34303744907.7504, -71289470510.8254, -9112582292.18064, 38618.8215357228, -2991.9241772075, -3787.79975292509
632260800       , 34442772665.492 , -71300241439.4802, -9126218371.26126, 38618.8216540124, -2991.92507545687, -3787.79973630552
632264400       , 34581800423.6591, -71311012371.3688, -9139854450.28201, 38618.8217720815, -2991.9259738076, -3787.79971966184
632268000       , 34720828182.2507, -71321783306.4917, -9153490529.24279, 38618.8218899301, -2991.92687226003, -3787.79970299407
632271600       , 34859855941.2663, -71332554244.8492, -9167126608.14353, 38618.8220075582, -2991.92777081453, -3787.79968630224
632275200       , 34998883700.7049, -71343325186.4417, -9180762686.98414, 38618.8221249658, -2991.92866947143, -3787.79966958637
632278800       , 35137911460.5658, -71354096131.2695, -9194398765.76453, 38618.822242153 , -2991.92956823111, -3787.79965284648
632282400       , 35276939220.8481, -71364867079.3331, -9208034844.48461, 38618.8223591198, -2991.93046709391, -3787.7996360826
632286000       , 35415966981.5512, -71375638030.6327, -9221670923.14429, 38618.8224758662, -2991.93136606019, -3787.79961929475
632289600       , 35554994742.6741, -71386408985.1688, -9235307001.7435, 38618.8225923922, -2991.93226513029, -3787.79960248295
632293200       , 35694022504.2161, -71397179942.9418, -9248943080.28214, 38618.8227086979, -2991.93316430457, -3787.79958564723
632296800       , 35833050266.1765, -71407950903.952, -9262579158.76013, 38618.8228247833, -2991.93406358337, -3787.7995687876
632300400       , 35972078028.5543, -71418721868.1997, -9276215237.17738, 38618.8229406484, -2991.93496296704, -3787.7995519041
632304000       , 36111105791.3489, -71429492835.6854, -9289851315.53381, 38618.8230562933, -2991.93586245594, -3787.79953499674
632307600       , 36250133554.5594, -71440263806.4095, -9303487393.82933, 38618.823171718 , -2991.9367620504, -3787.79951806555
632311200       , 36389161318.185 , -71451034780.3723, -9317123472.06385, 38618.8232869226, -2991.93766175077, -3787.79950111056
632314800       , 36528189082.225 , -71461805757.5742, -9330759550.2373, 38618.823401907 , -2991.9385615574, -3787.79948413178
632318400       , 36667216846.6785, -71472576738.0157, -9344395628.34957, 38618.8235166714, -2991.93946147063, -3787.79946712924
632322000       , 36806244611.5447, -71483347721.697, -9358031706.4006, 38618.8236312158, -2991.9403614908, -3787.79945010297
632325600       , 36945272376.823 , -71494118708.6185, -9371667784.39028, 38618.8237455401, -2991.94126161825, -3787.79943305298
632329200       , 37084300142.5124, -71504889698.7808, -9385303862.31855, 38618.8238596446, -2991.94216185332, -3787.7994159793
632332800       , 37223327908.6121, -71515660692.184, -9398939940.1853, 38618.8239735291, -2991.94306219636, -3787.79939888195
632336400       , 37362355675.1215, -71526431688.8287, -9412576017.99047, 38618.8240871938, -2991.9439626477, -3787.79938176097
632340000       , 37501383442.0397, -71537202688.7152, -9426212095.73396, 38618.8242006387, -2991.94486320768, -3787.79936461636
632343600       , 37640411209.3658, -71547973691.8439, -9439848173.41568, 38618.8243138639, -2991.94576387662, -3787.79934744816
632347200       , 37779438977.0992, -71558744698.2153, -9453484251.03555, 38618.8244268694, -2991.94666465488, -3787.79933025639
632350800       , 37918466745.239 , -71569515707.8296, -9467120328.5935, 38618.8245396553, -2991.94756554278, -3787.79931304108
632354400       , 38057494513.7845, -71580286720.6873, -9480756406.08942, 38618.8246522216, -2991.94846654066, -3787.79929580224
632358000       , 38196522282.7348, -71591057736.7888, -9494392483.52324, 38618.8247645685, -2991.94936764884, -3787.7992785399
632361600       , 38335550052.0891, -71601828756.1345, -9508028560.89488, 38618.8248766959, -2991.95026886766, -3787.79926125409
632365200       , 38474577821.8467, -71612599778.7248, -9521664638.20424, 38618.8249886039, -2991.95117019745, -3787.79924394482
632368800       , 38613605592.0068, -71623370804.56 , -9535300715.45125, 38618.8251002926, -2991.95207163853, -3787.79922661213
632372400       , 38752633362.5686, -71634141833.6407, -9548936792.63582, 38618.825211762 , -2991.95297319123, -3787.79920925604
632376000       , 38891661133.5312, -71644912865.9671, -9562572869.75787, 38618.8253230123, -2991.95387485588, -3787.79919187656
632379600       , 39030688904.894 , -71655683901.5398, -9576208946.81731, 38618.8254340435, -2991.95477663281, -3787.79917447374
632383200       , 39169716676.6561, -71666454940.359, -9589845023.81405, 38618.8255448556, -2991.95567852233, -3787.79915704758
632386800       , 39308744448.8167, -71677225982.4253, -9603481100.74802, 38618.8256554487, -2991.95658052478, -3787.79913959811
632390400       , 39447772221.375 , -71687997027.739, -9617117177.61913, 38618.825765823 , -2991.95748264046, -3787.79912212536
632394000       , 39586799994.3303, -71698768076.3004, -9630753254.4273, 38618.8258759784, -2991.95838486971, -3787.79910462936
632397600       , 39725827767.6818, -71709539128.1101, -9644389331.17243, 38618.8259859151, -2991.95928721284, -3787.79908711012
632401200       , 39864855541.4287, -71720310183.1685, -9658025407.85446, 38618.8260956332, -2991.96018967016, -3787.79906956767
632404800       , 40003883315.5701, -71731081241.4759, -9671661484.47329, 38618.8262051326, -2991.96109224201, -3787.79905200203
632408400       , 40142911090.1053, -71741852303.0328, -9685297561.02885, 38618.8263144136, -2991.96199492868, -3787.79903441323
632412000       , 40281938865.0336, -71752623367.8395, -9698933637.52104, 38618.8264234761, -2991.9628977305, -3787.7990168013
632415600       , 40420966640.3541, -71763394435.8966, -9712569713.94979, 38618.8265323203, -2991.96380064777, -3787.79899916625
632419200       , 40559994416.0661, -71774165507.2043, -9726205790.31501, 38618.8266409462, -2991.96470368082, -3787.79898150812
632422800       , 40699022192.1687, -71784936581.7632, -9739841866.61662, 38618.826749354 , -2991.96560682995, -3787.79896382692
632426400       , 40838049968.6611, -71795707659.5736, -9753477942.85454, 38618.8268575437, -2991.96651009547, -3787.79894612268
632430000       , 40977077745.5427, -71806478740.636, -9767114019.02868, 38618.8269655154, -2991.96741347768, -3787.79892839542
632433600       , 41116105522.8126, -71817249824.9508, -9780750095.13896, 38618.8270732692, -2991.96831697691, -3787.79891064518
632437200       , 41255133300.47  , -71828020912.5184, -9794386171.18529, 38618.8271808052, -2991.96922059344, -3787.79889287196
632440800       , 41394161078.5141, -71838792003.3392, -9808022247.16761, 38618.8272881235, -2991.97012432759, -3787.79887507581
632444400       , 41533188856.9442, -71849563097.4137, -9821658323.08581, 38618.8273952242, -2991.97102817965, -3787.79885725673
632448000       , 41672216635.7595, -71860334194.7422, -9835294398.93983, 38618.8275021073, -2991.97193214994, -3787.79883941476
632451600       , 41811244414.9591, -71871105295.3253, -9848930474.72957, 38618.8276087731, -2991.97283623875, -3787.79882154993
632455200       , 41950272194.5424, -71881876399.1633, -9862566550.45496, 38618.8277152215, -2991.97374044638, -3787.79880366224
632458800       , 42089299974.5085, -71892647506.2567, -9876202626.11591, 38618.8278214527, -2991.97464477313, -3787.79878575174
632462400       , 42228327754.8566, -71903418616.6058, -9889838701.71235, 38618.8279274668, -2991.97554921929, -3787.79876781844
632466000       , 42367355535.586 , -71914189730.2112, -9903474777.24418, 38618.8280332639, -2991.97645378516, -3787.79874986237
632469600       , 42506383316.6958, -71924960847.0732, -9917110852.71133, 38618.8281388441, -2991.97735847104, -3787.79873188355
632473200       , 42645411098.1854, -71935731967.1923, -9930746928.11371, 38618.8282442075, -2991.97826327722, -3787.79871388201
632476800       , 42784438880.0538, -71946503090.569, -9944383003.45125, 38618.8283493541, -2991.97916820398, -3787.79869585777
632480400       , 42923466662.3005, -71957274217.2036, -9958019078.72386, 38618.8284542842, -2991.98007325162, -3787.79867781085
632484000       , 43062494444.9244, -71968045347.0965, -9971655153.93146, 38618.8285589978, -2991.98097842043, -3787.79865974129
632487600       , 43201522227.925 , -71978816480.2483, -9985291229.07397, 38618.8286634951, -2991.98188371069, -3787.7986416491
632491200       , 43340550011.3013, -71989587616.6594, -9998927304.15131, 38618.8287677761, -2991.9827891227, -3787.79862353431
632494800       , 43479577795.0527, -72000358756.3301, -10012563379.1634, 38618.828871841 , -2991.98369465673, -3787.79860539694
632498400       , 43618605579.1783, -72011129899.261, -10026199454.1101, 38618.8289756898, -2991.98460031307, -3787.79858723702
632502000       , 43757633363.6774, -72021901045.4525, -10039835528.9915, 38618.8290793227, -2991.985506092 , -3787.79856905457
632505600       , 43896661148.5492, -72032672194.9051, -10053471603.8073, 38618.8291827399, -2991.98641199381, -3787.79855084962
632509200       , 44035688933.7929, -72043443347.619, -10067107678.5576, 38618.8292859414, -2991.98731801876, -3787.79853262219
632512800       , 44174716719.4077, -72054214503.5949, -10080743753.2422, 38618.8293889273, -2991.98822416715, -3787.79851437231
632516400       , 44313744505.3929, -72064985662.8332, -10094379827.861, 38618.8294916978, -2991.98913043924, -3787.79849609999
632520000       , 44452772291.7477, -72075756825.3342, -10108015902.4141, 38618.829594253 , -2991.99003683531, -3787.79847780527
632523600       , 44591800078.4713, -72086527991.0986, -10121651976.9012, 38618.829696593 , -2991.99094335563, -3787.79845948817
632527200       , 44730827865.5629, -72097299160.1266, -10135288051.3223, 38618.829798718 , -2991.99185000048, -3787.79844114871
632530800       , 44869855653.0218, -72108070332.4187, -10148924125.6774, 38618.829900628 , -2991.99275677013, -3787.79842278692
632534400       , 45008883440.8471, -72118841507.9754, -10162560199.9664, 38618.8300023233, -2991.99366366485, -3787.79840440281
632538000       , 45147911229.0382, -72129612686.7972, -10176196274.1891, 38618.8301038038, -2991.99457068491, -3787.79838599643
632541600       , 45286939017.5943, -72140383868.8845, -10189832348.3455, 38618.8302050698, -2991.99547783056, -3787.79836756778
632545200       , 45425966806.5145, -72151155054.2378, -10203468422.4356, 38618.8303061214, -2991.99638510209, -3787.7983491169
632548800       , 45564994595.7981, -72161926242.8574, -10217104496.4591, 38618.8304069588, -2991.99729249974, -3787.79833064381
632552400       , 45704022385.4443, -72172697434.7439, -10230740570.4162, 38618.8305075819, -2991.99820002379, -3787.79831214853
632556000       , 45843050175.4524, -72183468629.8978, -10244376644.3066, 38618.8306079911, -2991.9991076745, -3787.79829363109
632559600       , 45982077965.8216, -72194239828.3193, -10258012718.1303, 38618.8307081864, -2992.00001545212, -3787.7982750915
632563200       , 46121105756.5511, -72205011030.0092, -10271648791.8872, 38618.8308081679, -2992.00092335691, -3787.79825652981
632566800       , 46260133547.6402, -72215782234.9677, -10285284865.5773, 38618.8309079359, -2992.00183138914, -3787.79823794602
632570400       , 46399161339.088 , -72226553443.1953, -10298920939.2004, 38618.8310074903, -2992.00273954905, -3787.79821934017
632574000       , 46538189130.8938, -72237324654.6926, -10312557012.7565, 38618.8311068315, -2992.0036478369, -3787.79820071227
632577600       , 46677216923.0569, -72248095869.4599, -10326193086.2455, 38618.8312059595, -2992.00455625294, -3787.79818206236
632581200       , 46816244715.5765, -72258867087.4977, -10339829159.6673, 38618.8313048744, -2992.00546479742, -3787.79816339045
632584800       , 46955272508.4518, -72269638308.8066, -10353465233.0219, 38618.8314035764, -2992.0063734706, -3787.79814469657
632588400       , 47094300301.682 , -72280409533.3869, -10367101306.3091, 38618.8315020657, -2992.00728227272, -3787.79812598075
632592000       , 47233328095.2664, -72291180761.2391, -10380737379.5289, 38618.8316003423, -2992.00819120403, -3787.798107243 
632595600       , 47372355889.2042, -72301951992.3637, -10394373452.6812, 38618.8316984065, -2992.00910026476, -3787.79808848336
632599200       , 47511383683.4946, -72312723226.7612, -10408009525.766, 38618.8317962584, -2992.01000945518, -3787.79806970185
632602800       , 47650411478.137 , -72323494464.4319, -10421645598.7831, 38618.8318938981, -2992.01091877551, -3787.79805089848
632606400       , 47789439273.1305, -72334265705.3765, -10435281671.7324, 38618.8319913258, -2992.01182822601, -3787.79803207329
632610000       , 47928467068.4743, -72345036949.5953, -10448917744.614, 38618.8320885417, -2992.0127378069, -3787.79801322629
632613600       , 48067494864.1677, -72355808197.0889, -10462553817.4276, 38618.8321855458, -2992.01364751843, -3787.79799435752
632617200       , 48206522660.21  , -72366579447.8576, -10476189890.1733, 38618.8322823383, -2992.01455736083, -3787.79797546699
632620800       , 48345550456.6003, -72377350701.902, -10489825962.851, 38618.8323789194, -2992.01546733434, -3787.79795655474
632624400       , 48484578253.3379, -72388121959.2226, -10503462035.4605, 38618.8324752893, -2992.01637743919, -3787.79793762077
632628000       , 48623606050.4221, -72398893219.8197, -10517098108.0018, 38618.8325714481, -2992.01728767562, -3787.79791866513
632631600       , 48762633847.8521, -72409664483.694, -10530734180.4748, 38618.8326673959, -2992.01819804385, -3787.79789968782
632635200       , 48901661645.6271, -72420435750.8458, -10544370252.8795, 38618.8327631329, -2992.01910854411, -3787.79788068888
632638800       , 49040689443.7464, -72431207021.2757, -10558006325.2158, 38618.8328586593, -2992.02001917663, -3787.79786166832
632642400       , 49179717242.2092, -72441978294.9841, -10571642397.4835, 38618.8329539752, -2992.02092994164, -3787.79784262618
632646000       , 49318745041.0148, -72452749571.9714, -10585278469.6827, 38618.8330490808, -2992.02184083936, -3787.79782356248
632649600       , 49457772840.1623, -72463520852.2383, -10598914541.8131, 38618.8331439762, -2992.02275187002, -3787.79780447723
632653200       , 49596800639.6512, -72474292135.785, -10612550613.8749, 38618.8332386617, -2992.02366303383, -3787.79778537047
632656800       , 49735828439.4805, -72485063422.6122, -10626186685.8678, 38618.8333331373, -2992.02457433101, -3787.79776624221
632660400       , 49874856239.6495, -72495834712.7204, -10639822757.7918, 38618.8334274032, -2992.02548576179, -3787.79774709248
632664000       , 50013884040.1575, -72506606006.1099, -10653458829.6468, 38618.8335214597, -2992.02639732638, -3787.7977279213
632667600       , 50152911841.0038, -72517377302.7813, -10667094901.4328, 38618.8336153068, -2992.027309025 , -3787.7977087287
632671200       , 50291939642.1875, -72528148602.735, -10680730973.1496, 38618.8337089447, -2992.02822085786, -3787.7976895147
632674800       , 50430967443.7079, -72538919905.9716, -10694367044.7973, 38618.8338023736, -2992.02913282517, -3787.79767027932
632678400       , 50569995245.5643, -72549691212.4915, -10708003116.3756, 38618.8338955937, -2992.03004492714, -3787.79765102259
632682000       , 50709023047.7559, -72560462522.2952, -10721639187.8846, 38618.8339886051, -2992.03095716399, -3787.79763174453
632685600       , 50848050850.282 , -72571233835.3833, -10735275259.3242, 38618.834081408 , -2992.03186953593, -3787.79761244516
632689200       , 50987078653.1418, -72582005151.7561, -10748911330.6942, 38618.8341740026, -2992.03278204314, -3787.79759312451
632692800       , 51126106456.3346, -72592776471.4141, -10762547401.9946, 38618.834266389 , -2992.03369468586, -3787.79757378259
632696400       , 51265134259.8596, -72603547794.358, -10776183473.2254, 38618.8343585674, -2992.03460746427, -3787.79755441944
632700000       , 51404162063.716 , -72614319120.588, -10789819544.3864, 38618.834450538 , -2992.03552037857, -3787.79753503507
632703600       , 51543189867.9032, -72625090450.1048, -10803455615.4776, 38618.8345423009, -2992.03643342898, -3787.79751562951
632707200       , 51682217672.4203, -72635861782.9089, -10817091686.4989, 38618.8346338564, -2992.03734661569, -3787.79749620279
632710800       , 51821245477.2667, -72646633119.0006, -10830727757.4503, 38618.8347252046, -2992.03825993889, -3787.79747675491
632714400       , 51960273282.4416, -72657404458.3806, -10844363828.3315, 38618.8348163456, -2992.03917339878, -3787.79745728591
632718000       , 52099301087.9442, -72668175801.0493, -10857999899.1427, 38618.8349072797, -2992.04008699555, -3787.79743779581
632721600       , 52238328893.7737, -72678947147.0072, -10871635969.8836, 38618.834998007 , -2992.04100072941, -3787.79741828464
632725200       , 52377356699.9296, -72689718496.2547, -10885272040.5543, 38618.8350885278, -2992.04191460054, -3787.79739875241
632728800       , 52516384506.4109, -72700489848.7924, -10898908111.1546, 38618.8351788421, -2992.04282860912, -3787.79737919914
632732400       , 52655412313.217 , -72711261204.6209, -10912544181.6845, 38618.8352689501, -2992.04374275535, -3787.79735962487
632736000       , 52794440120.3471, -72722032563.7404, -10926180252.1439, 38618.8353588521, -2992.04465703942, -3787.79734002961
632739600       , 52933467927.8005, -72732803926.1517, -10939816322.5327, 38618.8354485483, -2992.04557146151, -3787.79732041339
632743200       , 53072495735.5764, -72743575291.8551, -10953452392.8509, 38618.8355380387, -2992.0464860218, -3787.79730077622
632746800       , 53211523543.6741, -72754346660.8512, -10967088463.0983, 38618.8356273236, -2992.04740072048, -3787.79728111813
632750400       , 53350551352.0929, -72765118033.1405, -10980724533.2749, 38618.8357164032, -2992.04831555773, -3787.79726143915
632754000       , 53489579160.832 , -72775889408.7234, -10994360603.3806, 38618.8358052776, -2992.04923053372, -3787.79724173929
632757600       , 53628606969.8906, -72786660787.6005, -11007996673.4154, 38618.835893947 , -2992.05014564864, -3787.79722201858
632761200       , 53767634779.2681, -72797432169.7722, -11021632743.3791, 38618.8359824117, -2992.05106090265, -3787.79720227704
632764800       , 53906662588.9637, -72808203555.2392, -11035268813.2718, 38618.8360706717, -2992.05197629595, -3787.79718251469
632768400       , 54045690398.9767, -72818974944.0018, -11048904883.0932, 38618.8361587273, -2992.05289182869, -3787.79716273155
632772000       , 54184718209.3063, -72829746336.0605, -11062540952.8434, 38618.8362465787, -2992.05380750104, -3787.79714292765
632775600       , 54323746019.9518, -72840517731.4159, -11076177022.5223, 38618.8363342261, -2992.05472331319, -3787.79712310301
632779200       , 54462773830.9125, -72851289130.0685, -11089813092.1297, 38618.8364216695, -2992.0556392653, -3787.79710325765
632782800       , 54601801642.1876, -72862060532.0188, -11103449161.6657, 38618.8365089094, -2992.05655535753, -3787.79708339159
632786400       , 54740829453.7764, -72872831937.2673, -11117085231.1301, 38618.8365959457, -2992.05747159006, -3787.79706350485
632790000       , 54879857265.6782, -72883603345.8144, -11130721300.5229, 38618.8366827787, -2992.05838796304, -3787.79704359746
632793600       , 55018885077.8922, -72894374757.6608, -11144357369.844, 38618.8367694086, -2992.05930447664, -3787.79702366944
632797200       , 55157912890.4177, -72905146172.8068, -11157993439.0933, 38618.8368558356, -2992.06022113101, -3787.79700372081
632800800       , 55296940703.2539, -72915917591.2531, -11171629508.2708, 38618.8369420599, -2992.06113792633, -3787.79698375159
632804400       , 55435968516.4003, -72926689013    , -11185265577.3763, 38618.8370280816, -2992.06205486274, -3787.7969637618
632808000       , 55574996329.8559, -72937460438.0482, -11198901646.4098, 38618.837113901 , -2992.06297194041, -3787.79694375146
632811600       , 55714024143.6201, -72948231866.3982, -11212537715.3713, 38618.8371995182, -2992.06388915948, -3787.7969237206
632815200       , 55853051957.6922, -72959003298.0504, -11226173784.2606, 38618.8372849334, -2992.06480652012, -3787.79690366923
632818800       , 55992079772.0714, -72969774733.0053, -11239809853.0777, 38618.8373701469, -2992.06572402247, -3787.79688359739
632822400       , 56131107586.757 , -72980546171.2635, -11253445921.8225, 38618.8374551588, -2992.06664166669, -3787.79686350508
632826000       , 56270135401.7483, -72991317612.8255, -11267081990.4949, 38618.8375399693, -2992.06755945292, -3787.79684339234
632829600       , 56409163217.0445, -73002089057.6917, -11280718059.0949, 38618.8376245786, -2992.06847738131, -3787.79682325917
632833200       , 56548191032.645 , -73012860505.8628, -11294354127.6223, 38618.8377089869, -2992.06939545201, -3787.79680310561
632836800       , 56687218848.549 , -73023631957.3391, -11307990196.0772, 38618.8377931944, -2992.07031366516, -3787.79678293168
632840400       , 56826246664.7558, -73034403412.1213, -11321626264.4594, 38618.8378772013, -2992.0712320209, -3787.79676273739
632844000       , 56965274481.2646, -73045174870.2099, -11335262332.7689, 38618.8379610078, -2992.07215051939, -3787.79674252276
632847600       , 57104302298.0748, -73055946331.6052, -11348898401.0055, 38618.8380446141, -2992.07306916075, -3787.79672228782
632851200       , 57243330115.1856, -73066717796.308, -11362534469.1693, 38618.8381280203, -2992.07398794512, -3787.79670203259
632854800       , 57382357932.5963, -73077489264.3186, -11376170537.2602, 38618.8382112267, -2992.07490687265, -3787.79668175709
632858400       , 57521385750.3062, -73088260735.6376, -11389806605.278, 38618.8382942335, -2992.07582594347, -3787.79666146134
632862000       , 57660413568.3145, -73099032210.2656, -11403442673.2227, 38618.8383770409, -2992.07674515771, -3787.79664114536
632865600       , 57799441386.6206, -73109803688.203, -11417078741.0942, 38618.838459649 , -2992.07766451551, -3787.79662080917
632869200       , 57938469205.2237, -73120575169.4503, -11430714808.8925, 38618.8385420581, -2992.07858401699, -3787.79660045279
632872800       , 58077497024.1232, -73131346654.0081, -11444350876.6174, 38618.8386242683, -2992.07950366229, -3787.79658007624
632876400       , 58216524843.3182, -73142118141.8768, -11457986944.269, 38618.83870628  , -2992.08042345153, -3787.79655967955
632880000       , 58355552662.8082, -73152889633.0571, -11471623011.8471, 38618.8387880931, -2992.08134338485, -3787.79653926272
632883600       , 58494580482.5923, -73163661127.5494, -11485259079.3516, 38618.8388697081, -2992.08226346236, -3787.79651882579
632887200       , 58633608302.6698, -73174432625.3542, -11498895146.7826, 38618.838951125 , -2992.08318368419, -3787.79649836877
632890800       , 58772636123.0401, -73185204126.4721, -11512531214.1399, 38618.839032344 , -2992.08410405047, -3787.79647789169
632894400       , 58911663943.7025, -73195975630.9035, -11526167281.4234, 38618.8391133655, -2992.08502456131, -3787.79645739456
632898000       , 59050691764.6561, -73206747138.6491, -11539803348.6331, 38618.8391941895, -2992.08594521684, -3787.7964368774
632901600       , 59189719585.9004, -73217518649.7093, -11553439415.7689, 38618.8392748162, -2992.08686601716, -3787.79641634023
632905200       , 59328747407.4346, -73228290164.0846, -11567075482.8307, 38618.8393552459, -2992.08778696241, -3787.79639578308
632908800       , 59467775229.2579, -73239061681.7756, -11580711549.8185, 38618.8394354788, -2992.08870805269, -3787.79637520596
632912400       , 59606803051.3698, -73249833202.7827, -11594347616.7322, 38618.8395155151, -2992.08962928811, -3787.7963546089
632916000       , 59745830873.7694, -73260604727.1066, -11607983683.5717, 38618.8395953549, -2992.0905506688, -3787.7963339919
632919600       , 59884858696.4561, -73271376254.7477, -11621619750.3369, 38618.8396749985, -2992.09147219486, -3787.796313355 
632923200       , 60023886519.4292, -73282147785.7066, -11635255817.0278, 38618.8397544461, -2992.0923938664, -3787.79629269821
632926800       , 60162914342.6879, -73292919319.9837, -11648891883.6443, 38618.8398336978, -2992.09331568352, -3787.79627202155
632930400       , 60301942166.2316, -73303690857.5797, -11662527950.1863, 38618.839912754 , -2992.09423764634, -3787.79625132504
632934000       , 60440969990.0595, -73314462398.495, -11676164016.6538, 38618.8399916147, -2992.09515975496, -3787.7962306087
632937600       , 60579997814.1709, -73325233942.7301, -11689800083.0467, 38618.8400702803, -2992.09608200948, -3787.79620987255
632941200       , 60719025638.5653, -73336005490.2856, -11703436149.3649, 38618.8401487508, -2992.09700441001, -3787.79618911661
632944800       , 60858053463.2417, -73346777041.162, -11717072215.6083, 38618.8402270265, -2992.09792695664, -3787.79616834089
632948400       , 60997081288.1996, -73357548595.3599, -11730708281.7769, 38618.8403051076, -2992.09884964948, -3787.79614754542
632952000       , 61136109113.4383, -73368320152.8797, -11744344347.8706, 38618.8403829943, -2992.09977248863, -3787.79612673022
632955600       , 61275136938.9569, -73379091713.722, -11757980413.8893, 38618.8404606869, -2992.10069547417, -3787.7961058953
632959200       , 61414164764.755 , -73389863277.8873, -11771616479.833, 38618.8405381855, -2992.10161860621, -3787.79608504069
632962800       , 61553192590.8316, -73400634845.3761, -11785252545.7016, 38618.8406154902, -2992.10254188484, -3787.79606416639
632966400       , 61692220417.1863, -73411406416.189, -11798888611.495, 38618.8406926015, -2992.10346531015, -3787.79604327244
632970000       , 61831248243.8181, -73422177990.3265, -11812524677.2131, 38618.8407695193, -2992.10438888223, -3787.79602235885
632973600       , 61970276070.7266, -73432949567.7892, -11826160742.856, 38618.840846244 , -2992.10531260118, -3787.79600142563
632977200       , 62109303897.9109, -73443721148.5774, -11839796808.4234, 38618.8409227757, -2992.10623646707, -3787.79598047282
632980800       , 62248331725.3703, -73454492732.6919, -11853432873.9153, 38618.8409991147, -2992.10716048  , -3787.79595950041
632984400       , 62387359553.1043, -73465264320.1331, -11867068939.3318, 38618.8410752612, -2992.10808464005, -3787.79593850845
632988000       , 62526387381.112 , -73476035910.9015, -11880705004.6726, 38618.8411512153, -2992.10900894731, -3787.79591749693
632991600       , 62665415209.3928, -73486807504.9977, -11894341069.9377, 38618.8412269773, -2992.10993340186, -3787.79589646588
632995200       , 62804443037.946 , -73497579102.4222, -11907977135.1271, 38618.8413025473, -2992.11085800378, -3787.79587541532
632998800       , 62943470866.7709, -73508350703.1755, -11921613200.2407, 38618.8413779257, -2992.11178275315, -3787.79585434527
633002400       , 63082498695.8668, -73519122307.2582, -11935249265.2784, 38618.8414531125, -2992.11270765005, -3787.79583325575
633006000       , 63221526525.2331, -73529893914.6707, -11948885330.2401, 38618.841528108 , -2992.11363269455, -3787.79581214676
633009600       , 63360554354.869 , -73540665525.4137, -11962521395.1258, 38618.8416029124, -2992.11455788674, -3787.79579101834
633013200       , 63499582184.7738, -73551437139.4877, -11976157459.9354, 38618.841677526 , -2992.11548322668, -3787.79576987049
633016800       , 63638610014.9469, -73562208756.8932, -11989793524.6689, 38618.8417519488, -2992.11640871445, -3787.79574870324
633020400       , 63777637845.3876, -73572980377.6306, -12003429589.3261, 38618.8418261812, -2992.11733435012, -3787.7957275166
633024000       , 63916665676.0952, -73583752001.7007, -12017065653.9069, 38618.8419002233, -2992.11826013376, -3787.7957063106
633027600       , 64055693507.069 , -73594523629.1038, -12030701718.4115, 38618.8419740754, -2992.11918606544, -3787.79568508524
633031200       , 64194721338.3083, -73605295259.8405, -12044337782.8395, 38618.8420477376, -2992.12011214523, -3787.79566384055
633034800       , 64333749169.8125, -73616066893.9114, -12057973847.1911, 38618.8421212101, -2992.12103837319, -3787.79564257655
633038400       , 64472777001.5808, -73626838531.317, -12071609911.4661, 38618.8421944932, -2992.12196474939, -3787.79562129324
633042000       , 64611804833.6126, -73637610172.0578, -12085245975.6644, 38618.8422675871, -2992.12289127389, -3787.79559999065
633045600       , 64750832665.9072, -73648381816.1343, -12098882039.786, 38618.842340492 , -2992.12381794676, -3787.7955786688
633049200       , 64889860498.4639, -73659153463.5472, -12112518103.8308, 38618.842413208 , -2992.12474476806, -3787.7955573277
633052800       , 65028888331.2821, -73669925114.2968, -12126154167.7987, 38618.8424857354, -2992.12567173784, -3787.79553596737
633056400       , 65167916164.361 , -73680696768.3839, -12139790231.6897, 38618.8425580745, -2992.12659885616, -3787.79551458783
633060000       , 65306943997.7   , -73691468425.8088, -12153426295.5037, 38618.8426302253, -2992.12752612309, -3787.79549318909
633063600       , 65445971831.2984, -73702240086.5721, -12167062359.2407, 38618.8427021881, -2992.12845353867, -3787.79547177117
633067200       , 65584999665.1555, -73713011750.6744, -12180698422.9005, 38618.8427739632, -2992.12938110297, -3787.79545033408
633070800       , 65724027499.2707, -73723783418.1162, -12194334486.483, 38618.8428455507, -2992.13030881603, -3787.79542887786
633074400       , 65863055333.6433, -73734555088.8981, -12207970549.9884, 38618.8429169508, -2992.13123667791, -3787.7954074025
633078000       , 66002083168.2725, -73745326763.0205, -12221606613.4163, 38618.8429881637, -2992.13216468865, -3787.79538590802
633081600       , 66141111003.1578, -73756098440.484, -12235242676.7669, 38618.8430591897, -2992.13309284831, -3787.79536439445
633085200       , 66280138838.2985, -73766870121.2892, -12248878740.0399, 38618.843130029 , -2992.13402115694, -3787.7953428618
633088800       , 66419166673.6938, -73777641805.4365, -12262514803.2354, 38618.8432006817, -2992.13494961457, -3787.79532131009
633092400       , 66558194509.3431, -73788413492.9266, -12276150866.3533, 38618.8432711481, -2992.13587822127, -3787.79529973933
633096000       , 66697222345.2458, -73799185183.7599, -12289786929.3935, 38618.8433414284, -2992.13680697706, -3787.79527814953
633099600       , 66836250181.4012, -73809956877.937, -12303422992.356, 38618.8434115228, -2992.137735882 , -3787.79525654072
633103200       , 66975278017.8086, -73820728575.4584, -12317059055.2406, 38618.8434814314, -2992.13866493613, -3787.79523491291
633106800       , 67114305854.4673, -73831500276.3247, -12330695118.0473, 38618.8435511546, -2992.13959413948, -3787.79521326612
633110400       , 67253333691.3767, -73842271980.5364, -12344331180.7761, 38618.8436206924, -2992.1405234921, -3787.79519160036
633114000       , 67392361528.536 , -73853043688.094, -12357967243.4268, 38618.8436900452, -2992.14145299402, -3787.79516991565
633117600       , 67531389365.9448, -73863815398.9981, -12371603305.9995, 38618.8437592131, -2992.14238264528, -3787.795148212 
633121200       , 67670417203.6022, -73874587113.2492, -12385239368.494, 38618.8438281963, -2992.14331244592, -3787.79512648942
633124800       , 67809445041.5076, -73885358830.8479, -12398875430.9102, 38618.843896995 , -2992.14424239596, -3787.79510474795
633128400       , 67948472879.6603, -73896130551.7947, -12412511493.2481, 38618.8439656095, -2992.14517249545, -3787.79508298758
633132000       , 68087500718.0597, -73906902276.09 , -12426147555.5077, 38618.8440340399, -2992.14610274442, -3787.79506120834
633135600       , 68226528556.7052, -73917674003.7346, -12439783617.6888, 38618.8441022865, -2992.14703314289, -3787.79503941024
633139200       , 68365556395.596 , -73928445734.7289, -12453419679.7914, 38618.8441703494, -2992.1479636909, -3787.7950175933
633142800       , 68504584234.7315, -73939217469.0733, -12467055741.8154, 38618.8442382289, -2992.14889438847, -3787.79499575753
633146400       , 68643612074.111 , -73949989206.7686, -12480691803.7608, 38618.8443059251, -2992.14982523563, -3787.79497390294
633150000       , 68782639913.7339, -73960760947.8152, -12494327865.6275, 38618.8443734384, -2992.1507562324, -3787.79495202956
633153600       , 68921667753.5995, -73971532692.2137, -12507963927.4154, 38618.8444407688, -2992.15168737882, -3787.79493013739
633157200       , 69060695593.7072, -73982304439.9645, -12521599989.1245, 38618.8445079166, -2992.1526186749, -3787.79490822645
633160800       , 69199723434.0563, -73993076191.0683, -12535236050.7546, 38618.8445748819, -2992.15355012066, -3787.79488629676
633164400       , 69338751274.6461, -74003847945.5256, -12548872112.3058, 38618.8446416651, -2992.15448171613, -3787.79486434833
633168000       , 69477779115.4761, -74014619703.3369, -12562508173.7779, 38618.8447082663, -2992.15541346133, -3787.79484238118
633171600       , 69616806956.5454, -74025391464.5027, -12576144235.1709, 38618.8447746857, -2992.15634535628, -3787.79482039531
633175200       , 69755834797.8536, -74036163229.0236, -12589780296.4847, 38618.8448409235, -2992.15727740099, -3787.79479839075
633178800       , 69894862639.3999, -74046934996.9002, -12603416357.7193, 38618.8449069799, -2992.15820959547, -3787.79477636751
633182400       , 70033890481.1836, -74057706768.1329, -12617052418.8746, 38618.8449728551, -2992.15914193976, -3787.79475432561
633186000       , 70172918323.2042, -74068478542.7223, -12630688479.9504, 38618.8450385493, -2992.16007443385, -3787.79473226505
633189600       , 70311946165.461 , -74079250320.669, -12644324540.9468, 38618.8451040628, -2992.16100707776, -3787.79471018585
633193200       , 70450974007.9532, -74090022101.9734, -12657960601.8637, 38618.8451693957, -2992.1619398715, -3787.79468808803
633196800       , 70590001850.6804, -74100793886.6362, -12671596662.7011, 38618.8452345482, -2992.16287281509, -3787.7946659716
633200400       , 70729029693.6418, -74111565674.6579, -12685232723.4587, 38618.8452995205, -2992.16380590853, -3787.79464383657
633204000       , 70868057536.8367, -74122337466.0389, -12698868784.1367, 38618.8453643129, -2992.16473915184, -3787.79462168297
633207600       , 71007085380.2646, -74133109260.78 , -12712504844.7348, 38618.8454289256, -2992.16567254501, -3787.79459951079
633211200       , 71146113223.9248, -74143881058.8815, -12726140905.2531, 38618.8454933586, -2992.16660608806, -3787.79457732006
633214800       , 71285141067.8166, -74154652860.344, -12739776965.6915, 38618.8455576124, -2992.16753978098, -3787.79455511079
633218400       , 71424168911.9394, -74165424665.1681, -12753413026.0499, 38618.8456216869, -2992.16847362379, -3787.79453288299
633222000       , 71563196756.2925, -74176196473.3542, -12767049086.3282, 38618.8456855825, -2992.16940761649, -3787.79451063668
633225600       , 71702224600.8754, -74186968284.9031, -12780685146.5265, 38618.8457492994, -2992.17034175907, -3787.79448837186
633229200       , 71841252445.6873, -74197740099.8151, -12794321206.6445, 38618.8458128377, -2992.17127605155, -3787.79446608857
633232800       , 71980280290.7276, -74208511918.0908, -12807957266.6823, 38618.8458761977, -2992.17221049391, -3787.79444378679
633236400       , 72119308135.9957, -74219283739.7308, -12821593326.6397, 38618.8459393795, -2992.17314508615, -3787.79442146656
633240000       , 72258335981.4909, -74230055564.7356, -12835229386.5168, 38618.8460023834, -2992.17407982828, -3787.79439912788
633243600       , 72397363827.2126, -74240827393.1058, -12848865446.3134, 38618.8460652096, -2992.17501472029, -3787.79437677077
633247200       , 72536391673.1602, -74251599224.8418, -12862501506.0295, 38618.8461278582, -2992.17594976218, -3787.79435439524
633250800       , 72675419519.333 , -74262371059.9443, -12876137565.6651, 38618.8461903294, -2992.17688495393, -3787.7943320013
633254400       , 72814447365.7304, -74273142898.4137, -12889773625.2199, 38618.8462526236, -2992.17782029555, -3787.79430958896
633258000       , 72953475212.3517, -74283914740.2506, -12903409684.6941, 38618.8463147407, -2992.17875578702, -3787.79428715824
633261600       , 73092503059.1963, -74294686585.4555, -12917045744.0874, 38618.8463766812, -2992.17969142833, -3787.79426470916
633265200       , 73231530906.2636, -74305458434.029, -12930681803.4  , 38618.846438445 , -2992.18062721948, -3787.79424224171
633268800       , 73370558753.5529, -74316230285.9717, -12944317862.6316, 38618.8465000326, -2992.18156316045, -3787.79421975592
633272400       , 73509586601.0636, -74327002141.284, -12957953921.7822, 38618.8465614439, -2992.18249925123, -3787.7941972518
633276000       , 73648614448.7951, -74337773999.9665, -12971589980.8518, 38618.8466226794, -2992.18343549181, -3787.79417472937
633279600       , 73787642296.7467, -74348545862.0197, -12985226039.8402, 38618.8466837391, -2992.18437188218, -3787.79415218862
633283200       , 73926670144.9178, -74359317727.4442, -12998862098.7475, 38618.8467446232, -2992.18530842231, -3787.79412962958
633286800       , 74065697993.3077, -74370089596.2405, -13012498157.5735, 38618.8468053319, -2992.18624511219, -3787.79410705226
633290400       , 74204725841.916 , -74380861468.4092, -13026134216.3182, 38618.8468658655, -2992.18718195181, -3787.79408445667
633294000       , 74343753690.7418, -74391633343.9507, -13039770274.9816, 38618.8469262242, -2992.18811894114, -3787.79406184282
633297600       , 74482781539.7846, -74402405222.8657, -13053406333.5635, 38618.8469864081, -2992.18905608017, -3787.79403921072
633301200       , 74621809389.0437, -74413177105.1547, -13067042392.0639, 38618.8470464174, -2992.18999336888, -3787.79401656039
633304800       , 74760837238.5186, -74423948990.8182, -13080678450.4827, 38618.8471062523, -2992.19093080724, -3787.79399389184
633308400       , 74899865088.2085, -74434720879.8567, -13094314508.8199, 38618.847165913 , -2992.19186839523, -3787.79397120508
633312000       , 75038892938.1129, -74445492772.2708, -13107950567.0754, 38618.8472253998, -2992.19280613283, -3787.79394850012
633315600       , 75177920788.2312, -74456264668.061, -13121586625.2491, 38618.8472847127, -2992.19374402002, -3787.79392577697
633319200       , 75316948638.5627, -74467036567.2279, -13135222683.3409, 38618.8473438521, -2992.19468205676, -3787.79390303565
633322800       , 75455976489.1067, -74477808469.772, -13148858741.3509, 38618.847402818 , -2992.19562024304, -3787.79388027616
633326400       , 75595004339.8627, -74488580375.6938, -13162494799.2789, 38618.8474616108, -2992.19655857883, -3787.79385749852
633330000       , 75734032190.8301, -74499352284.994, -13176130857.1249, 38618.8475202305, -2992.19749706409, -3787.79383470274
633333600       , 75873060042.0082, -74510124197.6729, -13189766914.8887, 38618.8475786774, -2992.1984356988, -3787.79381188883
633337200       , 76012087893.3964, -74520896113.7312, -13203402972.5704, 38618.8476369517, -2992.19937448292, -3787.7937890568
633340800       , 76151115744.994 , -74531668033.1693, -13217039030.1699, 38618.8476950535, -2992.20031341644, -3787.79376620666
633344400       , 76290143596.8005, -74542439955.9879, -13230675087.6871, 38618.8477529831, -2992.20125249931, -3787.79374333843
633348000       , 76429171448.8153, -74553211882.1875, -13244311145.1219, 38618.8478107407, -2992.2021917315, -3787.79372045211
633351600       , 76568199301.0377, -74563983811.7686, -13257947202.4743, 38618.8478683263, -2992.20313111298, -3787.79369754772
633355200       , 76707227153.467 , -74574755744.7317, -13271583259.7443, 38618.8479257403, -2992.20407064371, -3787.79367462526
633358800       , 76846255006.1028, -74585527681.0774, -13285219316.9316, 38618.8479829829, -2992.20501032366, -3787.79365168475
633362400       , 76985282858.9443, -74596299620.8062, -13298855374.0364, 38618.8480400541, -2992.20595015279, -3787.7936287262
633366000       , 77124310711.991 , -74607071563.9187, -13312491431.0584, 38618.8480969542, -2992.20689013107, -3787.79360574961
633369600       , 77263338565.2422, -74617843510.4153, -13326127487.9977, 38618.8481536834, -2992.20783025845, -3787.79358275501
633373200       , 77402366418.6973, -74628615460.2967, -13339763544.8542, 38618.8482102419, -2992.20877053489, -3787.7935597424
633376800       , 77541394272.3557, -74639387413.5634, -13353399601.6279, 38618.8482666299, -2992.20971096036, -3787.79353671178
633380400       , 77680422126.2168, -74650159370.2158, -13367035658.3185, 38618.8483228475, -2992.21065153481, -3787.79351366318
633384000       , 77819449980.28  , -74660931330.2546, -13380671714.9262, 38618.8483788949, -2992.21159225821, -3787.79349059659
633387600       , 77958477834.5447, -74671703293.6803, -13394307771.4508, 38618.8484347724, -2992.2125331305, -3787.79346751204
633391200       , 78097505689.0102, -74682475260.4933, -13407943827.8923, 38618.8484904801, -2992.21347415165, -3787.79344440953
633394800       , 78236533543.6759, -74693247230.6943, -13421579884.2505, 38618.8485460182, -2992.21441532161, -3787.79342128907
633398400       , 78375561398.5413, -74704019204.2838, -13435215940.5255, 38618.8486013869, -2992.21535664033, -3787.79339815067
633402000       , 78514589253.6057, -74714791181.2623, -13448851996.7172, 38618.8486565864, -2992.21629810778, -3787.79337499434
633405600       , 78653617108.8685, -74725563161.6304, -13462488052.8255, 38618.8487116169, -2992.21723972389, -3787.7933518201
633409200       , 78792644964.3291, -74736335145.3885, -13476124108.8503, 38618.8487664785, -2992.21818148863, -3787.79332862794
633412800       , 78931672819.987 , -74747107132.5373, -13489760164.7916, 38618.8488211714, -2992.21912340194, -3787.79330541788
633416400       , 79070700675.8414, -74757879123.0772, -13503396220.6493, 38618.8488756958, -2992.22006546377, -3787.79328218994
633420000       , 79209728531.8918, -74768651117.0088, -13517032276.4233, 38618.848930052 , -2992.22100767408, -3787.79325894411
633423600       , 79348756388.1375, -74779423114.3326, -13530668332.1137, 38618.84898424  , -2992.22195003281, -3787.79323568042
633427200       , 79487784244.5781, -74790195115.0492, -13544304387.7202, 38618.8490382601, -2992.22289253991, -3787.79321239886
633430800       , 79626812101.2128, -74800967119.1591, -13557940443.2429, 38618.8490921125, -2992.22383519532, -3787.79318909945
633434400       , 79765839958.0411, -74811739126.6628, -13571576498.6817, 38618.8491457972, -2992.224777999 , -3787.7931657822
633438000       , 79904867815.0624, -74822511137.5609, -13585212554.0365, 38618.8491993146, -2992.22572095088, -3787.79314244712
633441600       , 80043895672.276 , -74833283151.8538, -13598848609.3073, 38618.8492526648, -2992.22666405092, -3787.79311909421
633445200       , 80182923529.6814, -74844055169.5422, -13612484664.494, 38618.849305848 , -2992.22760729905, -3787.79309572349
633448800       , 80321951387.2779, -74854827190.6266, -13626120719.5965, 38618.8493588644, -2992.22855069522, -3787.79307233496
633452400       , 80460979245.065 , -74865599215.1074, -13639756774.6148, 38618.8494117141, -2992.22949423937, -3787.79304892864
633456000       , 80600007103.042 , -74876371242.9853, -13653392829.5487, 38618.8494643973, -2992.23043793144, -3787.79302550452
633459600       , 80739034961.2084, -74887143274.2607, -13667028884.3984, 38618.8495169142, -2992.23138177137, -3787.79300206263
633463200       , 80878062819.5636, -74897915308.9342, -13680664939.1636, 38618.849569265 , -2992.23232575911, -3787.79297860297
633466800       , 81017090678.1069, -74908687347.0063, -13694300993.8443, 38618.8496214498, -2992.23326989458, -3787.79295512555
633470400       , 81156118536.8378, -74919459388.4776, -13707937048.4405, 38618.8496734689, -2992.23421417773, -3787.79293163037
633474000       , 81295146395.7557, -74930231433.3486, -13721573102.952, 38618.8497253224, -2992.2351586085, -3787.79290811745
633477600       , 81434174254.86  , -74941003481.6198, -13735209157.3789, 38618.8497770105, -2992.23610318682, -3787.7928845868
633481200       , 81573202114.15  , -74951775533.2917, -13748845211.721, 38618.8498285333, -2992.23704791263, -3787.79286103842
633484800       , 81712229973.6252, -74962547588.3649, -13762481265.9783, 38618.8498798911, -2992.23799278586, -3787.79283747232
633488400       , 81851257833.285 , -74973319646.8399, -13776117320.1508, 38618.8499310841, -2992.23893780644, -3787.79281388851
633492000       , 81990285693.1288, -74984091708.7173, -13789753374.2383, 38618.8499821123, -2992.23988297432, -3787.79279028699
633495600       , 82129313553.156 , -74994863773.9975, -13803389428.2408, 38618.850032976 , -2992.24082828942, -3787.79276666779
633499200       , 82268341413.366 , -75005635842.6812, -13817025482.1583, 38618.8500836754, -2992.24177375167, -3787.7927430309
633502800       , 82407369273.7583, -75016407914.7687, -13830661535.9906, 38618.8501342105, -2992.24271936101, -3787.79271937633
633506400       , 82546397134.3322, -75027179990.2607, -13844297589.7378, 38618.8501845817, -2992.24366511737, -3787.79269570409
633510000       , 82685424995.0871, -75037952069.1577, -13857933643.3997, 38618.8502347891, -2992.24461102068, -3787.79267201419
633513600       , 82824452856.0224, -75048724151.4603, -13871569696.9763, 38618.8502848327, -2992.24555707086, -3787.79264830663
633517200       , 82963480717.1377, -75059496237.1688, -13885205750.4675, 38618.850334713 , -2992.24650326784, -3787.79262458143
633520800       , 83102508578.4322, -75070268326.284, -13898841803.8732, 38618.8503844298, -2992.24744961156, -3787.79260083859
633524400       , 83241536439.9054, -75081040418.8062, -13912477857.1935, 38618.8504339836, -2992.24839610194, -3787.79257707812
633528000       , 83380564301.5567, -75091812514.7361, -13926113910.4282, 38618.8504833744, -2992.2493427389, -3787.79255330003
633531600       , 83519592163.3855, -75102584614.0741, -13939749963.5772, 38618.8505326024, -2992.25028952237, -3787.79252950433
633535200       , 83658620025.3912, -75113356716.8208, -13953386016.6406, 38618.8505816677, -2992.25123645228, -3787.79250569101
633538800       , 83797647887.5733, -75124128822.9767, -13967022069.6182, 38618.8506305706, -2992.25218352855, -3787.7924818601
633542400       , 83936675749.9311, -75134900932.5424, -13980658122.51 , 38618.8506793113, -2992.2531307511, -3787.79245801159
633546000       , 84075703612.4641, -75145673045.5183, -13994294175.3158, 38618.8507278898, -2992.25407811986, -3787.7924341455
633549600       , 84214731475.1717, -75156445161.905, -14007930228.0358, 38618.8507763063, -2992.25502563475, -3787.79241026183
633553200       , 84353759338.0533, -75167217281.7031, -14021566280.6697, 38618.8508245611, -2992.25597329569, -3787.79238636059
633556800       , 84492787201.1084, -75177989404.9129, -14035202333.2176, 38618.8508726542, -2992.2569211026, -3787.79236244178
633560400       , 84631815064.3362, -75188761531.5352, -14048838385.6793, 38618.8509205859, -2992.2578690554, -3787.79233850542
633564000       , 84770842927.7364, -75199533661.5703, -14062474438.0548, 38618.8509683563, -2992.25881715401, -3787.7923145515
633567600       , 84909870791.3082, -75210305795.0188, -14076110490.344, 38618.8510159657, -2992.25976539835, -3787.79229058005
633571200       , 85048898655.0511, -75221077931.8813, -14089746542.5469, 38618.851063414 , -2992.26071378834, -3787.79226659106
633574800       , 85187926518.9646, -75231850072.1583, -14103382594.6635, 38618.8511107016, -2992.2616623239, -3787.79224258454
633578400       , 85326954383.048 , -75242622215.8503, -14117018646.6935, 38618.8511578286, -2992.26261100493, -3787.7922185605
633582000       , 85465982247.3008, -75253394362.9577, -14130654698.6371, 38618.8512047951, -2992.26355983137, -3787.79219451894
633585600       , 85605010111.7223, -75264166513.4812, -14144290750.494, 38618.8512516013, -2992.26450880312, -3787.79217045987
633589200       , 85744037976.3121, -75274938667.4213, -14157926802.2644, 38618.8512982474, -2992.2654579201, -3787.7921463833
633592800       , 85883065841.0695, -75285710824.7784, -14171562853.948, 38618.8513447335, -2992.26640718223, -3787.79212228924
633596400       , 86022093705.994 , -75296482985.5532, -14185198905.5448, 38618.8513910598, -2992.26735658941, -3787.79209817768
633600000       , 86161121571.085 , -75307255149.746, -14198834957.0548, 38618.8514372265, -2992.26830614156, -3787.79207404865
633603600       , 86300149436.3418, -75318027317.3576, -14212471008.478, 38618.8514832337, -2992.2692558386, -3787.79204990213
633607200       , 86439177301.7641, -75328799488.3883, -14226107059.8141, 38618.8515290816, -2992.27020568044, -3787.79202573815
633610800       , 86578205167.351 , -75339571662.8386, -14239743111.0632, 38618.8515747703, -2992.27115566698, -3787.7920015567
633614400       , 86717233033.1022, -75350343840.7092, -14253379162.2253, 38618.8516203001, -2992.27210579814, -3787.79197735779
633618000       , 86856260899.017 , -75361116022.0005, -14267015213.3002, 38618.851665671 , -2992.27305607382, -3787.79195314144
633621600       , 86995288765.0948, -75371888206.7131, -14280651264.2879, 38618.8517108832, -2992.27400649395, -3787.79192890763
633625200       , 87134316631.3352, -75382660394.8475, -14294287315.1883, 38618.8517559369, -2992.27495705842, -3787.79190465639
633628800       , 87273344497.7374, -75393432586.4041, -14307923366.0014, 38618.8518008323, -2992.27590776715, -3787.79188038772
633632400       , 87412372364.301 , -75404204781.3836, -14321559416.7271, 38618.8518455694, -2992.27685862005, -3787.79185610161
633636000       , 87551400231.0253, -75414976979.7864, -14335195467.3653, 38618.8518901485, -2992.27780961701, -3787.79183179809
633639600       , 87690428097.9099, -75425749181.613, -14348831517.916, 38618.8519345697, -2992.27876075795, -3787.79180747714
633643200       , 87829455964.954 , -75436521386.864, -14362467568.3791, 38618.8519788332, -2992.27971204278, -3787.79178313879
633646800       , 87968483832.1573, -75447293595.5399, -14376103618.7546, 38618.8520229391, -2992.28066347139, -3787.79175878303
633650400       , 88107511699.519 , -75458065807.6412, -14389739669.0423, 38618.8520668876, -2992.2816150437, -3787.79173440988
633654000       , 88246539567.0387, -75468838023.1684, -14403375719.2423, 38618.8521106788, -2992.28256675961, -3787.79171001933
633657600       , 88385567434.7157, -75479610242.122, -14417011769.3545, 38618.8521543129, -2992.28351861902, -3787.79168561139
633661200       , 88524595302.5495, -75490382464.5026, -14430647819.3787, 38618.8521977901, -2992.28447062184, -3787.79166118607
633664800       , 88663623170.5396, -75501154690.3107, -14444283869.315, 38618.8522411104, -2992.28542276797, -3787.79163674337
633668400       , 88802651038.6853, -75511926919.5467, -14457919919.1632, 38618.8522842741, -2992.28637505731, -3787.7916122833
633672000       , 88941678906.9862, -75522699152.2112, -14471555968.9234, 38618.8523272813, -2992.28732748977, -3787.79158780587
633675600       , 89080706775.4416, -75533471388.3048, -14485192018.5954, 38618.8523701321, -2992.28828006524, -3787.79156331107
633679200       , 89219734644.0509, -75544243627.8279, -14498828068.1792, 38618.8524128267, -2992.28923278363, -3787.79153879891
633682800       , 89358762512.8137, -75555015870.781, -14512464117.6747, 38618.8524553653, -2992.29018564484, -3787.79151426941
633686400       , 89497790381.7294, -75565788117.1647, -14526100167.0819, 38618.852497748 , -2992.29113864876, -3787.79148972256
633690000       , 89636818250.7973, -75576560366.9794, -14539736216.4007, 38618.852539975 , -2992.29209179529, -3787.79146515836
633693600       , 89775846120.017 , -75587332620.2258, -14553372265.6311, 38618.8525820463, -2992.29304508435, -3787.79144057684
633697200       , 89914873989.3879, -75598104876.9042, -14567008314.7729, 38618.8526239623, -2992.29399851581, -3787.79141597798
633700800       , 90053901858.9093, -75608877137.0153, -14580644363.8261, 38618.8526657229, -2992.29495208959, -3787.79139136179
633704400       , 90192929728.5809, -75619649400.5594, -14594280412.7906, 38618.8527073283, -2992.29590580557, -3787.79136672828
633708000       , 90331957598.4019, -75630421667.5372, -14607916461.6665, 38618.8527487788, -2992.29685966366, -3787.79134207746
633711600       , 90470985468.3719, -75641193937.9492, -14621552510.4536, 38618.8527900744, -2992.29781366375, -3787.79131740932
633715200       , 90610013338.4903, -75651966211.7958, -14635188559.1518, 38618.8528312153, -2992.29876780574, -3787.79129272388
633718800       , 90749041208.7565, -75662738489.0775, -14648824607.7612, 38618.8528722016, -2992.29972208952, -3787.79126802113
633722400       , 90888069079.1699, -75673510769.795, -14662460656.2816, 38618.8529130335, -2992.30067651499, -3787.79124330108
633726000       , 91027096949.7301, -75684283053.9486, -14676096704.7129, 38618.8529537111, -2992.30163108204, -3787.79121856374
633729600       , 91166124820.4365, -75695055341.539, -14689732753.0552, 38618.8529942346, -2992.30258579057, -3787.79119380912
633733200       , 91305152691.2884, -75705827632.5665, -14703368801.3083, 38618.8530346041, -2992.30354064047, -3787.7911690372
633736800       , 91444180562.2854, -75716599927.0317, -14717004849.4722, 38618.8530748198, -2992.30449563163, -3787.79114424801
633740400       , 91583208433.4269, -75727372224.9352, -14730640897.5469, 38618.8531148818, -2992.30545076394, -3787.79111944153
633744000       , 91722236304.7124, -75738144526.2774, -14744276945.5322, 38618.8531547902, -2992.3064060373, -3787.79109461779
633747600       , 91861264176.1413, -75748916831.0588, -14757912993.4281, 38618.8531945452, -2992.3073614516, -3787.79106977678
633751200       , 92000292047.7129, -75759689139.28 , -14771549041.2346, 38618.853234147 , -2992.30831700674, -3787.7910449185
633754800       , 92139319919.4269, -75770461450.9414, -14785185088.9515, 38618.8532735956, -2992.30927270259, -3787.79102004297
633758400       , 92278347791.2827, -75781233766.0436, -14798821136.5789, 38618.8533128912, -2992.31022853905, -3787.79099515017
633762000       , 92417375663.2796, -75792006084.5871, -14812457184.1166, 38618.8533520339, -2992.31118451602, -3787.79097024013
633765600       , 92556403535.4171, -75802778406.5723, -14826093231.5646, 38618.853391024 , -2992.31214063338, -3787.79094531284
633769200       , 92695431407.6947, -75813550731.9998, -14839729278.9228, 38618.8534298615, -2992.31309689102, -3787.7909203683
633772800       , 92834459280.1119, -75824323060.8701, -14853365326.1912, 38618.8534685465, -2992.31405328882, -3787.79089540652
633776400       , 92973487152.6681, -75835095393.1837, -14867001373.3697, 38618.8535070793, -2992.31500982669, -3787.79087042751
633780000       , 93112515025.3627, -75845867728.941, -14880637420.4583, 38618.8535454599, -2992.3159665045, -3787.79084543126
633783600       , 93251542898.1952, -75856640068.1427, -14894273467.4568, 38618.8535836884, -2992.31692332214, -3787.79082041779
633787200       , 93390570771.1651, -75867412410.7891, -14907909514.3653, 38618.8536217651, -2992.3178802795, -3787.79079538709
633790800       , 93529598644.2717, -75878184756.8808, -14921545561.1836, 38618.8536596901, -2992.31883737647, -3787.79077033916
633794400       , 93668626517.5147, -75888957106.4184, -14935181607.9117, 38618.8536974634, -2992.31979461293, -3787.79074527402
633798000       , 93807654390.8933, -75899729459.4022, -14948817654.5495, 38618.8537350852, -2992.32075198877, -3787.79072019167
633801600       , 93946682264.4071, -75910501815.8329, -14962453701.097, 38618.8537725557, -2992.32170950388, -3787.7906950921
633805200       , 94085710138.0555, -75921274175.7108, -14976089747.5542, 38618.853809875 , -2992.32266715813, -3787.79066997532
633808800       , 94224738011.838 , -75932046539.0366, -14989725793.9208, 38618.8538470433, -2992.32362495142, -3787.79064484134
633812400       , 94363765885.754 , -75942818905.8106, -15003361840.197, 38618.8538840605, -2992.32458288362, -3787.79061969016
633816000       , 94502793759.8031, -75953591276.0335, -15016997886.3826, 38618.853920927 , -2992.32554095463, -3787.79059452177
633819600       , 94641821633.9845, -75964363649.7057, -15030633932.4775, 38618.8539576428, -2992.32649916432, -3787.7905693362
633823200       , 94780849508.2979, -75975136026.8277, -15044269978.4818, 38618.8539942081, -2992.32745751258, -3787.79054413343
633826800       , 94919877382.7427, -75985908407.3999, -15057906024.3953, 38618.8540306229, -2992.3284159993, -3787.79051891347
633830400       , 95058905257.3182, -75996680791.423, -15071542070.2179, 38618.8540668874, -2992.32937462435, -3787.79049367633
