631152000       , -197429969152.161, -132172973046.662, 2040636646.37139, 14476.820392683 , -17993.3832638302, -732.124021640995
631155600       , -197377852597.998, -132237749228.013, 2038000999.89134, 14476.8208089964, -17993.3841534897, -732.124022831954
631159200       , -197325736042.336, -132302525412.567, 2035365353.40701, 14476.8212254034, -17993.3850432973, -732.124024020735
631162800       , -197273619485.175, -132367301600.325, 2032729706.9184 , 14476.8216419041, -17993.3859332532, -732.124025207335
631166400       , -197221502926.514, -132432077791.287, 2030094060.42552, 14476.8220584984, -17993.3868233573, -732.124026391753
631170000       , -197169386366.354, -132496853985.453, 2027458413.92838, 14476.8224751864, -17993.3877136098, -732.124027573987
631173600       , -197117269804.693, -132561630182.825, 2024822767.42699, 14476.822891968 , -17993.3886040106, -732.124028754036
631177200       , -197065153241.531, -132626406383.402, 2022187120.92135, 14476.8233088434, -17993.3894945598, -732.124029931898
631180800       , -197013036676.869, -132691182587.186, 2019551474.41148, 14476.8237258126, -17993.3903852574, -732.124031107572
631184400       , -196960920110.705, -132755958794.176, 2016915827.89738, 14476.8241428755, -17993.3912761036, -732.124032281056
631188000       , -196908803543.04, -132820735004.374, 2014280181.37906, 14476.8245600322, -17993.3921670984, -732.124033452349
631191600       , -196856686973.873, -132885511217.78, 2011644534.85653, 14476.8249772828, -17993.3930582417, -732.124034621448
631195200       , -196804570403.204, -132950287434.394, 2009008888.32979, 14476.8253946271, -17993.3939495337, -732.124035788352
631198800       , -196752453831.032, -133015063654.217, 2006373241.79885, 14476.8258120653, -17993.3948409744, -732.12403695306
631202400       , -196700337257.357, -133079839877.249, 2003737595.26373, 14476.8262295974, -17993.3957325639, -732.124038115571
631206000       , -196648220682.178, -133144616103.491, 2001101948.72442, 14476.8266472234, -17993.3966243022, -732.124039275881
631209600       , -196596104105.496, -133209392332.944, 1998466302.18094, 14476.8270649433, -17993.3975161894, -732.124040433991
631213200       , -196543987527.311, -133274168565.608, 1995830655.6333 , 14476.8274827572, -17993.3984082254, -732.124041589898
631216800       , -196491870947.621, -133338944801.483, 1993195009.0815 , 14476.827900665 , -17993.3993004105, -732.124042743601
631220400       , -196439754366.426, -133403721040.571, 1990559362.52555, 14476.8283186669, -17993.4001927445, -732.124043895098
631224000       , -196387637783.726, -133468497282.871, 1987923715.96546, 14476.8287367627, -17993.4010852276, -732.124045044387
631227600       , -196335521199.521, -133533273528.385, 1985288069.40123, 14476.8291549526, -17993.4019778599, -732.124046191468
631231200       , -196283404613.81, -133598049777.112, 1982652422.83288, 14476.8295732365, -17993.4028706413, -732.124047336338
631234800       , -196231288026.594, -133662826029.054, 1980016776.26041, 14476.8299916146, -17993.4037635719, -732.124048478997
631238400       , -196179171437.871, -133727602284.21, 1977381129.68383, 14476.8304100867, -17993.4046566518, -732.124049619441
631242000       , -196127054847.641, -133792378542.582, 1974745483.10316, 14476.8308286529, -17993.4055498811, -732.12405075767
631245600       , -196074938255.904, -133857154804.169, 1972109836.51838, 14476.8312473134, -17993.4064432596, -732.124051893682
631249200       , -196022821662.66, -133921931068.973, 1969474189.92952, 14476.8316660679, -17993.4073367877, -732.124053027476
631252800       , -195970705067.908, -133986707336.994, 1966838543.33659, 14476.8320849167, -17993.4082304652, -732.12405415905
631256400       , -195918588471.649, -134051483608.233, 1964202896.73958, 14476.8325038597, -17993.4091242922, -732.124055288403
631260000       , -195866471873.88, -134116259882.69, 1961567250.13851, 14476.8329228969, -17993.4100182688, -732.124056415532
631263600       , -195814355274.604, -134181036160.365, 1958931603.53339, 14476.8333420284, -17993.410912395, -732.124057540437
631267200       , -195762238673.818, -134245812441.259, 1956295956.92422, 14476.8337612542, -17993.4118066709, -732.124058663115
631270800       , -195710122071.522, -134310588725.373, 1953660310.31102, 14476.8341805743, -17993.4127010966, -732.124059783566
631274400       , -195658005467.717, -134375365012.707, 1951024663.69379, 14476.8345999888, -17993.413595672, -732.124060901787
631278000       , -195605888862.402, -134440141303.262, 1948389017.07253, 14476.8350194976, -17993.4144903973, -732.124062017777
631281600       , -195553772255.577, -134504917597.038, 1945753370.44726, 14476.8354391007, -17993.4153852724, -732.124063131535
631285200       , -195501655647.241, -134569693894.036, 1943117723.81799, 14476.8358587983, -17993.4162802975, -732.124064243059
631288800       , -195449539037.394, -134634470194.256, 1940482077.18471, 14476.8362785903, -17993.4171754726, -732.124065352347
631292400       , -195397422426.035, -134699246497.7 , 1937846430.54745, 14476.8366984767, -17993.4180707977, -732.124066459398
631296000       , -195345305813.164, -134764022804.366, 1935210783.90621, 14476.8371184577, -17993.418966273, -732.12406756421
631299600       , -195293189198.782, -134828799114.257, 1932575137.26099, 14476.8375385331, -17993.4198618983, -732.124068666781
631303200       , -195241072582.887, -134893575427.372, 1929939490.61181, 14476.837958703 , -17993.4207576739, -732.124069767111
631306800       , -195188955965.479, -134958351743.712, 1927303843.95867, 14476.8383789675, -17993.4216535997, -732.124070865197
631310400       , -195136839346.558, -135023128063.278, 1924668197.30158, 14476.8387993265, -17993.4225496758, -732.124071961039
631314000       , -195084722726.124, -135087904386.07, 1922032550.64055, 14476.8392197802, -17993.4234459023, -732.124073054633
631317600       , -195032606104.176, -135152680712.089, 1919396903.97559, 14476.8396403284, -17993.4243422792, -732.12407414598
631321200       , -194980489480.713, -135217457041.335, 1916761257.30671, 14476.8400609713, -17993.4252388065, -732.124075235076
631324800       , -194928372855.736, -135282233373.809, 1914125610.6339 , 14476.8404817088, -17993.4261354843, -732.124076321922
631328400       , -194876256229.245, -135347009709.511, 1911489963.95719, 14476.840902541 , -17993.4270323127, -732.124077406514
631332000       , -194824139601.238, -135411786048.441, 1908854317.27658, 14476.8413234679, -17993.4279292917, -732.124078488853
631335600       , -194772022971.716, -135476562390.602, 1906218670.59207, 14476.8417444896, -17993.4288264214, -732.124079568935
631339200       , -194719906340.678, -135541338735.992, 1903583023.90369, 14476.842165606 , -17993.4297237018, -732.124080646759
631342800       , -194667789708.123, -135606115084.612, 1900947377.21142, 14476.8425868172, -17993.430621133, -732.124081722325
631346400       , -194615673074.052, -135670891436.464, 1898311730.51529, 14476.8430081232, -17993.4315187149, -732.12408279563
631350000       , -194563556438.465, -135735667791.547, 1895676083.81529, 14476.843429524 , -17993.4324164478, -732.124083866673
631353600       , -194511439801.36, -135800444149.863, 1893040437.11145, 14476.8438510196, -17993.4333143316, -732.124084935451
631357200       , -194459323162.737, -135865220511.411, 1890404790.40376, 14476.8442726101, -17993.4342123663, -732.124086001965
631360800       , -194407206522.597, -135929996876.192, 1887769143.69224, 14476.8446942955, -17993.4351105521, -732.124087066212
631364400       , -194355089880.938, -135994773244.207, 1885133496.97689, 14476.8451160759, -17993.436008889, -732.12408812819
631368000       , -194302973237.761, -136059549615.456, 1882497850.25772, 14476.8455379511, -17993.436907377, -732.124089187898
631371600       , -194250856593.065, -136124325989.94, 1879862203.53474, 14476.8459599214, -17993.4378060163, -732.124090245335
631375200       , -194198739946.849, -136189102367.66, 1877226556.80795, 14476.8463819866, -17993.4387048067, -732.124091300499
631378800       , -194146623299.114, -136253878748.615, 1874590910.07738, 14476.8468041468, -17993.4396037484, -732.124092353388
631382400       , -194094506649.859, -136318655132.807, 1871955263.34301, 14476.8472264021, -17993.4405028415, -732.124093404001
631386000       , -194042389999.084, -136383431520.236, 1869319616.60487, 14476.8476487525, -17993.441402086, -732.124094452336
631389600       , -193990273346.788, -136448207910.902, 1866683969.86296, 14476.8480711979, -17993.442301482, -732.124095498392
631393200       , -193938156692.972, -136512984304.806, 1864048323.11729, 14476.8484937384, -17993.4432010294, -732.124096542167
631396800       , -193886040037.633, -136577760701.95, 1861412676.36786, 14476.8489163741, -17993.4441007284, -732.124097583659
631400400       , -193833923380.774, -136642537102.332, 1858777029.61469, 14476.8493391049, -17993.445000579, -732.124098622868
631404000       , -193781806722.392, -136707313505.954, 1856141382.85778, 14476.8497619309, -17993.4459005813, -732.124099659791
631407600       , -193729690062.488, -136772089912.816, 1853505736.09714, 14476.8501848521, -17993.4468007353, -732.124100694427
631411200       , -193677573401.061, -136836866322.919, 1850870089.33278, 14476.8506078686, -17993.4477010411, -732.124101726774
631414800       , -193625456738.111, -136901642736.264, 1848234442.56471, 14476.8510309802, -17993.4486014987, -732.124102756831
631418400       , -193573340073.637, -136966419152.85, 1845598795.79293, 14476.8514541872, -17993.4495021082, -732.124103784597
631422000       , -193521223407.641, -137031195572.679, 1842963149.01746, 14476.8518774895, -17993.4504028696, -732.124104810069
631425600       , -193469106740.119, -137095971995.751, 1840327502.2383 , 14476.8523008871, -17993.4513037829, -732.124105833247
631429200       , -193416990071.074, -137160748422.067, 1837691855.45547, 14476.85272438  , -17993.4522048484, -732.124106854128
631432800       , -193364873400.504, -137225524851.626, 1835056208.66896, 14476.8531479684, -17993.4531060659, -732.124107872711
631436400       , -193312756728.409, -137290301284.431, 1832420561.87878, 14476.8535716521, -17993.4540074355, -732.124108888995
631440000       , -193260640054.788, -137355077720.48, 1829784915.08496, 14476.8539954312, -17993.4549089574, -732.124109902978
631443600       , -193208523379.641, -137419854159.775, 1827149268.28749, 14476.8544193058, -17993.4558106315, -732.124110914658
631447200       , -193156406702.969, -137484630602.317, 1824513621.48638, 14476.8548432759, -17993.4567124579, -732.124111924035
631450800       , -193104290024.77, -137549407048.105, 1821877974.68164, 14476.8552673414, -17993.4576144366, -732.124112931105
631454400       , -193052173345.044, -137614183497.141, 1819242327.87327, 14476.8556915025, -17993.4585165678, -732.124113935869
631458000       , -193000056663.791, -137678959949.425, 1816606681.0613 , 14476.8561157592, -17993.4594188514, -732.124114938324
631461600       , -192947939981.01, -137743736404.957, 1813971034.24572, 14476.8565401114, -17993.4603212875, -732.124115938468
631465200       , -192895823296.702, -137808512863.738, 1811335387.42655, 14476.8569645592, -17993.4612238763, -732.124116936301
631468800       , -192843706610.865, -137873289325.769, 1808699740.60378, 14476.8573891026, -17993.4621266176, -732.124117931821
631472400       , -192791589923.5 , -137938065791.05, 1806064093.77744, 14476.8578137417, -17993.4630295116, -732.124118925026
631476000       , -192739473234.606, -138002842259.582, 1803428446.94753, 14476.8582384764, -17993.4639325584, -732.124119915914
631479600       , -192687356544.183, -138067618731.365, 1800792800.11405, 14476.8586633068, -17993.4648357579, -732.124120904484
631483200       , -192635239852.23, -138132395206.399, 1798157153.27702, 14476.859088233 , -17993.4657391103, -732.124121890735
631486800       , -192583123158.748, -138197171684.686, 1795521506.43644, 14476.8595132549, -17993.4666426155, -732.124122874665
631490400       , -192531006463.735, -138261948166.226, 1792885859.59232, 14476.8599383725, -17993.4675462737, -732.124123856272
631494000       , -192478889767.191, -138326724651.02, 1790250212.74467, 14476.860363586 , -17993.468450085, -732.124124835556
631497600       , -192426773069.117, -138391501139.067, 1787614565.89351, 14476.8607888952, -17993.4693540492, -732.124125812513
631501200       , -192374656369.511, -138456277630.369, 1784978919.03883, 14476.8612143004, -17993.4702581666, -732.124126787144
631504800       , -192322539668.374, -138521054124.926, 1782343272.18064, 14476.8616398013, -17993.4711624371, -732.124127759446
631508400       , -192270422965.704, -138585830622.739, 1779707625.31896, 14476.8620653982, -17993.4720668609, -732.124128729417
631512000       , -192218306261.503, -138650607123.808, 1777071978.45379, 14476.862491091 , -17993.4729714379, -732.124129697057
631515600       , -192166189555.768, -138715383628.133, 1774436331.58515, 14476.8629168798, -17993.4738761682, -732.124130662363
631519200       , -192114072848.501, -138780160135.716, 1771800684.71303, 14476.8633427645, -17993.474781052, -732.124131625335
631522800       , -192061956139.7 , -138844936646.557, 1769165037.83745, 14476.8637687452, -17993.4756860891, -732.12413258597
631526400       , -192009839429.366, -138909713160.656, 1766529390.95841, 14476.8641948219, -17993.4765912798, -732.124133544268
631530000       , -191957722717.498, -138974489678.014, 1763893744.07593, 14476.8646209947, -17993.477496624, -732.124134500226
631533600       , -191905606004.095, -139039266198.632, 1761258097.19001, 14476.8650472635, -17993.4784021218, -732.124135453843
631537200       , -191853489289.157, -139104042722.51, 1758622450.30067, 14476.8654736285, -17993.4793077732, -732.124136405117
631540800       , -191801372572.684, -139168819249.648, 1755986803.4079 , 14476.8659000895, -17993.4802135784, -732.124137354048
631544400       , -191749255854.676, -139233595780.048, 1753351156.51172, 14476.8663266468, -17993.4811195373, -732.124138300633
631548000       , -191697139135.133, -139298372313.709, 1750715509.61214, 14476.8667533001, -17993.48202565 , -732.12413924487
631551600       , -191645022414.053, -139363148850.633, 1748079862.70916, 14476.8671800497, -17993.4829319166, -732.12414018676
631555200       , -191592905691.436, -139427925390.819, 1745444215.80279, 14476.8676068955, -17993.4838383371, -732.124141126299
631558800       , -191540788967.283, -139492701934.269, 1742808568.89305, 14476.8680338376, -17993.4847449116, -732.124142063486
631562400       , -191488672241.592, -139557478480.983, 1740172921.97994, 14476.8684608759, -17993.4856516401, -732.12414299832
631566000       , -191436555514.364, -139622255030.961, 1737537275.06347, 14476.8688880105, -17993.4865585227, -732.1241439308 
631569600       , -191384438785.598, -139687031584.204, 1734901628.14364, 14476.8693152415, -17993.4874655594, -732.124144860923
631573200       , -191332322055.294, -139751808140.713, 1732265981.22047, 14476.8697425688, -17993.4883727504, -732.124145788689
631576800       , -191280205323.452, -139816584700.488, 1729630334.29397, 14476.8701699924, -17993.4892800956, -732.124146714095
631580400       , -191228088590.07, -139881361263.53, 1726994687.36413, 14476.8705975125, -17993.4901875951, -732.12414763714
631584000       , -191175971855.15, -139946137829.839, 1724359040.43098, 14476.871025129 , -17993.4910952489, -732.124148557823
631587600       , -191123855118.689, -140010914399.416, 1721723393.49452, 14476.871452842 , -17993.4920030572, -732.124149476142
631591200       , -191071738380.689, -140075690972.261, 1719087746.55476, 14476.8718806514, -17993.49291102 , -732.124150392096
631594800       , -191019621641.149, -140140467548.376, 1716452099.6117 , 14476.8723085574, -17993.4938191373, -732.124151305683
631598400       , -190967504900.067, -140205244127.759, 1713816452.66536, 14476.8727365598, -17993.4947274091, -732.124152216901
631602000       , -190915388157.445, -140270020710.413, 1711180805.71574, 14476.8731646589, -17993.4956358356, -732.124153125749
631605600       , -190863271413.282, -140334797296.337, 1708545158.76285, 14476.8735928545, -17993.4965444168, -732.124154032226
631609200       , -190811154667.577, -140399573885.533, 1705909511.80671, 14476.8740211467, -17993.4974531527, -732.12415493633
631612800       , -190759037920.329, -140464350478   , 1703273864.84732, 14476.8744495356, -17993.4983620435, -732.124155838059
631616400       , -190706921171.54, -140529127073.74, 1700638217.88468, 14476.8748780211, -17993.4992710891, -732.124156737412
631620000       , -190654804421.207, -140593903672.752, 1698002570.91881, 14476.8753066034, -17993.5001802896, -732.124157634388
631623600       , -190602687669.332, -140658680275.038, 1695366923.94971, 14476.8757352823, -17993.501089645, -732.124158528984
631627200       , -190550570915.913, -140723456880.598, 1692731276.9774 , 14476.876164058 , -17993.5019991555, -732.1241594212 
631630800       , -190498454160.951, -140788233489.432, 1690095630.00189, 14476.8765929304, -17993.5029088211, -732.124160311034
631634400       , -190446337404.444, -140853010101.542, 1687459983.02317, 14476.8770218996, -17993.5038186418, -732.124161198484
631638000       , -190394220646.393, -140917786716.927, 1684824336.04126, 14476.8774509657, -17993.5047286177, -732.124162083549
631641600       , -190342103886.797, -140982563335.588, 1682188689.05617, 14476.8778801286, -17993.5056387488, -732.124162966227
631645200       , -190289987125.656, -141047339957.526, 1679553042.06791, 14476.8783093884, -17993.5065490353, -732.124163846517
631648800       , -190237870362.969, -141112116582.741, 1676917395.07648, 14476.878738745 , -17993.5074594771, -732.124164724417
631652400       , -190185753598.737, -141176893211.234, 1674281748.08189, 14476.8791681986, -17993.5083700743, -732.124165599926
631656000       , -190133636832.958, -141241669843.006, 1671646101.08416, 14476.8795977492, -17993.509280827, -732.124166473042
631659600       , -190081520065.633, -141306446478.056, 1669010454.08329, 14476.8800273967, -17993.5101917352, -732.124167343764
631663200       , -190029403296.761, -141371223116.387, 1666374807.07929, 14476.8804571413, -17993.5111027989, -732.12416821209
631666800       , -189977286526.341, -141435999757.997, 1663739160.07217, 14476.8808869828, -17993.5120140183, -732.124169078019
631670400       , -189925169754.374, -141500776402.888, 1661103513.06193, 14476.8813169215, -17993.5129253934, -732.124169941549
631674000       , -189873052980.859, -141565553051.06, 1658467866.04859, 14476.8817469572, -17993.5138369243, -732.124170802678
631677600       , -189820936205.796, -141630329702.514, 1655832219.03215, 14476.88217709  , -17993.5147486109, -732.124171661406
631681200       , -189768819429.184, -141695106357.25, 1653196572.01263, 14476.88260732  , -17993.5156604534, -732.12417251773
631684800       , -189716702651.023, -141759883015.269, 1650560924.99003, 14476.8830376471, -17993.5165724518, -732.12417337165
631688400       , -189664585871.313, -141824659676.572, 1647925277.96436, 14476.8834680714, -17993.5174846062, -732.124174223163
631692000       , -189612469090.053, -141889436341.159, 1645289630.93562, 14476.883898593 , -17993.5183969166, -732.124175072268
631695600       , -189560352307.243, -141954213009.03, 1642653983.90384, 14476.8843292117, -17993.5193093831, -732.124175918964
631699200       , -189508235522.883, -142018989680.186, 1640018336.86901, 14476.8847599278, -17993.5202220057, -732.124176763249
631702800       , -189456118736.971, -142083766354.628, 1637382689.83115, 14476.8851907412, -17993.5211347846, -732.124177605121
631706400       , -189404001949.509, -142148543032.357, 1634747042.79026, 14476.8856216519, -17993.5220477196, -732.12417844458
631710000       , -189351885160.495, -142213319713.372, 1632111395.74635, 14476.8860526599, -17993.522960811, -732.124179281623
631713600       , -189299768369.93, -142278096397.675, 1629475748.69943, 14476.8864837653, -17993.5238740587, -732.124180116249
631717200       , -189247651577.812, -142342873085.266, 1626840101.64951, 14476.8869149682, -17993.5247874629, -732.124180948456
631720800       , -189195534784.142, -142407649776.145, 1624204454.59661, 14476.8873462684, -17993.5257010235, -732.124181778244
631724400       , -189143417988.919, -142472426470.313, 1621568807.54071, 14476.8877776662, -17993.5266147407, -732.12418260561
631728000       , -189091301192.143, -142537203167.771, 1618933160.48185, 14476.8882091614, -17993.5275286144, -732.124183430553
631731600       , -189039184393.813, -142601979868.519, 1616297513.42002, 14476.8886407542, -17993.5284426448, -732.124184253071
631735200       , -188987067593.929, -142666756572.558, 1613661866.35523, 14476.8890724445, -17993.5293568319, -732.124185073164
631738800       , -188934950792.491, -142731533279.889, 1611026219.28749, 14476.8895042323, -17993.5302711758, -732.124185890829
631742400       , -188882833989.499, -142796309990.511, 1608390572.21682, 14476.8899361178, -17993.5311856764, -732.124186706065
631746000       , -188830717184.951, -142861086704.426, 1605754925.14321, 14476.8903681009, -17993.5321003339, -732.12418751887
631749600       , -188778600378.848, -142925863421.634, 1603119278.06668, 14476.8908001816, -17993.5330151484, -732.124188329243
631753200       , -188726483571.19, -142990640142.135, 1600483630.98724, 14476.8912323601, -17993.5339301198, -732.124189137183
631756800       , -188674366761.975, -143055416865.931, 1597847983.9049 , 14476.8916646362, -17993.5348452483, -732.124189942688
631760400       , -188622249951.204, -143120193593.021, 1595212336.81966, 14476.8920970101, -17993.5357605339, -732.124190745756
631764000       , -188570133138.876, -143184970323.407, 1592576689.73153, 14476.8925294818, -17993.5366759766, -732.124191546386
631767600       , -188518016324.992, -143249747057.088, 1589941042.64053, 14476.8929620512, -17993.5375915765, -732.124192344577
631771200       , -188465899509.549, -143314523794.066, 1587305395.54666, 14476.8933947185, -17993.5385073337, -732.124193140327
631774800       , -188413782692.55, -143379300534.341, 1584669748.44992, 14476.8938274836, -17993.5394232483, -732.124193933634
631778400       , -188361665873.991, -143444077277.914, 1582034101.35034, 14476.8942603466, -17993.5403393202, -732.124194724496
631782000       , -188309549053.875, -143508854024.785, 1579398454.24791, 14476.8946933075, -17993.5412555495, -732.124195512914
631785600       , -188257432232.2 , -143573630774.954, 1576762807.14265, 14476.8951263663, -17993.5421719363, -732.124196298884
631789200       , -188205315408.965, -143638407528.423, 1574127160.03456, 14476.8955595231, -17993.5430884807, -732.124197082406
631792800       , -188153198584.171, -143703184285.191, 1571491512.92366, 14476.8959927779, -17993.5440051827, -732.124197863477
631796400       , -188101081757.817, -143767961045.26, 1568855865.80995, 14476.8964261307, -17993.5449220423, -732.124198642097
631800000       , -188048964929.903, -143832737808.63, 1566220218.69344, 14476.8968595815, -17993.5458390597, -732.124199418264
631803600       , -187996848100.428, -143897514575.302, 1563584571.57414, 14476.8972931305, -17993.5467562349, -732.124200191976
631807200       , -187944731269.392, -143962291345.275, 1560948924.45206, 14476.8977267775, -17993.5476735678, -732.124200963233
631810800       , -187892614436.795, -144027068118.552, 1558313277.3272 , 14476.8981605226, -17993.5485910587, -732.124201732031
631814400       , -187840497602.636, -144091844895.131, 1555677630.19959, 14476.898594366 , -17993.5495087076, -732.124202498371
631818000       , -187788380766.915, -144156621675.014, 1553041983.06922, 14476.8990283075, -17993.5504265144, -732.12420326225
631821600       , -187736263929.632, -144221398458.202, 1550406335.9361 , 14476.8994623472, -17993.5513444793, -732.124204023667
631825200       , -187684147090.786, -144286175244.695, 1547770688.80025, 14476.8998964851, -17993.5522626023, -732.12420478262
631828800       , -187632030250.377, -144350952034.493, 1545135041.66167, 14476.9003307214, -17993.5531808835, -732.124205539109
631832400       , -187579913408.405, -144415728827.597, 1542499394.52037, 14476.9007650559, -17993.5540993229, -732.124206293131
631836000       , -187527796564.869, -144480505624.008, 1539863747.37636, 14476.9011994888, -17993.5550179207, -732.124207044684
631839600       , -187475679719.769, -144545282423.727, 1537228100.22965, 14476.90163402  , -17993.5559366768, -732.124207793769
631843200       , -187423562873.104, -144610059226.753, 1534592453.08025, 14476.9020686496, -17993.5568555912, -732.124208540382
631846800       , -187371446024.874, -144674836033.087, 1531956805.92817, 14476.9025033776, -17993.5577746642, -732.124209284522
631850400       , -187319329175.079, -144739612842.73, 1529321158.77341, 14476.9029382041, -17993.5586938957, -732.124210026189
631854000       , -187267212323.719, -144804389655.683, 1526685511.61598, 14476.903373129 , -17993.5596132857, -732.12421076538
631857600       , -187215095470.793, -144869166471.946, 1524049864.4559 , 14476.9038081524, -17993.5605328344, -732.124211502094
631861200       , -187162978616.3 , -144933943291.52, 1521414217.29317, 14476.9042432744, -17993.5614525418, -732.12421223633
631864800       , -187110861760.241, -144998720114.405, 1518778570.1278 , 14476.9046784949, -17993.562372408, -732.124212968085
631868400       , -187058744902.615, -145063496940.601, 1516142922.9598 , 14476.905113814 , -17993.5632924329, -732.124213697359
631872000       , -187006628043.421, -145128273770.11, 1513507275.78918, 14476.9055492318, -17993.5642126168, -732.12421442415
631875600       , -186954511182.66, -145193050602.932, 1510871628.61595, 14476.9059847482, -17993.5651329595, -732.124215148456
631879200       , -186902394320.331, -145257827439.068, 1508235981.44012, 14476.9064203632, -17993.5660534613, -732.124215870277
631882800       , -186850277456.434, -145322604278.518, 1505600334.26169, 14476.906856077 , -17993.5669741221, -732.12421658961
631886400       , -186798160590.967, -145387381121.282, 1502964687.08067, 14476.9072918894, -17993.5678949419, -732.124217306454
631890000       , -186746043723.932, -145452157967.361, 1500329039.89708, 14476.9077278007, -17993.568815921, -732.124218020808
631893600       , -186693926855.327, -145516934816.757, 1497693392.71093, 14476.9081638107, -17993.5697370592, -732.12421873267
631897200       , -186641809985.152, -145581711669.468, 1495057745.52221, 14476.9085999196, -17993.5706583568, -732.124219442038
631900800       , -186589693113.407, -145646488525.497, 1492422098.33095, 14476.9090361273, -17993.5715798137, -732.124220148911
631904400       , -186537576240.092, -145711265384.843, 1489786451.13714, 14476.9094724339, -17993.5725014299, -732.124220853288
631908000       , -186485459365.206, -145776042247.508, 1487150803.94081, 14476.9099088394, -17993.5734232056, -732.124221555167
631911600       , -186433342488.748, -145840819113.49, 1484515156.74195, 14476.9103453438, -17993.5743451408, -732.124222254547
631915200       , -186381225610.719, -145905595982.793, 1481879509.54058, 14476.9107819472, -17993.5752672356, -732.124222951426
631918800       , -186329108731.118, -145970372855.415, 1479243862.3367 , 14476.9112186496, -17993.57618949 , -732.124223645802
631922400       , -186276991849.945, -146035149731.357, 1476608215.13033, 14476.911655451 , -17993.5771119041, -732.124224337675
631926000       , -186224874967.199, -146099926610.621, 1473972567.92147, 14476.9120923515, -17993.5780344779, -732.124225027042
631929600       , -186172758082.88, -146164703493.206, 1471336920.71014, 14476.9125293511, -17993.5789572115, -732.124225713903
631933200       , -186120641196.987, -146229480379.113, 1468701273.49634, 14476.9129664498, -17993.579880105, -732.124226398255
631936800       , -186068524309.521, -146294257268.343, 1466065626.28007, 14476.9134036476, -17993.5808031584, -732.124227080097
631940400       , -186016407420.481, -146359034160.896, 1463429979.06136, 14476.9138409446, -17993.5817263717, -732.124227759428
631944000       , -185964290529.866, -146423811056.773, 1460794331.84021, 14476.9142783408, -17993.5826497451, -732.124228436246
631947600       , -185912173637.677, -146488587955.974, 1458158684.61662, 14476.9147158362, -17993.5835732786, -732.12422911055
631951200       , -185860056743.912, -146553364858.5 , 1455523037.39062, 14476.9151534309, -17993.5844969722, -732.124229782339
631954800       , -185807939848.572, -146618141764.352, 1452887390.16219, 14476.9155911249, -17993.5854208261, -732.12423045161
631958400       , -185755822951.656, -146682918673.531, 1450251742.93137, 14476.9160289182, -17993.5863448402, -732.124231118362
631962000       , -185703706053.164, -146747695586.035, 1447616095.69814, 14476.9164668109, -17993.5872690146, -732.124231782594
631965600       , -185651589153.095, -146812472501.868, 1444980448.46254, 14476.9169048029, -17993.5881933494, -732.124232444305
631969200       , -185599472251.449, -146877249421.028, 1442344801.22455, 14476.9173428944, -17993.5891178446, -732.124233103492
631972800       , -185547355348.226, -146942026343.516, 1439709153.98419, 14476.9177810853, -17993.5900425004, -732.124233760155
631976400       , -185495238443.425, -147006803269.334, 1437073506.74148, 14476.9182193757, -17993.5909673167, -732.124234414292
631980000       , -185443121537.046, -147071580198.481, 1434437859.49641, 14476.9186577656, -17993.5918922936, -732.124235065901
631983600       , -185391004629.089, -147136357130.959, 1431802212.24901, 14476.919096255 , -17993.5928174312, -732.124235714981
631987200       , -185338887719.553, -147201134066.767, 1429166564.99927, 14476.919534844 , -17993.5937427295, -732.12423636153
631990800       , -185286770808.438, -147265911005.907, 1426530917.74721, 14476.9199735326, -17993.5946681886, -732.124237005547
631994400       , -185234653895.744, -147330687948.378, 1423895270.49283, 14476.9204123208, -17993.5955938086, -732.124237647031
631998000       , -185182536981.469, -147395464894.182, 1421259623.23615, 14476.9208512087, -17993.5965195895, -732.12423828598
632001600       , -185130420065.615, -147460241843.319, 1418623975.97718, 14476.9212901962, -17993.5974455313, -732.124238922392
632005200       , -185078303148.18, -147525018795.79, 1415988328.71591, 14476.9217292835, -17993.5983716342, -732.124239556266
632008800       , -185026186229.164, -147589795751.595, 1413352681.45237, 14476.9221684705, -17993.5992978982, -732.124240187601
632012400       , -184974069308.567, -147654572710.735, 1410717034.18657, 14476.9226077573, -17993.6002243233, -732.124240816395
632016000       , -184921952386.388, -147719349673.211, 1408081386.9185 , 14476.9230471439, -17993.6011509096, -732.124241442647
632019600       , -184869835462.627, -147784126639.022, 1405445739.64818, 14476.9234866303, -17993.6020776571, -732.124242066354
632023200       , -184817718537.284, -147848903608.17, 1402810092.37562, 14476.9239262166, -17993.603004566, -732.124242687517
632026800       , -184765601610.358, -147913680580.655, 1400174445.10083, 14476.9243659029, -17993.6039316363, -732.124243306132
632030400       , -184713484681.849, -147978457556.478, 1397538797.82382, 14476.924805689 , -17993.6048588681, -732.124243922199
632034000       , -184661367751.757, -148043234535.639, 1394903150.5446 , 14476.9252455751, -17993.6057862613, -732.124244535717
632037600       , -184609250820.081, -148108011518.139, 1392267503.26317, 14476.9256855612, -17993.6067138161, -732.124245146683
632041200       , -184557133886.821, -148172788503.979, 1389631855.97954, 14476.9261256473, -17993.6076415325, -732.124245755096
632044800       , -184505016951.976, -148237565493.158, 1386996208.69373, 14476.9265658335, -17993.6085694105, -732.124246360955
632048400       , -184452900015.547, -148302342485.679, 1384360561.40575, 14476.9270061198, -17993.6094974504, -732.124246964259
632052000       , -184400783077.532, -148367119481.54, 1381724914.1156 , 14476.9274465062, -17993.610425652, -732.124247565005
632055600       , -184348666137.932, -148431896480.744, 1379089266.82328, 14476.9278869927, -17993.6113540154, -732.124248163193
632059200       , -184296549196.746, -148496673483.289, 1376453619.52882, 14476.9283275794, -17993.6122825408, -732.12424875882
632062800       , -184244432253.973, -148561450489.178, 1373817972.23222, 14476.9287682663, -17993.6132112282, -732.124249351886
632066400       , -184192315309.614, -148626227498.41, 1371182324.93349, 14476.9292090535, -17993.6141400776, -732.124249942389
632070000       , -184140198363.668, -148691004510.987, 1368546677.63264, 14476.9296499409, -17993.6150690891, -732.124250530327
632073600       , -184088081416.134, -148755781526.908, 1365911030.32968, 14476.9300909287, -17993.6159982627, -732.124251115699
632077200       , -184035964467.013, -148820558546.175, 1363275383.02461, 14476.9305320168, -17993.6169275986, -732.124251698504
632080800       , -183983847516.304, -148885335568.787, 1360639735.71745, 14476.9309732052, -17993.6178570967, -732.124252278739
632084400       , -183931730564.006, -148950112594.746, 1358004088.40821, 14476.9314144941, -17993.6187867571, -732.124252856405
632088000       , -183879613610.119, -149014889624.052, 1355368441.09689, 14476.9318558833, -17993.61971658 , -732.124253431498
632091600       , -183827496654.643, -149079666656.705, 1352732793.7835 , 14476.9322973731, -17993.6206465653, -732.124254004018
632095200       , -183775379697.578, -149144443692.707, 1350097146.46806, 14476.9327389633, -17993.6215767131, -732.124254573963
632098800       , -183723262738.923, -149209220732.058, 1347461499.15057, 14476.9331806541, -17993.6225070235, -732.124255141332
632102400       , -183671145778.677, -149273997774.758, 1344825851.83105, 14476.9336224454, -17993.6234374965, -732.124255706123
632106000       , -183619028816.841, -149338774820.808, 1342190204.50949, 14476.9340643373, -17993.6243681322, -732.124256268335
632109600       , -183566911853.414, -149403551870.209, 1339554557.18592, 14476.9345063298, -17993.6252989306, -732.124256827965
632113200       , -183514794888.395, -149468328922.961, 1336918909.86034, 14476.934948423 , -17993.6262298919, -732.124257385014
632116800       , -183462677921.785, -149533105979.064, 1334283262.53275, 14476.9353906169, -17993.627161016, -732.124257939479
632120400       , -183410560953.583, -149597883038.52, 1331647615.20317, 14476.9358329115, -17993.6280923031, -732.124258491359
632124000       , -183358443983.788, -149662660101.329, 1329011967.87162, 14476.9362753068, -17993.6290237531, -732.124259040652
632127600       , -183306327012.4 , -149727437167.491, 1326376320.53808, 14476.9367178029, -17993.6299553662, -732.124259587357
632131200       , -183254210039.42, -149792214237.008, 1323740673.20259, 14476.9371603998, -17993.6308871424, -732.124260131473
632134800       , -183202093064.845, -149856991309.879, 1321105025.86514, 14476.9376030976, -17993.6318190818, -732.124260672997
632138400       , -183149976088.677, -149921768386.105, 1318469378.52575, 14476.9380458963, -17993.6327511844, -732.124261211929
632142000       , -183097859110.915, -149986545465.688, 1315833731.18442, 14476.9384887958, -17993.6336834503, -732.124261748267
632145600       , -183045742131.558, -150051322548.626, 1313198083.84116, 14476.9389317963, -17993.6346158795, -732.12426228201
632149200       , -182993625150.606, -150116099634.922, 1310562436.49599, 14476.9393748978, -17993.6355484722, -732.124262813155
632152800       , -182941508168.058, -150180876724.576, 1307926789.14891, 14476.9398181003, -17993.6364812283, -732.124263341703
632156400       , -182889391183.915, -150245653817.587, 1305291141.79993, 14476.9402614038, -17993.6374141479, -732.12426386765
632160000       , -182837274198.176, -150310430913.958, 1302655494.44907, 14476.9407048084, -17993.6383472312, -732.124264390996
632163600       , -182785157210.84, -150375208013.688, 1300019847.09632, 14476.9411483141, -17993.6392804781, -732.124264911739
632167200       , -182733040221.908, -150439985116.777, 1297384199.74171, 14476.9415919209, -17993.6402138887, -732.124265429878
632170800       , -182680923231.378, -150504762223.228, 1294748552.38523, 14476.9420356289, -17993.641147463, -732.124265945411
632174400       , -182628806239.251, -150569539333.039, 1292112905.0269 , 14476.9424794381, -17993.6420812012, -732.124266458337
632178000       , -182576689245.526, -150634316446.213, 1289477257.66673, 14476.9429233486, -17993.6430151033, -732.124266968655
632181600       , -182524572250.203, -150699093562.748, 1286841610.30473, 14476.9433673603, -17993.6439491693, -732.124267476362
632185200       , -182472455253.281, -150763870682.647, 1284205962.94091, 14476.9438114733, -17993.6448833994, -732.124267981458
632188800       , -182420338254.76, -150828647805.909, 1281570315.57527, 14476.9442556876, -17993.6458177935, -732.12426848394
632192400       , -182368221254.64, -150893424932.535, 1278934668.20782, 14476.9447000033, -17993.6467523518, -732.124268983808
632196000       , -182316104252.92, -150958202062.526, 1276299020.83859, 14476.9451444204, -17993.6476870742, -732.12426948106
632199600       , -182263987249.6 , -151022979195.882, 1273663373.46756, 14476.9455889389, -17993.6486219609, -732.124269975695
632203200       , -182211870244.68, -151087756332.604, 1271027726.09476, 14476.9460335589, -17993.6495570119, -732.124270467711
632206800       , -182159753238.159, -151152533472.693, 1268392078.7202 , 14476.9464782804, -17993.6504922273, -732.124270957106
632210400       , -182107636230.036, -151217310616.149, 1265756431.34388, 14476.9469231034, -17993.6514276072, -732.124271443879
632214000       , -182055519220.312, -151282087762.972, 1263120783.96581, 14476.947368028 , -17993.6523631515, -732.12427192803
632217600       , -182003402208.986, -151346864913.163, 1260485136.586  , 14476.9478130542, -17993.6532988604, -732.124272409555
632221200       , -181951285196.058, -151411642066.724, 1257849489.20446, 14476.948258182 , -17993.6542347338, -732.124272888454
632224800       , -181899168181.527, -151476419223.654, 1255213841.8212 , 14476.9487034115, -17993.655170772, -732.124273364725
632228400       , -181847051165.393, -151541196383.954, 1252578194.43624, 14476.9491487426, -17993.6561069749, -732.124273838368
632232000       , -181794934147.656, -151605973547.624, 1249942547.04957, 14476.9495941755, -17993.6570433426, -732.124274309379
632235600       , -181742817128.315, -151670750714.666, 1247306899.66121, 14476.9500397102, -17993.6579798752, -732.124274777759
632239200       , -181690700107.37, -151735527885.079, 1244671252.27117, 14476.9504853467, -17993.6589165727, -732.124275243505
632242800       , -181638583084.82, -151800305058.865, 1242035604.87946, 14476.950931085 , -17993.6598534352, -732.124275706616
632246400       , -181586466060.666, -151865082236.024, 1239399957.48609, 14476.9513769251, -17993.6607904627, -732.12427616709
632250000       , -181534349034.906, -151929859416.557, 1236764310.09106, 14476.9518228672, -17993.6617276553, -732.124276624927
632253600       , -181482232007.541, -151994636600.464, 1234128662.69439, 14476.9522689112, -17993.6626650131, -732.124277080124
632257200       , -181430114978.57, -152059413787.745, 1231493015.29609, 14476.9527150571, -17993.6636025361, -732.12427753268
632260800       , -181377997947.993, -152124190978.402, 1228857367.89616, 14476.953161305 , -17993.6645402244, -732.124277982594
632264400       , -181325880915.809, -152188968172.435, 1226221720.49462, 14476.953607655 , -17993.665478078, -732.124278429864
632268000       , -181273763882.018, -152253745369.844, 1223586073.09147, 14476.9540541071, -17993.666416097, -732.124278874488
632271600       , -181221646846.619, -152318522570.631, 1220950425.68673, 14476.9545006612, -17993.6673542815, -732.124279316467
632275200       , -181169529809.613, -152383299774.795, 1218314778.28039, 14476.9549473175, -17993.6682926316, -732.124279755796
632278800       , -181117412770.998, -152448076982.338, 1215679130.87249, 14476.9553940759, -17993.6692311472, -732.124280192477
632282400       , -181065295730.775, -152512854193.26, 1213043483.46301, 14476.9558409366, -17993.6701698285, -732.124280626506
632286000       , -181013178688.943, -152577631407.561, 1210407836.05198, 14476.9562878995, -17993.6711086755, -732.124281057883
632289600       , -180961061645.502, -152642408625.243, 1207772188.6394 , 14476.9567349646, -17993.6720476883, -732.124281486605
632293200       , -180908944600.451, -152707185846.305, 1205136541.22528, 14476.9571821321, -17993.6729868669, -732.124281912672
632296800       , -180856827553.791, -152771963070.748, 1202500893.80963, 14476.9576294019, -17993.6739262114, -732.124282336082
632300400       , -180804710505.52, -152836740298.574, 1199865246.39246, 14476.9580767741, -17993.6748657218, -732.124282756834
632304000       , -180752593455.638, -152901517529.782, 1197229598.97378, 14476.9585242486, -17993.6758053983, -732.124283174926
632307600       , -180700476404.145, -152966294764.373, 1194593951.55361, 14476.9589718257, -17993.6767452409, -732.124283590357
632311200       , -180648359351.041, -153031072002.348, 1191958304.13194, 14476.9594195052, -17993.6776852496, -732.124284003125
632314800       , -180596242296.324, -153095849243.707, 1189322656.70879, 14476.9598672872, -17993.6786254245, -732.124284413228
632318400       , -180544125239.996, -153160626488.451, 1186687009.28416, 14476.9603151717, -17993.6795657657, -732.124284820666
632322000       , -180492008182.055, -153225403736.58, 1184051361.85808, 14476.9607631588, -17993.6805062732, -732.124285225437
632325600       , -180439891122.501, -153290180988.096, 1181415714.43054, 14476.9612112486, -17993.681446947, -732.124285627539
632329200       , -180387774061.334, -153354958242.999, 1178780067.00157, 14476.961659441 , -17993.6823877874, -732.124286026971
632332800       , -180335656998.553, -153419735501.288, 1176144419.57115, 14476.9621077361, -17993.6833287942, -732.124286423732
632336400       , -180283539934.158, -153484512762.966, 1173508772.13932, 14476.9625561339, -17993.6842699676, -732.124286817819
632340000       , -180231422868.149, -153549290028.032, 1170873124.70607, 14476.9630046344, -17993.6852113077, -732.124287209233
632343600       , -180179305800.525, -153614067296.488, 1168237477.27141, 14476.9634532377, -17993.6861528144, -732.12428759797
632347200       , -180127188731.285, -153678844568.333, 1165601829.83537, 14476.9639019439, -17993.6870944879, -732.12428798403
632350800       , -180075071660.43, -153743621843.568, 1162966182.39793, 14476.9643507529, -17993.6880363282, -732.124288367411
632354400       , -180022954587.96, -153808399122.195, 1160330534.95912, 14476.9647996648, -17993.6889783354, -732.124288748112
632358000       , -179970837513.873, -153873176404.212, 1157694887.51895, 14476.9652486797, -17993.6899205096, -732.124289126131
632361600       , -179918720438.169, -153937953689.622, 1155059240.07742, 14476.9656977975, -17993.6908628507, -732.124289501467
632365200       , -179866603360.849, -154002730978.425, 1152423592.63454, 14476.9661470183, -17993.6918053589, -732.124289874118
632368800       , -179814486281.91, -154067508270.621, 1149787945.19033, 14476.9665963421, -17993.6927480342, -732.124290244083
632372400       , -179762369201.355, -154132285566.211, 1147152297.74479, 14476.967045769 , -17993.6936908767, -732.124290611361
632376000       , -179710252119.181, -154197062865.196, 1144516650.29793, 14476.967495299 , -17993.6946338865, -732.124290975949
632379600       , -179658135035.388, -154261840167.575, 1141881002.84976, 14476.9679449321, -17993.6955770636, -732.124291337848
632383200       , -179606017949.977, -154326617473.351, 1139245355.4003 , 14476.9683946684, -17993.696520408, -732.124291697054
632386800       , -179553900862.947, -154391394782.523, 1136609707.94955, 14476.968844508 , -17993.6974639199, -732.124292053567
632390400       , -179501783774.297, -154456172095.091, 1133974060.49752, 14476.9692944507, -17993.6984075993, -732.124292407385
632394000       , -179449666684.027, -154520949411.058, 1131338413.04422, 14476.9697444968, -17993.6993514462, -732.124292758507
632397600       , -179397549592.136, -154585726730.422, 1128702765.58966, 14476.9701946462, -17993.7002954608, -732.124293106931
632401200       , -179345432498.625, -154650504053.185, 1126067118.13385, 14476.9706448989, -17993.701239643, -732.124293452655
632404800       , -179293315403.493, -154715281379.348, 1123431470.6768 , 14476.971095255 , -17993.702183993, -732.12429379568
632408400       , -179241198306.739, -154780058708.91, 1120795823.21853, 14476.9715457145, -17993.7031285108, -732.124294136002
632412000       , -179189081208.363, -154844836041.873, 1118160175.75903, 14476.9719962775, -17993.7040731965, -732.12429447362
632415600       , -179136964108.366, -154909613378.237, 1115524528.29832, 14476.972446944 , -17993.7050180501, -732.124294808534
632419200       , -179084847006.745, -154974390718.003, 1112888880.83641, 14476.972897714 , -17993.7059630717, -732.124295140741
632422800       , -179032729903.502, -155039168061.172, 1110253233.37331, 14476.9733485876, -17993.7069082613, -732.12429547024
632426400       , -178980612798.635, -155103945407.743, 1107617585.90903, 14476.9737995648, -17993.7078536191, -732.12429579703
632430000       , -178928495692.145, -155168722757.718, 1104981938.44357, 14476.9742506456, -17993.708799145, -732.124296121109
632433600       , -178876378584.031, -155233500111.097, 1102346290.97696, 14476.9747018301, -17993.7097448392, -732.124296442475
632437200       , -178824261474.292, -155298277467.881, 1099710643.50919, 14476.9751531183, -17993.7106907016, -732.124296761128
632440800       , -178772144362.928, -155363054828.07, 1097074996.04028, 14476.9756045103, -17993.7116367325, -732.124297077066
632444400       , -178720027249.939, -155427832191.665, 1094439348.57024, 14476.976056006 , -17993.7125829318, -732.124297390287
632448000       , -178667910135.325, -155492609558.667, 1091803701.09908, 14476.9765076056, -17993.7135292995, -732.12429770079
632451600       , -178615793019.084, -155557386929.077, 1089168053.6268 , 14476.976959309 , -17993.7144758358, -732.124298008574
632455200       , -178563675901.218, -155622164302.894, 1086532406.15342, 14476.9774111163, -17993.7154225407, -732.124298313636
632458800       , -178511558781.724, -155686941680.119, 1083896758.67894, 14476.9778630275, -17993.7163694143, -732.124298615976
632462400       , -178459441660.604, -155751719060.754, 1081261111.20339, 14476.9783150427, -17993.7173164567, -732.124298915592
632466000       , -178407324537.856, -155816496444.798, 1078625463.72675, 14476.9787671619, -17993.7182636678, -732.124299212483
632469600       , -178355207413.48, -155881273832.252, 1075989816.24906, 14476.9792193852, -17993.7192110478, -732.124299506647
632473200       , -178303090287.476, -155946051223.117, 1073354168.77031, 14476.9796717125, -17993.7201585968, -732.124299798082
632476800       , -178250973159.844, -156010828617.394, 1070718521.29052, 14476.9801241439, -17993.7211063147, -732.124300086788
632480400       , -178198856030.582, -156075606015.083, 1068082873.80969, 14476.9805766795, -17993.7220542016, -732.124300372763
632484000       , -178146738899.691, -156140383416.185, 1065447226.32784, 14476.9810293192, -17993.7230022577, -732.124300656005
632487600       , -178094621767.171, -156205160820.7 , 1062811578.84497, 14476.9814820632, -17993.723950483, -732.124300936513
632491200       , -178042504633.02, -156269938228.628, 1060175931.3611 , 14476.9819349115, -17993.7248988775, -732.124301214286
632494800       , -177990387497.239, -156334715639.972, 1057540283.87623, 14476.982387864 , -17993.7258474413, -732.124301489321
632498400       , -177938270359.828, -156399493054.73, 1054904636.39038, 14476.9828409209, -17993.7267961744, -732.124301761618
632502000       , -177886153220.785, -156464270472.904, 1052268988.90355, 14476.9832940821, -17993.727745077, -732.124302031175
632505600       , -177834036080.11, -156529047894.495, 1049633341.41576, 14476.9837473477, -17993.7286941491, -732.124302297991
632509200       , -177781918937.804, -156593825319.502, 1046997693.92701, 14476.9842007178, -17993.7296433907, -732.124302562064
632512800       , -177729801793.865, -156658602747.928, 1044362046.43731, 14476.9846541924, -17993.7305928019, -732.124302823393
632516400       , -177677684648.293, -156723380179.771, 1041726398.94668, 14476.9851077714, -17993.7315423828, -732.124303081977
632520000       , -177625567501.089, -156788157615.033, 1039090751.45512, 14476.9855614551, -17993.7324921335, -732.124303337813
632523600       , -177573450352.251, -156852935053.714, 1036455103.96265, 14476.9860152433, -17993.7334420539, -732.1243035909 
632527200       , -177521333201.779, -156917712495.816, 1033819456.46927, 14476.9864691362, -17993.7343921442, -732.124303841238
632530800       , -177469216049.673, -156982489941.338, 1031183808.975  , 14476.9869231337, -17993.7353424045, -732.124304088823
632534400       , -177417098895.932, -157047267390.281, 1028548161.47984, 14476.9873772359, -17993.7362928347, -732.124304333656
632538000       , -177364981740.557, -157112044842.647, 1025912513.9838 , 14476.9878314429, -17993.737243435, -732.124304575735
632541600       , -177312864583.546, -157176822298.434, 1023276866.4869 , 14476.9882857546, -17993.7381942054, -732.124304815058
632545200       , -177260747424.899, -157241599757.645, 1020641218.98913, 14476.9887401712, -17993.7391451459, -732.124305051623
632548800       , -177208630264.616, -157306377220.28, 1018005571.49053, 14476.9891946926, -17993.7400962567, -732.12430528543
632552400       , -177156513102.697, -157371154686.338, 1015369923.99108, 14476.9896493189, -17993.7410475378, -732.124305516476
632556000       , -177104395939.141, -157435932155.822, 1012734276.49081, 14476.9901040502, -17993.7419989893, -732.124305744761
632559600       , -177052278773.948, -157500709628.731, 1010098628.98972, 14476.9905588864, -17993.7429506112, -732.124305970283
632563200       , -177000161607.117, -157565487105.067, 1007462981.48783, 14476.9910138276, -17993.7439024036, -732.12430619304
632566800       , -176948044438.648, -157630264584.829, 1004827333.98514, 14476.9914688738, -17993.7448543666, -732.124306413031
632570400       , -176895927268.541, -157695042068.018, 1002191686.48166, 14476.9919240252, -17993.7458065002, -732.124306630255
632574000       , -176843810096.795, -157759819554.636, 999556038.977402, 14476.9923792816, -17993.7467588044, -732.12430684471
632577600       , -176791692923.41, -157824597044.682, 996920391.47238 , 14476.9928346432, -17993.7477112794, -732.124307056394
632581200       , -176739575748.385, -157889374538.157, 994284743.9666  , 14476.99329011  , -17993.7486639252, -732.124307265307
632584800       , -176687458571.721, -157954152035.062, 991649096.460073, 14476.9937456821, -17993.7496167419, -732.124307471447
632588400       , -176635341393.416, -158018929535.398, 989013448.952809, 14476.9942013594, -17993.7505697295, -732.124307674811
632592000       , -176583224213.471, -158083707039.165, 986377801.444818, 14476.994657142 , -17993.7515228881, -732.1243078754 
632595600       , -176531107031.885, -158148484546.363, 983742153.936109, 14476.99511303  , -17993.7524762178, -732.124308073211
632599200       , -176478989848.657, -158213262056.994, 981106506.426694, 14476.9955690233, -17993.7534297186, -732.124308268243
632602800       , -176426872663.788, -158278039571.057, 978470858.916581, 14476.9960251221, -17993.7543833906, -732.124308460494
632606400       , -176374755477.276, -158342817088.554, 975835211.405782, 14476.9964813264, -17993.7553372338, -732.124308649964
632610000       , -176322638289.122, -158407594609.486, 973199563.894305, 14476.9969376361, -17993.7562912483, -732.12430883665
632613600       , -176270521099.325, -158472372133.851, 970563916.382161, 14476.9973940514, -17993.7572454342, -732.124309020551
632617200       , -176218403907.885, -158537149661.653, 967928268.86936 , 14476.9978505723, -17993.7581997916, -732.124309201666
632620800       , -176166286714.801, -158601927192.89, 965292621.355912, 14476.9983071988, -17993.7591543204, -732.124309379993
632624400       , -176114169520.073, -158666704727.564, 962656973.841827, 14476.9987639309, -17993.7601090208, -732.124309555531
632628000       , -176062052323.7 , -158731482265.675, 960021326.327116, 14476.9992207687, -17993.7610638929, -732.124309728278
632631600       , -176009935125.683, -158796259807.224, 957385678.811787, 14476.9996777123, -17993.7620189366, -732.124309898233
632635200       , -175957817926.021, -158861037352.212, 954750031.295852, 14477.0001347616, -17993.7629741521, -732.124310065395
632638800       , -175905700724.713, -158925814900.638, 952114383.77932 , 14477.0005919168, -17993.7639295394, -732.124310229762
632642400       , -175853583521.759, -158990592452.505, 949478736.262201, 14477.0010491778, -17993.7648850986, -732.124310391332
632646000       , -175801466317.159, -159055370007.811, 946843088.744505, 14477.0015065447, -17993.7658408297, -732.124310550104
632649600       , -175749349110.912, -159120147566.559, 944207441.226243, 14477.0019640175, -17993.7667967328, -732.124310706077
632653200       , -175697231903.017, -159184925128.748, 941571793.707425, 14477.0024215963, -17993.767752808, -732.124310859249
632656800       , -175645114693.476, -159249702694.379, 938936146.18806 , 14477.0028792811, -17993.7687090554, -732.124311009619
632660400       , -175592997482.287, -159314480263.453, 936300498.668159, 14477.0033370719, -17993.7696654749, -732.124311157185
632664000       , -175540880269.449, -159379257835.971, 933664851.147732, 14477.0037949688, -17993.7706220667, -732.124311301946
632667600       , -175488763054.963, -159444035411.933, 931029203.626789, 14477.0042529719, -17993.7715788308, -732.124311443901
632671200       , -175436645838.827, -159508812991.339, 928393556.105339, 14477.0047110811, -17993.7725357674, -732.124311583047
632674800       , -175384528621.043, -159573590574.19, 925757908.583394, 14477.0051692965, -17993.7734928763, -732.124311719384
632678400       , -175332411401.608, -159638368160.488, 923122261.060963, 14477.0056276182, -17993.7744501578, -732.12431185291
632682000       , -175280294180.524, -159703145750.232, 920486613.538056, 14477.0060860461, -17993.7754076119, -732.124311983624
632685600       , -175228176957.789, -159767923343.423, 917850966.014684, 14477.0065445804, -17993.7763652386, -732.124312111523
632689200       , -175176059733.403, -159832700940.062, 915215318.490857, 14477.007003221 , -17993.777323038, -732.124312236608
632692800       , -175123942507.365, -159897478540.149, 912579670.966584, 14477.007461968 , -17993.7782810102, -732.124312358875
632696400       , -175071825279.676, -159962256143.685, 909944023.441876, 14477.0079208215, -17993.7792391552, -732.124312478325
632700000       , -175019708050.335, -160027033750.671, 907308375.916744, 14477.0083797814, -17993.7801974731, -732.124312594955
632703600       , -174967590819.342, -160091811361.107, 904672728.391196, 14477.0088388479, -17993.781155964, -732.124312708763
632707200       , -174915473586.695, -160156588974.994, 902037080.865244, 14477.0092980209, -17993.7821146279, -732.12431281975
632710800       , -174863356352.396, -160221366592.333, 899401433.338897, 14477.0097573005, -17993.7830734649, -732.124312927912
632714400       , -174811239116.443, -160286144213.123, 896765785.812166, 14477.0102166867, -17993.784032475, -732.124313033249
632718000       , -174759121878.836, -160350921837.367, 894130138.285061, 14477.0106761797, -17993.7849916584, -732.124313135758
632721600       , -174707004639.574, -160415699465.063, 891494490.757592, 14477.0111357793, -17993.785951015, -732.12431323544
632725200       , -174654887398.658, -160480477096.214, 888858843.229769, 14477.0115954858, -17993.786910545, -732.124313332292
632728800       , -174602770156.086, -160545254730.82, 886223195.701603, 14477.012055299 , -17993.7878702483, -732.124313426312
632732400       , -174550652911.86, -160610032368.88, 883587548.173103, 14477.012515219 , -17993.7888301252, -732.1243135175 
632736000       , -174498535665.977, -160674810010.397, 880951900.644281, 14477.012975246 , -17993.7897901756, -732.124313605854
632739600       , -174446418418.438, -160739587655.37, 878316253.115145, 14477.0134353798, -17993.7907503996, -732.124313691372
632743200       , -174394301169.242, -160804365303.8 , 875680605.585706, 14477.0138956206, -17993.7917107972, -732.124313774053
632746800       , -174342183918.389, -160869142955.688, 873044958.055975, 14477.0143559684, -17993.7926713686, -732.124313853895
632750400       , -174290066665.879, -160933920611.034, 870409310.525962, 14477.0148164233, -17993.7936321138, -732.124313930898
632754000       , -174237949411.711, -160998698269.839, 867773662.995676, 14477.0152769852, -17993.7945930328, -732.124314005059
632757600       , -174185832155.884, -161063475932.104, 865138015.465129, 14477.0157376543, -17993.7955541257, -732.124314076377
632761200       , -174133714898.399, -161128253597.829, 862502367.93433 , 14477.0161984305, -17993.7965153926, -732.124314144851
632764800       , -174081597639.256, -161193031267.015, 859866720.403289, 14477.016659314 , -17993.7974768336, -732.12431421048
632768400       , -174029480378.452, -161257808939.662, 857231072.872018, 14477.0171203046, -17993.7984384487, -732.124314273261
632772000       , -173977363115.989, -161322586615.772, 854595425.340525, 14477.0175814026, -17993.7994002379, -732.124314333193
632775600       , -173925245851.866, -161387364295.344, 851959777.808822, 14477.0180426079, -17993.8003622014, -732.124314390276
632779200       , -173873128586.082, -161452141978.38, 849324130.276918, 14477.0185039205, -17993.8013243392, -732.124314444507
632782800       , -173821011318.638, -161516919664.88, 846688482.744825, 14477.0189653406, -17993.8022866514, -732.124314495884
632786400       , -173768894049.532, -161581697354.844, 844052835.212551, 14477.0194268681, -17993.8032491379, -732.124314544408
632790000       , -173716776778.764, -161646475048.274, 841417187.680109, 14477.0198885031, -17993.804211799, -732.124314590075
632793600       , -173664659506.334, -161711252745.169, 838781540.147506, 14477.0203502456, -17993.8051746347, -732.124314632885
632797200       , -173612542232.242, -161776030445.531, 836145892.614755, 14477.0208120957, -17993.8061376449, -732.124314672837
632800800       , -173560424956.487, -161840808149.36, 833510245.081865, 14477.0212740534, -17993.8071008299, -732.124314709928
632804400       , -173508307679.069, -161905585856.657, 830874597.548847, 14477.0217361188, -17993.8080641896, -732.124314744157
632808000       , -173456190399.987, -161970363567.423, 828238950.015711, 14477.0221982919, -17993.8090277241, -732.124314775524
632811600       , -173404073119.241, -162035141281.657, 825603302.482467, 14477.0226605727, -17993.8099914335, -732.124314804025
632815200       , -173351955836.831, -162099918999.361, 822967654.949125, 14477.0231229613, -17993.8109553178, -732.124314829661
632818800       , -173299838552.756, -162164696720.536, 820332007.415697, 14477.0235854577, -17993.8119193771, -732.124314852429
632822400       , -173247721267.015, -162229474445.181, 817696359.882191, 14477.0240480619, -17993.8128836115, -732.124314872328
632826000       , -173195603979.609, -162294252173.298, 815060712.348619, 14477.0245107741, -17993.8138480211, -732.124314889357
632829600       , -173143486690.538, -162359029904.887, 812425064.814991, 14477.0249735942, -17993.8148126058, -732.124314903514
632833200       , -173091369399.799, -162423807639.949, 809789417.281318, 14477.0254365223, -17993.8157773658, -732.124314914797
632836800       , -173039252107.394, -162488585378.484, 807153769.747608, 14477.0258995584, -17993.8167423012, -732.124314923206
632840400       , -172987134813.322, -162553363120.494, 804518122.213874, 14477.0263627026, -17993.8177074119, -732.124314928739
632844000       , -172935017517.583, -162618140865.978, 801882474.680125, 14477.0268259549, -17993.8186726981, -732.124314931394
632847600       , -172882900220.175, -162682918614.937, 799246827.146371, 14477.0272893153, -17993.8196381598, -732.124314931169
632851200       , -172830782921.1 , -162747696367.373, 796611179.612624, 14477.027752784 , -17993.8206037971, -732.124314928065
632854800       , -172778665620.355, -162812474123.285, 793975532.078893, 14477.0282163609, -17993.82156961 , -732.124314922078
632858400       , -172726548317.942, -162877251882.674, 791339884.545188, 14477.028680046 , -17993.8225355987, -732.124314913208
632862000       , -172674431013.859, -162942029645.541, 788704237.011521, 14477.0291438395, -17993.8235017631, -732.124314901453
632865600       , -172622313708.106, -163006807411.887, 786068589.477901, 14477.0296077413, -17993.8244681034, -732.124314886811
632869200       , -172570196400.683, -163071585181.712, 783432941.94434 , 14477.0300717516, -17993.8254346196, -732.124314869282
632872800       , -172518079091.589, -163136362955.017, 780797294.410846, 14477.0305358703, -17993.8264013118, -732.124314848863
632876400       , -172465961780.824, -163201140731.802, 778161646.877431, 14477.0310000975, -17993.82736818 , -732.124314825554
632880000       , -172413844468.388, -163265918512.068, 775525999.344106, 14477.0314644332, -17993.8283352243, -732.124314799352
632883600       , -172361727154.28, -163330696295.815, 772890351.810879, 14477.0319288775, -17993.8293024447, -732.124314770257
632887200       , -172309609838.5 , -163395474083.046, 770254704.277763, 14477.0323934304, -17993.8302698414, -732.124314738267
632890800       , -172257492521.048, -163460251873.759, 767619056.744767, 14477.0328580919, -17993.8312374144, -732.12431470338
632894400       , -172205375201.922, -163525029667.955, 764983409.211902, 14477.0333228622, -17993.8322051637, -732.124314665595
632898000       , -172153257881.123, -163589807465.636, 762347761.679179, 14477.0337877412, -17993.8331730895, -732.124314624911
632901600       , -172101140558.65, -163654585266.802, 759712114.146606, 14477.034252729 , -17993.8341411918, -732.124314581326
632905200       , -172049023234.503, -163719363071.453, 757076466.614196, 14477.0347178256, -17993.8351094706, -732.124314534838
632908800       , -171996905908.682, -163784140879.59, 754440819.081959, 14477.0351830311, -17993.836077926, -732.124314485447
632912400       , -171944788581.185, -163848918691.214, 751805171.549905, 14477.0356483455, -17993.8370465581, -732.124314433151
632916000       , -171892671252.013, -163913696506.325, 749169524.018044, 14477.0361137689, -17993.8380153669, -732.124314377947
632919600       , -171840553921.166, -163978474324.925, 746533876.486387, 14477.0365793013, -17993.8389843526, -732.124314319836
632923200       , -171788436588.642, -164043252147.013, 743898228.954945, 14477.0370449427, -17993.8399535152, -732.124314258815
632926800       , -171736319254.442, -164108029972.59, 741262581.423727, 14477.0375106932, -17993.8409228546, -732.124314194883
632930400       , -171684201918.565, -164172807801.658, 738626933.892745, 14477.0379765528, -17993.8418923711, -732.124314128038
632934000       , -171632084581.011, -164237585634.216, 735991286.362009, 14477.0384425216, -17993.8428620647, -732.124314058279
632937600       , -171579967241.779, -164302363470.265, 733355638.831529, 14477.0389085996, -17993.8438319354, -732.124313985605
632941200       , -171527849900.869, -164367141309.806, 730719991.301316, 14477.0393747869, -17993.8448019832, -732.124313910014
632944800       , -171475732558.28, -164431919152.839, 728084343.77138 , 14477.0398410834, -17993.8457722084, -732.124313831505
632948400       , -171423615214.013, -164496696999.366, 725448696.241732, 14477.0403074893, -17993.8467426109, -732.124313750075
632952000       , -171371497868.066, -164561474849.386, 722813048.712383, 14477.0407740046, -17993.8477131907, -732.124313665725
632955600       , -171319380520.44, -164626252702.901, 720177401.183343, 14477.0412406294, -17993.8486839481, -732.124313578452
632959200       , -171267263171.133, -164691030559.911, 717541753.654622, 14477.0417073636, -17993.8496548829, -732.124313488255
632962800       , -171215145820.147, -164755808420.416, 714906106.126231, 14477.0421742073, -17993.8506259954, -732.124313395132
632966400       , -171163028467.479, -164820586284.418, 712270458.59818 , 14477.0426411606, -17993.8515972855, -732.124313299082
632970000       , -171110911113.13, -164885364151.917, 709634811.070481, 14477.0431082235, -17993.8525687533, -732.124313200103
632973600       , -171058793757.1 , -164950142022.914, 706999163.543143, 14477.043575396 , -17993.8535403989, -732.124313098194
632977200       , -171006676399.387, -165014919897.408, 704363516.016178, 14477.0440426782, -17993.8545122223, -732.124312993354
632980800       , -170954559039.992, -165079697775.402, 701727868.489595, 14477.0445100702, -17993.8554842236, -732.124312885581
632984400       , -170902441678.915, -165144475656.895, 699092220.963405, 14477.044977572 , -17993.856456403, -732.124312774874
632988000       , -170850324316.154, -165209253541.888, 696456573.437619, 14477.0454451835, -17993.8574287603, -732.124312661231
632991600       , -170798206951.709, -165274031430.382, 693820925.912248, 14477.045912905 , -17993.8584012958, -732.124312544651
632995200       , -170746089585.581, -165338809322.378, 691185278.387301, 14477.0463807363, -17993.8593740094, -732.124312425132
632998800       , -170693972217.768, -165403587217.875, 688549630.86279 , 14477.0468486776, -17993.8603469013, -732.124312302672
633002400       , -170641854848.27, -165468365116.876, 685913983.338725, 14477.0473167289, -17993.8613199715, -732.124312177271
633006000       , -170589737477.087, -165533143019.379, 683278335.815117, 14477.0477848903, -17993.86229322 , -732.124312048927
633009600       , -170537620104.219, -165597920925.387, 680642688.291977, 14477.0482531617, -17993.863266647, -732.124311917638
633013200       , -170485502729.664, -165662698834.899, 678007040.769314, 14477.0487215433, -17993.8642402525, -732.124311783404
633016800       , -170433385353.423, -165727476747.917, 675371393.24714 , 14477.049190035 , -17993.8652140365, -732.124311646221
633020400       , -170381267975.496, -165792254664.441, 672735745.725465, 14477.049658637 , -17993.8661879992, -732.12431150609
633024000       , -170329150595.881, -165857032584.471, 670100098.204299, 14477.0501273492, -17993.8671621405, -732.124311363009
633027600       , -170277033214.579, -165921810508.008, 667464450.683654, 14477.0505961717, -17993.8681364606, -732.124311216976
633031200       , -170224915831.588, -165986588435.054, 664828803.163541, 14477.0510651046, -17993.8691109595, -732.124311067989
633034800       , -170172798446.91, -166051366365.607, 662193155.643968, 14477.0515341479, -17993.8700856374, -732.124310916047
633038400       , -170120681060.542, -166116144299.67, 659557508.124949, 14477.0520033016, -17993.8710604941, -732.12431076115
633042000       , -170068563672.486, -166180922237.243, 656921860.606492, 14477.0524725658, -17993.8720355299, -732.124310603294
633045600       , -170016446282.74, -166245700178.326, 654286213.088608, 14477.0529419406, -17993.8730107447, -732.12431044248
633049200       , -169964328891.304, -166310478122.921, 651650565.571309, 14477.0534114259, -17993.8739861387, -732.124310278705
633052800       , -169912211498.177, -166375256071.027, 649014918.054605, 14477.0538810218, -17993.874961712, -732.124310111967
633056400       , -169860094103.36, -166440034022.645, 646379270.538507, 14477.0543507284, -17993.8759374644, -732.124309942267
633060000       , -169807976706.852, -166504811977.777, 643743623.023024, 14477.0548205458, -17993.8769133963, -732.124309769601
633063600       , -169755859308.652, -166569589936.422, 641107975.508169, 14477.0552904738, -17993.8778895075, -732.124309593969
633067200       , -169703741908.761, -166634367898.581, 638472327.993951, 14477.0557605127, -17993.8788657982, -732.124309415369
633070800       , -169651624507.176, -166699145864.256, 635836680.480382, 14477.0562306624, -17993.8798422684, -732.124309233799
633074400       , -169599507103.9 , -166763923833.446, 633201032.967472, 14477.056700923 , -17993.8808189183, -732.124309049259
633078000       , -169547389698.93, -166828701806.152, 630565385.455231, 14477.0571712946, -17993.8817957478, -732.124308861746
633081600       , -169495272292.266, -166893479782.376, 627929737.943671, 14477.0576417771, -17993.882772757, -732.12430867126
633085200       , -169443154883.909, -166958257762.116, 625294090.432802, 14477.0581123707, -17993.8837499461, -732.124308477798
633088800       , -169391037473.857, -167023035745.375, 622658442.922634, 14477.0585830753, -17993.884727315, -732.12430828136
633092400       , -169338920062.111, -167087813732.153, 620022795.413179, 14477.059053891 , -17993.8857048638, -732.124308081943
633096000       , -169286802648.669, -167152591722.451, 617387147.904448, 14477.0595248179, -17993.8866825926, -732.124307879547
633099600       , -169234685233.532, -167217369716.268, 614751500.39645 , 14477.059995856 , -17993.8876605015, -732.12430767417
633103200       , -169182567816.699, -167282147713.606, 612115852.889197, 14477.0604670054, -17993.8886385905, -732.12430746581
633106800       , -169130450398.169, -167346925714.466, 609480205.3827  , 14477.0609382661, -17993.8896168597, -732.124307254467
633110400       , -169078332977.943, -167411703718.848, 606844557.876969, 14477.0614096381, -17993.8905953091, -732.124307040138
633114000       , -169026215556.02, -167476481726.753, 604208910.372015, 14477.0618811214, -17993.8915739389, -732.124306822822
633117600       , -168974098132.399, -167541259738.181, 601573262.867848, 14477.0623527163, -17993.8925527491, -732.124306602517
633121200       , -168921980707.08, -167606037753.133, 598937615.36448 , 14477.0628244226, -17993.8935317396, -732.124306379223
633124800       , -168869863280.063, -167670815771.609, 596301967.861921, 14477.0632962404, -17993.8945109108, -732.124306152937
633128400       , -168817745851.347, -167735593793.611, 593666320.360182, 14477.0637681698, -17993.8954902625, -732.124305923659
633132000       , -168765628420.932, -167800371819.139, 591030672.859274, 14477.0642402108, -17993.8964697948, -732.124305691386
633135600       , -168713510988.817, -167865149848.194, 588395025.359208, 14477.0647123635, -17993.8974495078, -732.124305456118
633139200       , -168661393555.003, -167929927880.776, 585759377.859994, 14477.0651846279, -17993.8984294017, -732.124305217852
633142800       , -168609276119.488, -167994705916.886, 583123730.361643, 14477.0656570041, -17993.8994094763, -732.124304976588
633146400       , -168557158682.272, -168059483956.525, 580488082.864166, 14477.066129492 , -17993.9003897319, -732.124304732323
633150000       , -168505041243.355, -168124261999.692, 577852435.367574, 14477.0666020918, -17993.9013701684, -732.124304485057
633153600       , -168452923802.737, -168189040046.39, 575216787.871877, 14477.0670748035, -17993.902350786, -732.124304234788
633157200       , -168400806360.417, -168253818096.618, 572581140.377087, 14477.0675476272, -17993.9033315847, -732.124303981515
633160800       , -168348688916.394, -168318596150.378, 569945492.883214, 14477.0680205628, -17993.9043125646, -732.124303725236
633164400       , -168296571470.668, -168383374207.669, 567309845.390269, 14477.0684936105, -17993.9052937256, -732.124303465949
633168000       , -168244454023.24, -168448152268.493, 564674197.898263, 14477.0689667702, -17993.906275068, -732.124303203653
633171600       , -168192336574.107, -168512930332.85, 562038550.407206, 14477.0694400421, -17993.9072565918, -732.124302938347
633175200       , -168140219123.271, -168577708400.74, 559402902.91711 , 14477.0699134261, -17993.908238297, -732.124302670029
633178800       , -168088101670.731, -168642486472.165, 556767255.427986, 14477.0703869224, -17993.9092201836, -732.124302398697
633182400       , -168035984216.485, -168707264547.126, 554131607.939843, 14477.0708605309, -17993.9102022519, -732.124302124351
633186000       , -167983866760.535, -168772042625.622, 551495960.452694, 14477.0713342517, -17993.9111845017, -732.124301846989
633189600       , -167931749302.879, -168836820707.654, 548860312.966549, 14477.0718080849, -17993.9121669333, -732.124301566608
633193200       , -167879631843.516, -168901598793.224, 546224665.481418, 14477.0722820305, -17993.9131495466, -732.124301283209
633196800       , -167827514382.448, -168966376882.331, 543589017.997313, 14477.0727560886, -17993.9141323417, -732.124300996789
633200400       , -167775396919.672, -169031154974.977, 540953370.514245, 14477.0732302591, -17993.9151153188, -732.124300707347
633204000       , -167723279455.19, -169095933071.162, 538317723.032224, 14477.0737045422, -17993.9160984777, -732.124300414881
633207600       , -167671161989   , -169160711170.886, 535682075.551261, 14477.0741789379, -17993.9170818187, -732.12430011939
633211200       , -167619044521.101, -169225489274.151, 533046428.071368, 14477.0746534462, -17993.9180653418, -732.124299820873
633214800       , -167566927051.495, -169290267380.957, 530410780.592555, 14477.0751280673, -17993.9190490471, -732.124299519328
633218400       , -167514809580.179, -169355045491.305, 527775133.114832, 14477.075602801 , -17993.9200329345, -732.124299214753
633222000       , -167462692107.154, -169419823605.194, 525139485.638212, 14477.0760776476, -17993.9210170042, -732.124298907147
633225600       , -167410574632.42, -169484601722.627, 522503838.162705, 14477.0765526069, -17993.9220012563, -732.124298596509
633229200       , -167358457155.975, -169549379843.604, 519868190.688321, 14477.0770276792, -17993.9229856908, -732.124298282836
633232800       , -167306339677.82, -169614157968.124, 517232543.215072, 14477.0775028643, -17993.9239703078, -732.124297966129
633236400       , -167254222197.955, -169678936096.19, 514596895.742968, 14477.0779781624, -17993.9249551073, -732.124297646384
633240000       , -167202104716.378, -169743714227.801, 511961248.272021, 14477.0784535736, -17993.9259400894, -732.124297323602
633243600       , -167149987233.089, -169808492362.959, 509325600.802242, 14477.0789290978, -17993.9269252542, -732.124296997779
633247200       , -167097869748.088, -169873270501.663, 506689953.333641, 14477.0794047351, -17993.9279106017, -732.124296668915
633250800       , -167045752261.375, -169938048643.916, 504054305.86623 , 14477.0798804856, -17993.9288961321, -732.124296337009
633254400       , -166993634772.948, -170002826789.716, 501418658.400018, 14477.0803563493, -17993.9298818453, -732.124296002058
633258000       , -166941517282.809, -170067604939.065, 498783010.935018, 14477.0808323263, -17993.9308677414, -732.124295664061
633261600       , -166889399790.955, -170132383091.964, 496147363.471241, 14477.0813084165, -17993.9318538206, -732.124295323018
633265200       , -166837282297.388, -170197161248.413, 493511716.008696, 14477.0817846201, -17993.9328400828, -732.124294978925
633268800       , -166785164802.106, -170261939408.413, 490876068.547396, 14477.0822609371, -17993.9338265282, -732.124294631783
633272400       , -166733047305.109, -170326717571.964, 488240421.087351, 14477.0827373676, -17993.9348131567, -732.124294281589
633276000       , -166680929806.397, -170391495739.068, 485604773.628572, 14477.0832139116, -17993.9357999686, -732.124293928342
633279600       , -166628812305.969, -170456273909.724, 482969126.171071, 14477.083690569 , -17993.9367869637, -732.12429357204
633283200       , -166576694803.825, -170521052083.934, 480333478.714857, 14477.0841673401, -17993.9377741423, -732.124293212683
633286800       , -166524577299.964, -170585830261.698, 477697831.259943, 14477.0846442248, -17993.9387615043, -732.124292850267
633290400       , -166472459794.386, -170650608443.017, 475062183.806339, 14477.0851212233, -17993.9397490499, -732.124292484793
633294000       , -166420342287.091, -170715386627.891, 472426536.354056, 14477.0855983354, -17993.940736779, -732.124292116259
633297600       , -166368224778.078, -170780164816.322, 469790888.903106, 14477.0860755613, -17993.9417246918, -732.124291744662
633301200       , -166316107267.347, -170844943008.309, 467155241.453498, 14477.0865529011, -17993.9427127883, -732.124291370002
633304800       , -166263989754.897, -170909721203.854, 464519594.005245, 14477.0870303547, -17993.9437010686, -732.124290992277
633308400       , -166211872240.728, -170974499402.957, 461883946.558358, 14477.0875079223, -17993.9446895328, -732.124290611486
633312000       , -166159754724.84, -171039277605.619, 459248299.112846, 14477.0879856038, -17993.9456781809, -732.124290227627
633315600       , -166107637207.232, -171104055811.84, 456612651.668722, 14477.0884633994, -17993.946667013, -732.124289840698
633319200       , -166055519687.903, -171168834021.622, 453977004.225997, 14477.088941309 , -17993.9476560291, -732.124289450699
633322800       , -166003402166.854, -171233612234.964, 451341356.784681, 14477.0894193328, -17993.9486452294, -732.124289057627
633326400       , -165951284644.084, -171298390451.868, 448705709.344786, 14477.0898974707, -17993.9496346139, -732.124288661482
633330000       , -165899167119.592, -171363168672.334, 446070061.906322, 14477.0903757229, -17993.9506241826, -732.124288262261
633333600       , -165847049593.378, -171427946896.362, 443434414.469301, 14477.0908540893, -17993.9516139356, -732.124287859964
633337200       , -165794932065.443, -171492725123.954, 440798767.033734, 14477.0913325701, -17993.952603873, -732.124287454588
633340800       , -165742814535.784, -171557503355.11, 438163119.599632, 14477.0918111652, -17993.9535939948, -732.124287046133
633344400       , -165690697004.402, -171622281589.831, 435527472.167005, 14477.0922898747, -17993.9545843012, -732.124286634597
633348000       , -165638579471.297, -171687059828.117, 432891824.735866, 14477.0927686987, -17993.9555747921, -732.124286219977
633351600       , -165586461936.467, -171751838069.97, 430256177.306225, 14477.0932476372, -17993.9565654677, -732.124285802274
633355200       , -165534344399.913, -171816616315.389, 427620529.878094, 14477.0937266902, -17993.957556328, -732.124285381485
633358800       , -165482226861.635, -171881394564.376, 424984882.451482, 14477.0942058579, -17993.9585473731, -732.124284957609
633362400       , -165430109321.631, -171946172816.93, 422349235.026403, 14477.0946851402, -17993.9595386031, -732.124284530644
633366000       , -165377991779.902, -172010951073.054, 419713587.602865, 14477.0951645373, -17993.9605300179, -732.124284100589
633369600       , -165325874236.446, -172075729332.747, 417077940.180882, 14477.0956440491, -17993.9615216177, -732.124283667443
633373200       , -165273756691.264, -172140507596.01, 414442292.760464, 14477.0961236757, -17993.9625134026, -732.124283231203
633376800       , -165221639144.356, -172205285862.843, 411806645.341621, 14477.0966034171, -17993.9635053725, -732.124282791869
633380400       , -165169521595.72, -172270064133.249, 409170997.924366, 14477.0970832735, -17993.9644975277, -732.124282349439
633384000       , -165117404045.356, -172334842407.226, 406535350.508709, 14477.0975632448, -17993.9654898681, -732.124281903912
633387600       , -165065286493.264, -172399620684.776, 403899703.094661, 14477.0980433312, -17993.9664823937, -732.124281455285
633391200       , -165013168939.444, -172464398965.899, 401264055.682235, 14477.0985235325, -17993.9674751048, -732.124281003558
633394800       , -164961051383.895, -172529177250.597, 398628408.27144 , 14477.099003849 , -17993.9684680013, -732.124280548729
633398400       , -164908933826.616, -172593955538.869, 395992760.862287, 14477.0994842807, -17993.9694610833, -732.124280090796
633402000       , -164856816267.608, -172658733830.717, 393357113.45479 , 14477.0999648275, -17993.9704543509, -732.124279629758
633405600       , -164804698706.869, -172723512126.141, 390721466.048957, 14477.1004454896, -17993.9714478041, -732.124279165614
633409200       , -164752581144.4 , -172788290425.141, 388085818.644801, 14477.100926267 , -17993.972441443, -732.124278698362
633412800       , -164700463580.2 , -172853068727.719, 385450171.242332, 14477.1014071598, -17993.9734352676, -732.124278228001
633416400       , -164648346014.268, -172917847033.875, 382814523.841563, 14477.101888168 , -17993.9744292781, -732.124277754528
633420000       , -164596228446.605, -172982625343.61, 380178876.442504, 14477.1023692916, -17993.9754234745, -732.124277277944
633423600       , -164544110877.209, -173047403656.925, 377543229.045166, 14477.1028505307, -17993.9764178569, -732.124276798245
633427200       , -164491993306.081, -173112181973.819, 374907581.64956 , 14477.1033318854, -17993.9774124253, -732.124276315431
633430800       , -164439875733.22, -173176960294.294, 372271934.255698, 14477.1038133556, -17993.9784071798, -732.1242758295 
633434400       , -164387758158.625, -173241738618.351, 369636286.863591, 14477.1042949416, -17993.9794021205, -732.12427534045
633438000       , -164335640582.296, -173306516945.99, 367000639.473251, 14477.1047766432, -17993.9803972473, -732.124274848281
633441600       , -164283523004.233, -173371295277.211, 364364992.084687, 14477.1052584606, -17993.9813925605, -732.12427435299
633445200       , -164231405424.435, -173436073612.016, 361729344.697913, 14477.1057403938, -17993.98238806 , -732.124273854576
633448800       , -164179287842.902, -173500851950.406, 359093697.312938, 14477.1062224428, -17993.983383746, -732.124273353038
633452400       , -164127170259.633, -173565630292.38, 356458049.929775, 14477.1067046078, -17993.9843796185, -732.124272848374
633456000       , -164075052674.628, -173630408637.939, 353822402.548434, 14477.1071868887, -17993.9853756775, -732.124272340583
633459600       , -164022935087.887, -173695186987.085, 351186755.168926, 14477.1076692856, -17993.9863719231, -732.124271829663
633463200       , -163970817499.409, -173759965339.817, 348551107.791264, 14477.1081517985, -17993.9873683555, -732.124271315612
633466800       , -163918699909.194, -173824743696.137, 345915460.415458, 14477.1086344276, -17993.9883649745, -732.12427079843
633470400       , -163866582317.241, -173889522056.045, 343279813.041519, 14477.1091171728, -17993.9893617804, -732.124270278114
633474000       , -163814464723.55, -173954300419.542, 340644165.669459, 14477.1096000343, -17993.9903587732, -732.124269754664
633477600       , -163762347128.121, -174019078786.629, 338008518.299289, 14477.110083012 , -17993.991355953, -732.124269228077
633481200       , -163710229530.953, -174083857157.305, 335372870.931021, 14477.110566106 , -17993.9923533198, -732.124268698352
633484800       , -163658111932.045, -174148635531.573, 332737223.564665, 14477.1110493164, -17993.9933508736, -732.124268165488
633488400       , -163605994331.397, -174213413909.432, 330101576.200233, 14477.1115326431, -17993.9943486146, -732.124267629483
633492000       , -163553876729.01, -174278192290.883, 327465928.837736, 14477.1120160864, -17993.9953465429, -732.124267090336
633495600       , -163501759124.881, -174342970675.927, 324830281.477186, 14477.1124996461, -17993.9963446584, -732.124266548045
633499200       , -163449641519.012, -174407749064.565, 322194634.118594, 14477.1129833225, -17993.9973429613, -732.124266002609
633502800       , -163397523911.401, -174472527456.797, 319558986.761971, 14477.1134671154, -17993.9983414515, -732.124265454026
633506400       , -163345406302.049, -174537305852.623, 316923339.407329, 14477.113951025 , -17993.9993401293, -732.124264902294
633510000       , -163293288690.954, -174602084252.046, 314287692.054679, 14477.1144350513, -17994.0003389946, -732.124264347413
633513600       , -163241171078.116, -174666862655.064, 311652044.704031, 14477.1149191944, -17994.0013380475, -732.12426378938
633517200       , -163189053463.536, -174731641061.68, 309016397.355399, 14477.1154034543, -17994.0023372882, -732.124263228194
633520800       , -163136935847.211, -174796419471.893, 306380750.008792, 14477.1158878311, -17994.0033367165, -732.124262663854
633524400       , -163084818229.143, -174861197885.705, 303745102.664223, 14477.1163723248, -17994.0043363327, -732.124262096359
633528000       , -163032700609.33, -174925976303.115, 301109455.321702, 14477.1168569355, -17994.0053361367, -732.124261525705
633531600       , -162980582987.773, -174990754724.125, 298473807.981242, 14477.1173416632, -17994.0063361287, -732.124260951893
633535200       , -162928465364.47, -175055533148.735, 295838160.642852, 14477.117826508 , -17994.0073363087, -732.124260374921
633538800       , -162876347739.422, -175120311576.947, 293202513.306546, 14477.1183114699, -17994.0083366768, -732.124259794786
633542400       , -162824230112.628, -175185090008.76, 290566865.972334, 14477.118796549 , -17994.009337233, -732.124259211489
633546000       , -162772112484.087, -175249868444.175, 287931218.640227, 14477.1192817454, -17994.0103379775, -732.124258625026
633549600       , -162719994853.799, -175314646883.193, 285295571.310237, 14477.119767059 , -17994.0113389102, -732.124258035397
633553200       , -162667877221.764, -175379425325.815, 282659923.982376, 14477.1202524899, -17994.0123400312, -732.1242574426 
633556800       , -162615759587.981, -175444203772.042, 280024276.656655, 14477.1207380383, -17994.0133413407, -732.124256846634
633560400       , -162563641952.45, -175508982221.873, 277388629.333084, 14477.1212237041, -17994.0143428386, -732.124256247497
633564000       , -162511524315.17, -175573760675.31, 274752982.011676, 14477.1217094873, -17994.0153445251, -732.124255645187
633567600       , -162459406676.141, -175638539132.354, 272117334.692443, 14477.1221953881, -17994.0163464002, -732.124255039703
633571200       , -162407289035.363, -175703317593.005, 269481687.375394, 14477.1226814066, -17994.0173484639, -732.124254431044
633574800       , -162355171392.835, -175768096057.263, 266846040.060543, 14477.1231675426, -17994.0183507164, -732.124253819208
633578400       , -162303053748.557, -175832874525.13, 264210392.7479  , 14477.1236537964, -17994.0193531577, -732.124253204194
633582000       , -162250936102.527, -175897652996.606, 261574745.437476, 14477.1241401679, -17994.0203557879, -732.124252585999
633585600       , -162198818454.747, -175962431471.692, 258939098.129284, 14477.1246266572, -17994.021358607, -732.124251964623
633589200       , -162146700805.215, -176027209950.388, 256303450.823335, 14477.1251132644, -17994.0223616151, -732.124251340064
633592800       , -162094583153.932, -176091988432.696, 253667803.51964 , 14477.1255999895, -17994.0233648123, -732.12425071232
633596400       , -162042465500.895, -176156766918.615, 251032156.21821 , 14477.1260868325, -17994.0243681986, -732.124250081391
633600000       , -161990347846.106, -176221545408.147, 248396508.919058, 14477.1265737936, -17994.0253717741, -732.124249447273
633603600       , -161938230189.564, -176286323901.292, 245760861.622194, 14477.1270608727, -17994.0263755389, -732.124248809967
633607200       , -161886112531.268, -176351102398.051, 243125214.32763 , 14477.12754807  , -17994.027379493, -732.12424816947
633610800       , -161833994871.218, -176415880898.425, 240489567.035377, 14477.1280353854, -17994.0283836365, -732.124247525781
633614400       , -161781877209.413, -176480659402.414, 237853919.745448, 14477.1285228191, -17994.0293879695, -732.124246878899
633618000       , -161729759545.853, -176545437910.018, 235218272.457853, 14477.129010371 , -17994.030392492, -732.124246228821
633621600       , -161677641880.538, -176610216421.24, 232582625.172604, 14477.1294980413, -17994.0313972042, -732.124245575547
633625200       , -161625524213.467, -176674994936.078, 229946977.889713, 14477.1299858299, -17994.0324021059, -732.124244919074
633628800       , -161573406544.64, -176739773454.535, 227311330.609191, 14477.130473737 , -17994.0334071974, -732.124244259402
633632400       , -161521288874.056, -176804551976.61, 224675683.331049, 14477.1309617625, -17994.0344124787, -732.124243596529
633636000       , -161469171201.715, -176869330502.305, 222040036.055299, 14477.1314499066, -17994.0354179499, -732.124242930453
633639600       , -161417053527.617, -176934109031.62, 219404388.781954, 14477.1319381694, -17994.036423611, -732.124242261172
633643200       , -161364935851.76, -176998887564.555, 216768741.511023, 14477.1324265507, -17994.0374294621, -732.124241588686
633646800       , -161312818174.145, -177063666101.112, 214133094.242519, 14477.1329150508, -17994.0384355033, -732.124240912992
633650400       , -161260700494.772, -177128444641.291, 211497446.976453, 14477.1334036696, -17994.0394417345, -732.12424023409
633654000       , -161208582813.639, -177193223185.093, 208861799.712837, 14477.1338924072, -17994.040448156, -732.124239551978
633657600       , -161156465130.746, -177258001732.518, 206226152.451683, 14477.1343812636, -17994.0414547678, -732.124238866653
633661200       , -161104347446.094, -177322780283.568, 203590505.193001, 14477.134870239 , -17994.0424615698, -732.124238178115
633664800       , -161052229759.68, -177387558838.242, 200954857.936804, 14477.1353593334, -17994.0434685623, -732.124237486363
633668400       , -161000112071.506, -177452337396.541, 198319210.683103, 14477.1358485468, -17994.0444757452, -732.124236791394
633672000       , -160947994381.571, -177517115958.467, 195683563.43191 , 14477.1363378792, -17994.0454831186, -732.124236093206
633675600       , -160895876689.873, -177581894524.02, 193047916.183236, 14477.1368273308, -17994.0464906827, -732.1242353918 
633679200       , -160843758996.414, -177646673093.201, 190412268.937093, 14477.1373169015, -17994.0474984374, -732.124234687172
633682800       , -160791641301.191, -177711451666.009, 187776621.693492, 14477.1378065915, -17994.0485063828, -732.124233979322
633686400       , -160739523604.206, -177776230242.447, 185140974.452446, 14477.1382964008, -17994.049514519, -732.124233268248
633690000       , -160687405905.457, -177841008822.514, 182505327.213965, 14477.1387863294, -17994.050522846, -732.124232553948
633693600       , -160635288204.944, -177905787406.211, 179869679.978061, 14477.1392763775, -17994.051531364, -732.124231836421
633697200       , -160583170502.667, -177970565993.54, 177234032.744746, 14477.1397665449, -17994.052540073, -732.124231115666
633700800       , -160531052798.625, -178035344584.5 , 174598385.514032, 14477.1402568319, -17994.053548973, -732.12423039168
633704400       , -160478935092.818, -178100123179.093, 171962738.28593 , 14477.1407472384, -17994.0545580641, -732.124229664462
633708000       , -160426817385.245, -178164901777.318, 169327091.060452, 14477.1412377646, -17994.0555673465, -732.124228934012
633711600       , -160374699675.906, -178229680379.178, 166691443.837609, 14477.1417284104, -17994.0565768201, -732.124228200326
633715200       , -160322581964.8 , -178294458984.672, 164055796.617413, 14477.1422191759, -17994.057586485, -732.124227463405
633718800       , -160270464251.928, -178359237593.801, 161420149.399877, 14477.1427100612, -17994.0585963412, -732.124226723245
633722400       , -160218346537.288, -178424016206.566, 158784502.18501 , 14477.1432010663, -17994.059606389, -732.124225979846
633726000       , -160166228820.88, -178488794822.967, 156148854.972826, 14477.1436921913, -17994.0606166282, -732.124225233206
633729600       , -160114111102.704, -178553573443.006, 153513207.763335, 14477.1441834363, -17994.0616270591, -732.124224483324
633733200       , -160061993382.759, -178618352066.682, 150877560.55655 , 14477.1446748012, -17994.0626376816, -732.124223730198
633736800       , -160009875661.045, -178683130693.997, 148241913.352481, 14477.1451662862, -17994.0636484958, -732.124222973826
633740400       , -159957757937.561, -178747909324.952, 145606266.151142, 14477.1456578913, -17994.0646595018, -732.124222214208
633744000       , -159905640212.308, -178812687959.546, 142970618.952543, 14477.1461496165, -17994.0656706996, -732.12422145134
633747600       , -159853522485.284, -178877466597.781, 140334971.756696, 14477.146641462 , -17994.0666820894, -732.124220685223
633751200       , -159801404756.489, -178942245239.657, 137699324.563613, 14477.1471334277, -17994.0676936711, -732.124219915854
633754800       , -159749287025.923, -179007023885.175, 135063677.373306, 14477.1476255137, -17994.0687054449, -732.124219143231
633758400       , -159697169293.585, -179071802534.336, 132428030.185786, 14477.1481177201, -17994.0697174108, -732.124218367355
633762000       , -159645051559.475, -179136581187.141, 129792383.001065, 14477.1486100469, -17994.0707295689, -732.124217588221
633765600       , -159592933823.593, -179201359843.59, 127156735.819155, 14477.1491024942, -17994.0717419192, -732.12421680583
633769200       , -159540816085.937, -179266138503.683, 124521088.640067, 14477.149595062 , -17994.0727544619, -732.12421602018
633772800       , -159488698346.508, -179330917167.422, 121885441.463813, 14477.1500877504, -17994.0737671969, -732.124215231269
633776400       , -159436580605.305, -179395695834.807, 119249794.290406, 14477.1505805595, -17994.0747801243, -732.124214439095
633780000       , -159384462862.328, -179460474505.839, 116614147.119856, 14477.1510734893, -17994.0757932443, -732.124213643657
633783600       , -159332345117.576, -179525253180.519, 113978499.952175, 14477.1515665398, -17994.0768065569, -732.124212844954
633787200       , -159280227371.049, -179590031858.847, 111342852.787376, 14477.1520597111, -17994.0778200621, -732.124212042984
633790800       , -159228109622.746, -179654810540.823, 108707205.62547 , 14477.1525530033, -17994.07883376 , -732.124211237745
633794400       , -159175991872.667, -179719589226.45, 106071558.466468, 14477.1530464165, -17994.0798476507, -732.124210429236
633798000       , -159123874120.812, -179784367915.727, 103435911.310383, 14477.1535399506, -17994.0808617342, -732.124209617455
633801600       , -159071756367.179, -179849146608.655, 100800264.157226, 14477.1540336057, -17994.0818760106, -732.124208802402
633805200       , -159019638611.77, -179913925305.234, 98164617.0070097, 14477.1545273819, -17994.08289048 , -732.124207984073
633808800       , -158967520854.582, -179978704005.466, 95528969.8597449, 14477.1550212792, -17994.0839051425, -732.124207162468
633812400       , -158915403095.616, -180043482709.351, 92893322.7154438, 14477.1555152978, -17994.084919998, -732.124206337585
633816000       , -158863285334.872, -180108261416.89, 90257675.5741182, 14477.1560094376, -17994.0859350468, -732.124205509423
633819600       , -158811167572.348, -180173040128.084, 87622028.4357799, 14477.1565036987, -17994.0869502887, -732.124204677979
633823200       , -158759049808.045, -180237818842.933, 84986381.3004407, 14477.1569980812, -17994.087965724, -732.124203843253
633826800       , -158706932041.962, -180302597561.437, 82350734.1681124, 14477.1574925851, -17994.0889813527, -732.124203005244
633830400       , -158654814274.098, -180367376283.599, 79715087.0388069, 14477.1579872104, -17994.0899971747, -732.124202163948
