631152000       , 78696869506.439 , -776865312360.724, 1461312457.86977, 12839.118832996 , 1939.57276001629, -295.272659212278
631155600       , 78743090334.4879, -776858329899.094, 1460249476.2966 , 12839.1189719006, 1939.57259008036, -295.272659214073
631159200       , 78789311163.0367, -776851347438.076, 1459186494.72343, 12839.119110808 , 1939.57242013586, -295.272659215958
631162800       , 78835531992.0857, -776844364977.669, 1458123513.15025, 12839.1192497182, 1939.5722501828 , -295.272659217933
631166400       , 78881752821.6347, -776837382517.874, 1457060531.57706, 12839.1193886312, 1939.57208022117, -295.272659219998
631170000       , 78927973651.6838, -776830400058.691, 1455997550.00386, 12839.1195275471, 1939.57191025098, -295.272659222153
631173600       , 78974194482.233 , -776823417600.12, 1454934568.43066, 12839.1196664659, 1939.57174027223, -295.272659224398
631177200       , 79020415313.2824, -776816435142.161, 1453871586.85745, 12839.1198053875, 1939.57157028491, -295.272659226734
631180800       , 79066636144.8318, -776809452684.814, 1452808605.28423, 12839.1199443119, 1939.57140028903, -295.272659229159
631184400       , 79112856976.8814, -776802470228.079, 1451745623.711  , 12839.1200832392, 1939.57123028458, -295.272659231674
631188000       , 79159077809.4312, -776795487771.956, 1450682642.13776, 12839.1202221693, 1939.57106027156, -295.27265923428
631191600       , 79205298642.481 , -776788505316.445, 1449619660.56451, 12839.1203611023, 1939.57089024998, -295.272659236975
631195200       , 79251519476.0311, -776781522861.547, 1448556678.99125, 12839.1205000381, 1939.57072021983, -295.272659239761
631198800       , 79297740310.0813, -776774540407.26, 1447493697.41798, 12839.1206389768, 1939.57055018111, -295.272659242637
631202400       , 79343961144.6317, -776767557953.585, 1446430715.8447 , 12839.1207779183, 1939.57038013382, -295.272659245604
631206000       , 79390181979.6823, -776760575500.523, 1445367734.27141, 12839.1209168627, 1939.57021007797, -295.27265924866
631209600       , 79436402815.2331, -776753593048.073, 1444304752.69811, 12839.1210558099, 1939.57004001355, -295.272659251807
631213200       , 79482623651.2842, -776746610596.235, 1443241771.1248 , 12839.1211947599, 1939.56986994056, -295.272659255044
631216800       , 79528844487.8354, -776739628145.009, 1442178789.55148, 12839.1213337128, 1939.569699859  , -295.272659258372
631220400       , 79575065324.8869, -776732645694.396, 1441115807.97814, 12839.1214726685, 1939.56952976886, -295.27265926179
631224000       , 79621286162.4386, -776725663244.395, 1440052826.40479, 12839.1216116271, 1939.56935967016, -295.272659265298
631227600       , 79667507000.4906, -776718680795.006, 1438989844.83143, 12839.1217505885, 1939.56918956289, -295.272659268896
631231200       , 79713727839.0429, -776711698346.23, 1437926863.25806, 12839.1218895528, 1939.56901944705, -295.272659272585
631234800       , 79759948678.0954, -776704715898.066, 1436863881.68467, 12839.1220285199, 1939.56884932263, -295.272659276365
631238400       , 79806169517.6482, -776697733450.515, 1435800900.11127, 12839.1221674899, 1939.56867918965, -295.272659280235
631242000       , 79852390357.7013, -776690751003.576, 1434737918.53785, 12839.1223064627, 1939.56850904809, -295.272659284195
631245600       , 79898611198.2547, -776683768557.25, 1433674936.96442, 12839.1224454383, 1939.56833889796, -295.272659288246
631249200       , 79944832039.3085, -776676786111.536, 1432611955.39097, 12839.1225844168, 1939.56816873925, -295.272659292388
631252800       , 79991052880.8625, -776669803666.435, 1431548973.81751, 12839.1227233982, 1939.56799857197, -295.27265929662
631256400       , 80037273722.9169, -776662821221.946, 1430485992.24404, 12839.1228623824, 1939.56782839612, -295.272659300942
631260000       , 80083494565.4717, -776655838778.071, 1429423010.67055, 12839.1230013694, 1939.5676582117 , -295.272659305356
631263600       , 80129715408.5268, -776648856334.807, 1428360029.09704, 12839.1231403593, 1939.56748801869, -295.27265930986
631267200       , 80175936252.0823, -776641873892.157, 1427297047.52352, 12839.1232793521, 1939.56731781712, -295.272659314454
631270800       , 80222157096.1382, -776634891450.119, 1426234065.94998, 12839.1234183476, 1939.56714760696, -295.272659319139
631274400       , 80268377940.6944, -776627909008.694, 1425171084.37642, 12839.1235573461, 1939.56697738824, -295.272659323915
631278000       , 80314598785.751 , -776620926567.882, 1424108102.80284, 12839.1236963474, 1939.56680716093, -295.272659328782
631281600       , 80360819631.3081, -776613944127.683, 1423045121.22925, 12839.1238353515, 1939.56663692505, -295.27265933374
631285200       , 80407040477.3656, -776606961688.096, 1421982139.65564, 12839.1239743585, 1939.56646668059, -295.272659338788
631288800       , 80453261323.9235, -776599979249.122, 1420919158.08201, 12839.1241133683, 1939.56629642755, -295.272659343927
631292400       , 80499482170.9818, -776592996810.762, 1419856176.50836, 12839.124252381 , 1939.56612616594, -295.272659349157
631296000       , 80545703018.5406, -776586014373.014, 1418793194.9347 , 12839.1243913965, 1939.56595589574, -295.272659354478
631299600       , 80591923866.5999, -776579031935.879, 1417730213.36101, 12839.1245304149, 1939.56578561697, -295.272659359889
631303200       , 80638144715.1596, -776572049499.358, 1416667231.78731, 12839.1246694361, 1939.56561532962, -295.272659365392
631306800       , 80684365564.2198, -776565067063.449, 1415604250.21358, 12839.1248084602, 1939.56544503368, -295.272659370985
631310400       , 80730586413.7805, -776558084628.153, 1414541268.63983, 12839.1249474871, 1939.56527472917, -295.27265937667
631314000       , 80776807263.8417, -776551102193.471, 1413478287.06607, 12839.1250865169, 1939.56510441608, -295.272659382445
631317600       , 80823028114.4035, -776544119759.401, 1412415305.49228, 12839.1252255495, 1939.5649340944 , -295.272659388311
631321200       , 80869248965.4657, -776537137325.945, 1411352323.91847, 12839.125364585 , 1939.56476376415, -295.272659394269
631324800       , 80915469817.0285, -776530154893.102, 1410289342.34464, 12839.1255036233, 1939.56459342531, -295.272659400317
631328400       , 80961690669.0918, -776523172460.873, 1409226360.77079, 12839.1256426645, 1939.56442307789, -295.272659406457
631332000       , 81007911521.6557, -776516190029.256, 1408163379.19692, 12839.1257817085, 1939.56425272189, -295.272659412687
631335600       , 81054132374.7201, -776509207598.253, 1407100397.62302, 12839.1259207554, 1939.5640823573 , -295.272659419009
631339200       , 81100353228.2851, -776502225167.863, 1406037416.0491 , 12839.1260598051, 1939.56391198413, -295.272659425422
631342800       , 81146574082.3507, -776495242738.087, 1404974434.47516, 12839.1261988577, 1939.56374160238, -295.272659431926
631346400       , 81192794936.9169, -776488260308.924, 1403911452.90119, 12839.1263379131, 1939.56357121204, -295.272659438521
631350000       , 81239015791.9837, -776481277880.374, 1402848471.3272 , 12839.1264769714, 1939.56340081311, -295.272659445208
631353600       , 81285236647.5511, -776474295452.438, 1401785489.75318, 12839.1266160325, 1939.56323040561, -295.272659451985
631357200       , 81331457503.6191, -776467313025.115, 1400722508.17914, 12839.1267550965, 1939.56305998951, -295.272659458854
631360800       , 81377678360.1878, -776460330598.406, 1399659526.60508, 12839.1268941634, 1939.56288956483, -295.272659465814
631364400       , 81423899217.2571, -776453348172.31, 1398596545.03099, 12839.127033233 , 1939.56271913157, -295.272659472866
631368000       , 81470120074.8271, -776446365746.828, 1397533563.45687, 12839.1271723056, 1939.56254868971, -295.272659480009
631371600       , 81516340932.8977, -776439383321.96, 1396470581.88273, 12839.127311381 , 1939.56237823927, -295.272659487243
631375200       , 81562561791.469 , -776432400897.705, 1395407600.30857, 12839.1274504592, 1939.56220778024, -295.272659494568
631378800       , 81608782650.541 , -776425418474.064, 1394344618.73437, 12839.1275895403, 1939.56203731263, -295.272659501985
631382400       , 81655003510.1137, -776418436051.036, 1393281637.16015, 12839.1277286243, 1939.56186683642, -295.272659509494
631386000       , 81701224370.1871, -776411453628.622, 1392218655.5859 , 12839.1278677111, 1939.56169635163, -295.272659517094
631389600       , 81747445230.7612, -776404471206.823, 1391155674.01163, 12839.1280068007, 1939.56152585824, -295.272659524785
631393200       , 81793666091.8361, -776397488785.636, 1390092692.43733, 12839.1281458932, 1939.56135535627, -295.272659532568
631396800       , 81839886953.4117, -776390506365.064, 1389029710.86299, 12839.1282849886, 1939.56118484571, -295.272659540442
631400400       , 81886107815.488 , -776383523945.105, 1387966729.28863, 12839.1284240868, 1939.56101432655, -295.272659548408
631404000       , 81932328678.0651, -776376541525.761, 1386903747.71425, 12839.1285631879, 1939.56084379881, -295.272659556465
631407600       , 81978549541.143 , -776369559107.03, 1385840766.13983, 12839.1287022918, 1939.56067326247, -295.272659564614
631411200       , 82024770404.7216, -776362576688.913, 1384777784.56538, 12839.1288413986, 1939.56050271754, -295.272659572855
631414800       , 82070991268.801 , -776355594271.411, 1383714802.9909 , 12839.1289805082, 1939.56033216402, -295.272659581187
631418400       , 82117212133.3813, -776348611854.522, 1382651821.4164 , 12839.1291196207, 1939.56016160191, -295.272659589611
631422000       , 82163432998.4623, -776341629438.247, 1381588839.84186, 12839.129258736 , 1939.5599910312 , -295.272659598127
631425600       , 82209653864.0442, -776334647022.586, 1380525858.26729, 12839.1293978542, 1939.5598204519 , -295.272659606734
631429200       , 82255874730.1269, -776327664607.54, 1379462876.69269, 12839.1295369753, 1939.559649864  , -295.272659615433
631432800       , 82302095596.7104, -776320682193.107, 1378399895.11806, 12839.1296760992, 1939.55947926751, -295.272659624224
631436400       , 82348316463.7948, -776313699779.289, 1377336913.54339, 12839.1298152259, 1939.55930866243, -295.272659633107
631440000       , 82394537331.38  , -776306717366.085, 1376273931.9687 , 12839.1299543556, 1939.55913804875, -295.272659642081
631443600       , 82440758199.4661, -776299734953.495, 1375210950.39397, 12839.130093488 , 1939.55896742648, -295.272659651147
631447200       , 82486979068.0531, -776292752541.519, 1374147968.81921, 12839.1302326233, 1939.5587967956 , -295.272659660305
631450800       , 82533199937.141 , -776285770130.158, 1373084987.24442, 12839.1303717615, 1939.55862615614, -295.272659669555
631454400       , 82579420806.7298, -776278787719.411, 1372022005.66959, 12839.1305109026, 1939.55845550807, -295.272659678897
631458000       , 82625641676.8195, -776271805309.278, 1370959024.09473, 12839.1306500465, 1939.55828485141, -295.272659688331
631461600       , 82671862547.4102, -776264822899.76, 1369896042.51983, 12839.1307891932, 1939.55811418615, -295.272659697857
631465200       , 82718083418.5017, -776257840490.856, 1368833060.9449 , 12839.1309283428, 1939.55794351229, -295.272659707474
631468800       , 82764304290.0943, -776250858082.567, 1367770079.36994, 12839.1310674953, 1939.55777282984, -295.272659717184
631472400       , 82810525162.1877, -776243875674.892, 1366707097.79494, 12839.1312066506, 1939.55760213878, -295.272659726986
631476000       , 82856746034.7821, -776236893267.832, 1365644116.21991, 12839.1313458088, 1939.55743143912, -295.272659736879
631479600       , 82902966907.8775, -776229910861.386, 1364581134.64483, 12839.1314849698, 1939.55726073087, -295.272659746865
631483200       , 82949187781.4739, -776222928455.554, 1363518153.06973, 12839.1316241337, 1939.55709001401, -295.272659756943
631486800       , 82995408655.5713, -776215946050.338, 1362455171.49458, 12839.1317633004, 1939.55691928856, -295.272659767113
631490400       , 83041629530.1697, -776208963645.735, 1361392189.9194 , 12839.13190247  , 1939.5567485545 , -295.272659777375
631494000       , 83087850405.2691, -776201981241.748, 1360329208.34419, 12839.1320416425, 1939.55657781184, -295.272659787729
631497600       , 83134071280.8695, -776194998838.375, 1359266226.76893, 12839.1321808178, 1939.55640706058, -295.272659798176
631501200       , 83180292156.971 , -776188016435.617, 1358203245.19364, 12839.132319996 , 1939.55623630072, -295.272659808715
631504800       , 83226513033.5735, -776181034033.474, 1357140263.61831, 12839.132459177 , 1939.55606553225, -295.272659819345
631508400       , 83272733910.6771, -776174051631.945, 1356077282.04294, 12839.1325983609, 1939.55589475518, -295.272659830069
631512000       , 83318954788.2817, -776167069231.031, 1355014300.46753, 12839.1327375477, 1939.55572396951, -295.272659840884
631515600       , 83365175666.3874, -776160086830.733, 1353951318.89209, 12839.1328767373, 1939.55555317523, -295.272659851792
631519200       , 83411396544.9942, -776153104431.049, 1352888337.3166 , 12839.1330159298, 1939.55538237235, -295.272659862792
631522800       , 83457617424.1021, -776146122031.98, 1351825355.74107, 12839.1331551251, 1939.55521156086, -295.272659873884
631526400       , 83503838303.7111, -776139139633.526, 1350762374.16551, 12839.1332943233, 1939.55504074077, -295.272659885069
631530000       , 83550059183.8212, -776132157235.686, 1349699392.5899 , 12839.1334335243, 1939.55486991207, -295.272659896346
631533600       , 83596280064.4325, -776125174838.462, 1348636411.01425, 12839.1335727282, 1939.55469907477, -295.272659907715
631537200       , 83642500945.5449, -776118192441.853, 1347573429.43857, 12839.133711935 , 1939.55452822886, -295.272659919177
631540800       , 83688721827.1584, -776111210045.859, 1346510447.86284, 12839.1338511446, 1939.55435737434, -295.272659930732
631544400       , 83734942709.2731, -776104227650.48, 1345447466.28706, 12839.1339903571, 1939.55418651122, -295.272659942379
631548000       , 83781163591.889 , -776097245255.716, 1344384484.71125, 12839.1341295724, 1939.55401563948, -295.272659954118
631551600       , 83827384475.006 , -776090262861.567, 1343321503.13539, 12839.1342687906, 1939.55384475914, -295.27265996595
631555200       , 83873605358.6243, -776083280468.034, 1342258521.5595 , 12839.1344080117, 1939.55367387019, -295.272659977874
631558800       , 83919826242.7437, -776076298075.115, 1341195539.98355, 12839.1345472356, 1939.55350297263, -295.272659989892
631562400       , 83966047127.3644, -776069315682.812, 1340132558.40757, 12839.1346864624, 1939.55333206646, -295.272660002001
631566000       , 84012268012.4863, -776062333291.125, 1339069576.83154, 12839.134825692 , 1939.55316115168, -295.272660014204
631569600       , 84058488898.1094, -776055350900.052, 1338006595.25547, 12839.1349649246, 1939.55299022829, -295.272660026498
631573200       , 84104709784.2337, -776048368509.595, 1336943613.67935, 12839.1351041599, 1939.55281929629, -295.272660038886
631576800       , 84150930670.8593, -776041386119.753, 1335880632.10319, 12839.1352433981, 1939.55264835568, -295.272660051366
631580400       , 84197151557.9862, -776034403730.527, 1334817650.52698, 12839.1353826392, 1939.55247740646, -295.272660063939
631584000       , 84243372445.6143, -776027421341.916, 1333754668.95073, 12839.1355218832, 1939.55230644862, -295.272660076605
631587600       , 84289593333.7437, -776020438953.92, 1332691687.37443, 12839.13566113  , 1939.55213548217, -295.272660089364
631591200       , 84335814222.3745, -776013456566.54, 1331628705.79808, 12839.1358003797, 1939.55196450711, -295.272660102215
631594800       , 84382035111.5065, -776006474179.776, 1330565724.22169, 12839.1359396322, 1939.55179352344, -295.272660115159
631598400       , 84428256001.1398, -775999491793.627, 1329502742.64525, 12839.1360788876, 1939.55162253115, -295.272660128196
631602000       , 84474476891.2745, -775992509408.094, 1328439761.06877, 12839.1362181459, 1939.55145153025, -295.272660141326
631605600       , 84520697781.9105, -775985527023.176, 1327376779.49223, 12839.136357407 , 1939.55128052073, -295.272660154549
631609200       , 84566918673.0478, -775978544638.874, 1326313797.91565, 12839.136496671 , 1939.5511095026 , -295.272660167864
631612800       , 84613139564.6865, -775971562255.188, 1325250816.33903, 12839.1366359378, 1939.55093847585, -295.272660181273
631616400       , 84659360456.8266, -775964579872.117, 1324187834.76235, 12839.1367752075, 1939.55076744049, -295.272660194774
631620000       , 84705581349.468 , -775957597489.662, 1323124853.18562, 12839.1369144801, 1939.55059639651, -295.272660208369
631623600       , 84751802242.6108, -775950615107.823, 1322061871.60885, 12839.1370537555, 1939.55042534391, -295.272660222056
631627200       , 84798023136.2551, -775943632726.599, 1320998890.03202, 12839.1371930338, 1939.55025428269, -295.272660235837
631630800       , 84844244030.4007, -775936650345.992, 1319935908.45515, 12839.137332315 , 1939.55008321286, -295.27266024971
631634400       , 84890464925.0477, -775929667966   , 1318872926.87823, 12839.137471599 , 1939.54991213441, -295.272660263677
631638000       , 84936685820.1962, -775922685586.625, 1317809945.30125, 12839.1376108859, 1939.54974104734, -295.272660277736
631641600       , 84982906715.8461, -775915703207.865, 1316746963.72423, 12839.1377501757, 1939.54956995166, -295.272660291889
631645200       , 85029127611.9975, -775908720829.721, 1315683982.14715, 12839.1378894683, 1939.54939884735, -295.272660306135
631648800       , 85075348508.6503, -775901738452.193, 1314621000.57002, 12839.1380287638, 1939.54922773442, -295.272660320474
631652400       , 85121569405.8046, -775894756075.281, 1313558018.99284, 12839.1381680621, 1939.54905661288, -295.272660334906
631656000       , 85167790303.4603, -775887773698.985, 1312495037.41561, 12839.1383073633, 1939.54888548271, -295.272660349432
631659600       , 85214011201.6176, -775880791323.306, 1311432055.83833, 12839.1384466674, 1939.54871434392, -295.272660364051
631663200       , 85260232100.2764, -775873808948.242, 1310369074.26099, 12839.1385859743, 1939.54854319651, -295.272660378763
631666800       , 85306452999.4366, -775866826573.795, 1309306092.6836 , 12839.1387252841, 1939.54837204048, -295.272660393568
631670400       , 85352673899.0984, -775859844199.964, 1308243111.10616, 12839.1388645968, 1939.54820087582, -295.272660408466
631674000       , 85398894799.2617, -775852861826.748, 1307180129.52866, 12839.1390039123, 1939.54802970255, -295.272660423458
631677600       , 85445115699.9266, -775845879454.15, 1306117147.95111, 12839.1391432307, 1939.54785852065, -295.272660438543
631681200       , 85491336601.093 , -775838897082.167, 1305054166.3735 , 12839.139282552 , 1939.54768733012, -295.272660453722
631684800       , 85537557502.761 , -775831914710.801, 1303991184.79584, 12839.1394218761, 1939.54751613097, -295.272660468994
631688400       , 85583778404.9305, -775824932340.051, 1302928203.21812, 12839.1395612031, 1939.5473449232 , -295.272660484359
631692000       , 85629999307.6016, -775817949969.917, 1301865221.64035, 12839.139700533 , 1939.5471737068 , -295.272660499818
631695600       , 85676220210.7743, -775810967600.4 , 1300802240.06252, 12839.1398398657, 1939.54700248178, -295.27266051537
631699200       , 85722441114.4487, -775803985231.5 , 1299739258.48464, 12839.1399792013, 1939.54683124813, -295.272660531016
631702800       , 85768662018.6246, -775797002863.215, 1298676276.9067 , 12839.1401185398, 1939.54666000586, -295.272660546755
631706400       , 85814882923.3021, -775790020495.548, 1297613295.3287 , 12839.1402578811, 1939.54648875496, -295.272660562588
631710000       , 85861103828.4813, -775783038128.496, 1296550313.75065, 12839.1403972253, 1939.54631749543, -295.272660578514
631713600       , 85907324734.1622, -775776055762.062, 1295487332.17254, 12839.1405365724, 1939.54614622727, -295.272660594534
631717200       , 85953545640.3447, -775769073396.244, 1294424350.59437, 12839.1406759223, 1939.54597495049, -295.272660610648
631720800       , 85999766547.0288, -775762091031.042, 1293361369.01614, 12839.1408152751, 1939.54580366508, -295.272660626855
631724400       , 86045987454.2146, -775755108666.457, 1292298387.43786, 12839.1409546308, 1939.54563237104, -295.272660643156
631728000       , 86092208361.9022, -775748126302.489, 1291235405.85951, 12839.1410939893, 1939.54546106837, -295.27266065955
631731600       , 86138429270.0914, -775741143939.138, 1290172424.28111, 12839.1412333507, 1939.54528975707, -295.272660676038
631735200       , 86184650178.7823, -775734161576.403, 1289109442.70264, 12839.141372715 , 1939.54511843714, -295.27266069262
631738800       , 86230871087.9749, -775727179214.285, 1288046461.12412, 12839.1415120821, 1939.54494710858, -295.272660709296
631742400       , 86277091997.6693, -775720196852.784, 1286983479.54554, 12839.1416514521, 1939.54477577139, -295.272660726065
631746000       , 86323312907.8654, -775713214491.899, 1285920497.96689, 12839.141790825 , 1939.54460442557, -295.272660742928
631749600       , 86369533818.5632, -775706232131.632, 1284857516.38819, 12839.1419302007, 1939.54443307111, -295.272660759885
631753200       , 86415754729.7628, -775699249771.981, 1283794534.80942, 12839.1420695793, 1939.54426170803, -295.272660776936
631756800       , 86461975641.4642, -775692267412.947, 1282731553.23059, 12839.1422089608, 1939.54409033631, -295.27266079408
631760400       , 86508196553.6673, -775685285054.531, 1281668571.6517 , 12839.1423483452, 1939.54391895596, -295.272660811319
631764000       , 86554417466.3723, -775678302696.731, 1280605590.07275, 12839.1424877324, 1939.54374756697, -295.272660828651
631767600       , 86600638379.579 , -775671320339.548, 1279542608.49374, 12839.1426271224, 1939.54357616935, -295.272660846077
631771200       , 86646859293.2876, -775664337982.982, 1278479626.91466, 12839.1427665154, 1939.5434047631 , -295.272660863598
631774800       , 86693080207.4979, -775657355627.034, 1277416645.33552, 12839.1429059112, 1939.54323334821, -295.272660881212
631778400       , 86739301122.2101, -775650373271.702, 1276353663.75631, 12839.1430453099, 1939.54306192469, -295.27266089892
631782000       , 86785522037.4242, -775643390916.988, 1275290682.17705, 12839.1431847115, 1939.54289049253, -295.272660916722
631785600       , 86831742953.1401, -775636408562.891, 1274227700.59771, 12839.1433241159, 1939.54271905174, -295.272660934619
631789200       , 86877963869.3578, -775629426209.411, 1273164719.01832, 12839.1434635232, 1939.5425476023 , -295.272660952609
631792800       , 86924184786.0774, -775622443856.548, 1272101737.43886, 12839.1436029334, 1939.54237614424, -295.272660970693
631796400       , 86970405703.2989, -775615461504.302, 1271038755.85933, 12839.1437423464, 1939.54220467753, -295.272660988872
631800000       , 87016626621.0223, -775608479152.674, 1269975774.27974, 12839.1438817623, 1939.54203320219, -295.272661007145
631803600       , 87062847539.2476, -775601496801.663, 1268912792.70008, 12839.1440211811, 1939.54186171821, -295.272661025511
631807200       , 87109068457.9748, -775594514451.27, 1267849811.12035, 12839.1441606028, 1939.54169022559, -295.272661043972
631810800       , 87155289377.2039, -775587532101.494, 1266786829.54056, 12839.1443000273, 1939.54151872433, -295.272661062528
631814400       , 87201510296.935 , -775580549752.335, 1265723847.9607 , 12839.1444394547, 1939.54134721443, -295.272661081177
631818000       , 87247731217.168 , -775573567403.794, 1264660866.38078, 12839.144578885 , 1939.54117569589, -295.27266109992
631821600       , 87293952137.903 , -775566585055.87, 1263597884.80078, 12839.1447183181, 1939.54100416871, -295.272661118758
631825200       , 87340173059.1399, -775559602708.564, 1262534903.22072, 12839.1448577541, 1939.54083263289, -295.272661137691
631828800       , 87386393980.8788, -775552620361.875, 1261471921.64059, 12839.144997193 , 1939.54066108843, -295.272661156717
631832400       , 87432614903.1197, -775545638015.804, 1260408940.06039, 12839.1451366348, 1939.54048953533, -295.272661175838
631836000       , 87478835825.8626, -775538655670.35, 1259345958.48012, 12839.1452760794, 1939.54031797358, -295.272661195053
631839600       , 87525056749.1075, -775531673325.515, 1258282976.89979, 12839.1454155269, 1939.5401464032 , -295.272661214363
631843200       , 87571277672.8544, -775524690981.296, 1257219995.31938, 12839.1455549773, 1939.53997482417, -295.272661233767
631846800       , 87617498597.1033, -775517708637.696, 1256157013.7389 , 12839.1456944305, 1939.53980323649, -295.272661253265
631850400       , 87663719521.8543, -775510726294.713, 1255094032.15836, 12839.1458338866, 1939.53963164018, -295.272661272858
631854000       , 87709940447.1073, -775503743952.348, 1254031050.57774, 12839.1459733456, 1939.53946003521, -295.272661292545
631857600       , 87756161372.8624, -775496761610.601, 1252968068.99705, 12839.1461128075, 1939.53928842161, -295.272661312327
631861200       , 87802382299.1195, -775489779269.471, 1251905087.41629, 12839.1462522722, 1939.53911679936, -295.272661332203
631864800       , 87848603225.8788, -775482796928.96, 1250842105.83546, 12839.1463917398, 1939.53894516846, -295.272661352174
631868400       , 87894824153.1401, -775475814589.066, 1249779124.25455, 12839.1465312103, 1939.53877352892, -295.27266137224
631872000       , 87941045080.9035, -775468832249.79, 1248716142.67358, 12839.1466706837, 1939.53860188073, -295.2726613924 
631875600       , 87987266009.169 , -775461849911.133, 1247653161.09253, 12839.1468101599, 1939.53843022389, -295.272661412654
631879200       , 88033486937.9366, -775454867573.093, 1246590179.51141, 12839.146949639 , 1939.53825855841, -295.272661433004
631882800       , 88079707867.2064, -775447885235.671, 1245527197.93021, 12839.147089121 , 1939.53808688428, -295.272661453447
631886400       , 88125928796.9783, -775440902898.867, 1244464216.34894, 12839.1472286058, 1939.5379152015 , -295.272661473986
631890000       , 88172149727.2524, -775433920562.682, 1243401234.7676 , 12839.1473680936, 1939.53774351007, -295.272661494619
631893600       , 88218370658.0286, -775426938227.114, 1242338253.18618, 12839.1475075842, 1939.53757181   , -295.272661515347
631897200       , 88264591589.307 , -775419955892.165, 1241275271.60469, 12839.1476470776, 1939.53740010127, -295.27266153617
631900800       , 88310812521.0876, -775412973557.833, 1240212290.02312, 12839.147786574 , 1939.5372283839 , -295.272661557088
631904400       , 88357033453.3703, -775405991224.12, 1239149308.44148, 12839.1479260732, 1939.53705665787, -295.2726615781 
631908000       , 88403254386.1553, -775399008891.025, 1238086326.85976, 12839.1480655753, 1939.5368849232 , -295.272661599207
631911600       , 88449475319.4425, -775392026558.549, 1237023345.27796, 12839.1482050803, 1939.53671317987, -295.272661620409
631915200       , 88495696253.2319, -775385044226.69, 1235960363.69609, 12839.1483445881, 1939.53654142789, -295.272661641706
631918800       , 88541917187.5235, -775378061895.45, 1234897382.11414, 12839.1484840989, 1939.53636966726, -295.272661663098
631922400       , 88588138122.3174, -775371079564.829, 1233834400.53212, 12839.1486236125, 1939.53619789797, -295.272661684584
631926000       , 88634359057.6135, -775364097234.826, 1232771418.95001, 12839.1487631289, 1939.53602612004, -295.272661706166
631929600       , 88680579993.4119, -775357114905.441, 1231708437.36783, 12839.1489026483, 1939.53585433345, -295.272661727842
631933200       , 88726800929.7126, -775350132576.674, 1230645455.78557, 12839.1490421705, 1939.53568253821, -295.272661749614
631936800       , 88773021866.5156, -775343150248.526, 1229582474.20324, 12839.1491816956, 1939.53551073431, -295.27266177148
631940400       , 88819242803.8208, -775336167920.997, 1228519492.62082, 12839.1493212236, 1939.53533892176, -295.272661793442
631944000       , 88865463741.6284, -775329185594.086, 1227456511.03832, 12839.1494607545, 1939.53516710055, -295.272661815498
631947600       , 88911684679.9382, -775322203267.794, 1226393529.45575, 12839.1496002882, 1939.53499527069, -295.27266183765
631951200       , 88957905618.7505, -775315220942.12, 1225330547.87309, 12839.1497398248, 1939.53482343217, -295.272661859897
631954800       , 89004126558.065 , -775308238617.065, 1224267566.29036, 12839.1498793643, 1939.53465158499, -295.272661882239
631958400       , 89050347497.8819, -775301256292.629, 1223204584.70754, 12839.1500189067, 1939.53447972916, -295.272661904675
631962000       , 89096568438.2011, -775294273968.811, 1222141603.12464, 12839.1501584519, 1939.53430786467, -295.272661927208
631965600       , 89142789379.0227, -775287291645.612, 1221078621.54166, 12839.150298    , 1939.53413599152, -295.272661949835
631969200       , 89189010320.3467, -775280309323.032, 1220015639.9586 , 12839.150437551 , 1939.53396410972, -295.272661972557
631972800       , 89235231262.1731, -775273327001.071, 1218952658.37546, 12839.1505771049, 1939.53379221926, -295.272661995375
631976400       , 89281452204.5019, -775266344679.728, 1217889676.79224, 12839.1507166617, 1939.53362032014, -295.272662018288
631980000       , 89327673147.3331, -775259362359.004, 1216826695.20893, 12839.1508562213, 1939.53344841235, -295.272662041296
631983600       , 89373894090.6667, -775252380038.899, 1215763713.62554, 12839.1509957838, 1939.53327649591, -295.2726620644 
631987200       , 89420115034.5027, -775245397719.413, 1214700732.04206, 12839.1511353492, 1939.53310457081, -295.272662087599
631990800       , 89466335978.8412, -775238415400.547, 1213637750.45851, 12839.1512749175, 1939.53293263705, -295.272662110893
631994400       , 89512556923.6821, -775231433082.298, 1212574768.87487, 12839.1514144886, 1939.53276069463, -295.272662134282
631998000       , 89558777869.0255, -775224450764.669, 1211511787.29114, 12839.1515540626, 1939.53258874354, -295.272662157767
632001600       , 89604998814.8714, -775217468447.659, 1210448805.70733, 12839.1516936395, 1939.53241678379, -295.272662181347
632005200       , 89651219761.2197, -775210486131.269, 1209385824.12343, 12839.1518332193, 1939.53224481538, -295.272662205023
632008800       , 89697440708.0706, -775203503815.497, 1208322842.53945, 12839.151972802 , 1939.53207283831, -295.272662228794
632012400       , 89743661655.4239, -775196521500.344, 1207259860.95539, 12839.1521123875, 1939.53190085258, -295.272662252661
632016000       , 89789882603.2798, -775189539185.811, 1206196879.37123, 12839.1522519759, 1939.53172885818, -295.272662276623
632019600       , 89836103551.6381, -775182556871.896, 1205133897.787  , 12839.1523915672, 1939.53155685511, -295.272662300681
632023200       , 89882324500.4991, -775175574558.601, 1204070916.20267, 12839.1525311614, 1939.53138484339, -295.272662324834
632026800       , 89928545449.8625, -775168592245.926, 1203007934.61826, 12839.1526707585, 1939.53121282299, -295.272662349083
632030400       , 89974766399.7285, -775161609933.869, 1201944953.03376, 12839.1528103584, 1939.53104079393, -295.272662373427
632034000       , 90020987350.0971, -775154627622.432, 1200881971.44917, 12839.1529499612, 1939.53086875621, -295.272662397867
632037600       , 90067208300.9682, -775147645311.614, 1199818989.86449, 12839.1530895669, 1939.53069670982, -295.272662422403
632041200       , 90113429252.342 , -775140663001.416, 1198756008.27973, 12839.1532291755, 1939.53052465476, -295.272662447034
632044800       , 90159650204.2183, -775133680691.837, 1197693026.69487, 12839.153368787 , 1939.53035259104, -295.272662471761
632048400       , 90205871156.5972, -775126698382.877, 1196630045.10993, 12839.1535084013, 1939.53018051864, -295.272662496584
632052000       , 90252092109.4788, -775119716074.537, 1195567063.5249 , 12839.1536480186, 1939.53000843758, -295.272662521502
632055600       , 90298313062.863 , -775112733766.816, 1194504081.93977, 12839.1537876387, 1939.52983634785, -295.272662546516
632059200       , 90344534016.7498, -775105751459.715, 1193441100.35456, 12839.1539272616, 1939.52966424945, -295.272662571626
632062800       , 90390754971.1393, -775098769153.234, 1192378118.76926, 12839.1540668875, 1939.52949214239, -295.272662596832
632066400       , 90436975926.0314, -775091786847.372, 1191315137.18386, 12839.1542065163, 1939.52932002665, -295.272662622133
632070000       , 90483196881.4262, -775084804542.129, 1190252155.59838, 12839.1543461479, 1939.52914790224, -295.272662647531
632073600       , 90529417837.3237, -775077822237.507, 1189189174.0128 , 12839.1544857824, 1939.52897576916, -295.272662673024
632077200       , 90575638793.7238, -775070839933.504, 1188126192.42713, 12839.1546254198, 1939.52880362741, -295.272662698613
632080800       , 90621859750.6267, -775063857630.121, 1187063210.84137, 12839.1547650601, 1939.52863147699, -295.272662724298
632084400       , 90668080708.0323, -775056875327.357, 1186000229.25552, 12839.1549047032, 1939.5284593179 , -295.272662750079
632088000       , 90714301665.9406, -775049893025.214, 1184937247.66957, 12839.1550443493, 1939.52828715013, -295.272662775955
632091600       , 90760522624.3516, -775042910723.69, 1183874266.08353, 12839.1551839982, 1939.52811497369, -295.272662801928
632095200       , 90806743583.2654, -775035928422.786, 1182811284.4974 , 12839.15532365  , 1939.52794278858, -295.272662827997
632098800       , 90852964542.6819, -775028946122.502, 1181748302.91117, 12839.1554633047, 1939.52777059479, -295.272662854162
632102400       , 90899185502.6012, -775021963822.838, 1180685321.32485, 12839.1556029623, 1939.52759839233, -295.272662880423
632106000       , 90945406463.0232, -775014981523.793, 1179622339.73843, 12839.1557426227, 1939.5274261812 , -295.272662906779
632109600       , 90991627423.9481, -775007999225.369, 1178559358.15192, 12839.1558822861, 1939.52725396139, -295.272662933232
632113200       , 91037848385.3757, -775001016927.565, 1177496376.56531, 12839.1560219523, 1939.5270817329 , -295.272662959781
632116800       , 91084069347.3061, -774994034630.381, 1176433394.97861, 12839.1561616214, 1939.52690949574, -295.272662986427
632120400       , 91130290309.7394, -774987052333.817, 1175370413.39181, 12839.1563012934, 1939.5267372499 , -295.272663013168
632124000       , 91176511272.6754, -774980070037.873, 1174307431.80491, 12839.1564409683, 1939.52656499539, -295.272663040006
632127600       , 91222732236.1143, -774973087742.549, 1173244450.21792, 12839.156580646 , 1939.5263927322 , -295.272663066939
632131200       , 91268953200.0561, -774966105447.845, 1172181468.63083, 12839.1567203267, 1939.52622046033, -295.272663093969
632134800       , 91315174164.5007, -774959123153.761, 1171118487.04364, 12839.1568600102, 1939.52604817978, -295.272663121095
632138400       , 91361395129.4482, -774952140860.298, 1170055505.45636, 12839.1569996966, 1939.52587589055, -295.272663148318
632142000       , 91407616094.8985, -774945158567.455, 1168992523.86898, 12839.1571393859, 1939.52570359265, -295.272663175637
632145600       , 91453837060.8517, -774938176275.232, 1167929542.28149, 12839.1572790781, 1939.52553128606, -295.272663203052
632149200       , 91500058027.3079, -774931193983.63, 1166866560.69391, 12839.1574187732, 1939.5253589708 , -295.272663230563
632152800       , 91546278994.2669, -774924211692.648, 1165803579.10623, 12839.1575584711, 1939.52518664685, -295.272663258171
632156400       , 91592499961.7289, -774917229402.286, 1164740597.51845, 12839.1576981719, 1939.52501431422, -295.272663285875
632160000       , 91638720929.6938, -774910247112.545, 1163677615.93058, 12839.1578378757, 1939.52484197292, -295.272663313675
632163600       , 91684941898.1616, -774903264823.424, 1162614634.3426 , 12839.1579775823, 1939.52466962293, -295.272663341572
632167200       , 91731162867.1324, -774896282534.924, 1161551652.75452, 12839.1581172918, 1939.52449726426, -295.272663369565
632170800       , 91777383836.6061, -774889300247.044, 1160488671.16634, 12839.1582570041, 1939.5243248969 , -295.272663397655
632174400       , 91823604806.5828, -774882317959.784, 1159425689.57805, 12839.1583967194, 1939.52415252086, -295.272663425841
632178000       , 91869825777.0625, -774875335673.146, 1158362707.98967, 12839.1585364376, 1939.52398013614, -295.272663454124
632181600       , 91916046748.0451, -774868353387.127, 1157299726.40118, 12839.1586761586, 1939.52380774274, -295.272663482504
632185200       , 91962267719.5308, -774861371101.73, 1156236744.81259, 12839.1588158825, 1939.52363534065, -295.272663510979
632188800       , 92008488691.5195, -774854388816.953, 1155173763.2239 , 12839.1589556093, 1939.52346292988, -295.272663539552
632192400       , 92054709664.0112, -774847406532.797, 1154110781.63511, 12839.159095339 , 1939.52329051042, -295.272663568221
632196000       , 92100930637.0059, -774840424249.261, 1153047800.04621, 12839.1592350716, 1939.52311808227, -295.272663596987
632199600       , 92147151610.5037, -774833441966.346, 1151984818.45721, 12839.1593748071, 1939.52294564544, -295.272663625849
632203200       , 92193372584.5045, -774826459684.052, 1150921836.86811, 12839.1595145455, 1939.52277319993, -295.272663654808
632206800       , 92239593559.0084, -774819477402.379, 1149858855.2789 , 12839.1596542867, 1939.52260074572, -295.272663683864
632210400       , 92285814534.0154, -774812495121.327, 1148795873.68958, 12839.1597940308, 1939.52242828283, -295.272663713016
632214000       , 92332035509.5255, -774805512840.896, 1147732892.10016, 12839.1599337779, 1939.52225581125, -295.272663742265
632217600       , 92378256485.5386, -774798530561.085, 1146669910.51064, 12839.1600735278, 1939.52208333098, -295.272663771611
632221200       , 92424477462.0549, -774791548281.896, 1145606928.92101, 12839.1602132806, 1939.52191084203, -295.272663801054
632224800       , 92470698439.0742, -774784566003.327, 1144543947.33127, 12839.1603530362, 1939.52173834438, -295.272663830593
632228400       , 92516919416.5967, -774777583725.38, 1143480965.74143, 12839.1604927948, 1939.52156583804, -295.272663860229
632232000       , 92563140394.6224, -774770601448.053, 1142417984.15148, 12839.1606325563, 1939.52139332302, -295.272663889962
632235600       , 92609361373.1511, -774763619171.348, 1141355002.56142, 12839.1607723206, 1939.5212207993 , -295.272663919792
632239200       , 92655582352.1831, -774756636895.264, 1140292020.97125, 12839.1609120879, 1939.5210482669 , -295.272663949719
632242800       , 92701803331.7182, -774749654619.8 , 1139229039.38098, 12839.161051858 , 1939.5208757258 , -295.272663979743
632246400       , 92748024311.7565, -774742672344.958, 1138166057.7906 , 12839.161191631 , 1939.52070317601, -295.272664009864
632250000       , 92794245292.2979, -774735690070.738, 1137103076.20011, 12839.1613314069, 1939.52053061752, -295.272664040081
632253600       , 92840466273.3426, -774728707797.138, 1136040094.60951, 12839.1614711857, 1939.52035805035, -295.272664070396
632257200       , 92886687254.8905, -774721725524.16, 1134977113.0188 , 12839.1616109674, 1939.52018547448, -295.272664100807
632260800       , 92932908236.9416, -774714743251.802, 1133914131.42798, 12839.161750752 , 1939.52001288992, -295.272664131316
632264400       , 92979129219.4959, -774707760980.067, 1132851149.83706, 12839.1618905394, 1939.51984029666, -295.272664161922
632268000       , 93025350202.5534, -774700778708.952, 1131788168.24602, 12839.1620303298, 1939.51966769471, -295.272664192625
632271600       , 93071571186.1143, -774693796438.459, 1130725186.65487, 12839.162170123 , 1939.51949508407, -295.272664223424
632275200       , 93117792170.1783, -774686814168.588, 1129662205.06361, 12839.1623099192, 1939.51932246472, -295.272664254321
632278800       , 93164013154.7457, -774679831899.338, 1128599223.47224, 12839.1624497182, 1939.51914983669, -295.272664285315
632282400       , 93210234139.8163, -774672849630.709, 1127536241.88076, 12839.1625895201, 1939.51897719995, -295.272664316407
632286000       , 93256455125.3902, -774665867362.702, 1126473260.28916, 12839.1627293249, 1939.51880455452, -295.272664347595
632289600       , 93302676111.4675, -774658885095.316, 1125410278.69745, 12839.1628691326, 1939.5186319004 , -295.272664378881
632293200       , 93348897098.048 , -774651902828.552, 1124347297.10563, 12839.1630089432, 1939.51845923757, -295.272664410263
632296800       , 93395118085.1319, -774644920562.41, 1123284315.5137 , 12839.1631487567, 1939.51828656605, -295.272664441744
632300400       , 93441339072.719 , -774637938296.889, 1122221333.92165, 12839.163288573 , 1939.51811388583, -295.272664473321
632304000       , 93487560060.8096, -774630956031.99, 1121158352.32949, 12839.1634283923, 1939.51794119691, -295.272664504995
632307600       , 93533781049.4035, -774623973767.712, 1120095370.73722, 12839.1635682144, 1939.51776849929, -295.272664536767
632311200       , 93580002038.5007, -774616991504.056, 1119032389.14483, 12839.1637080395, 1939.51759579297, -295.272664568637
632314800       , 93626223028.1013, -774610009241.022, 1117969407.55232, 12839.1638478674, 1939.51742307795, -295.272664600603
632318400       , 93672444018.2054, -774603026978.61, 1116906425.9597 , 12839.1639876983, 1939.51725035423, -295.272664632667
632322000       , 93718665008.8128, -774596044716.82, 1115843444.36697, 12839.164127532 , 1939.51707762181, -295.272664664829
632325600       , 93764885999.9236, -774589062455.651, 1114780462.77411, 12839.1642673686, 1939.51690488069, -295.272664697088
632329200       , 93811106991.5378, -774582080195.105, 1113717481.18115, 12839.1644072081, 1939.51673213086, -295.272664729444
632332800       , 93857327983.6555, -774575097935.18, 1112654499.58806, 12839.1645470505, 1939.51655937233, -295.272664761897
632336400       , 93903548976.2766, -774568115675.877, 1111591517.99486, 12839.1646868958, 1939.5163866051 , -295.272664794449
632340000       , 93949769969.4012, -774561133417.197, 1110528536.40154, 12839.1648267439, 1939.51621382917, -295.272664827097
632343600       , 93995990963.0292, -774554151159.138, 1109465554.80811, 12839.164966595 , 1939.51604104453, -295.272664859844
632347200       , 94042211957.1607, -774547168901.701, 1108402573.21455, 12839.165106449 , 1939.51586825119, -295.272664892687
632350800       , 94088432951.7956, -774540186644.886, 1107339591.62088, 12839.1652463058, 1939.51569544914, -295.272664925629
632354400       , 94134653946.9341, -774533204388.694, 1106276610.02709, 12839.1653861656, 1939.51552263839, -295.272664958668
632358000       , 94180874942.576 , -774526222133.123, 1105213628.43318, 12839.1655260282, 1939.51534981893, -295.272664991804
632361600       , 94227095938.7215, -774519239878.175, 1104150646.83915, 12839.1656658938, 1939.51517699077, -295.272665025039
632365200       , 94273316935.3705, -774512257623.849, 1103087665.245  , 12839.1658057622, 1939.5150041539 , -295.272665058371
632368800       , 94319537932.523 , -774505275370.145, 1102024683.65073, 12839.1659456336, 1939.51483130832, -295.2726650918 
632372400       , 94365758930.179 , -774498293117.064, 1100961702.05633, 12839.1660855078, 1939.51465845404, -295.272665125327
632376000       , 94411979928.3386, -774491310864.604, 1099898720.46182, 12839.1662253849, 1939.51448559104, -295.272665158953
632379600       , 94458200927.0018, -774484328612.768, 1098835738.86719, 12839.1663652649, 1939.51431271934, -295.272665192675
632383200       , 94504421926.1685, -774477346361.553, 1097772757.27244, 12839.1665051478, 1939.51413983893, -295.272665226496
632386800       , 94550642925.8389, -774470364110.961, 1096709775.67756, 12839.1666450336, 1939.51396694982, -295.272665260414
632390400       , 94596863926.0128, -774463381860.991, 1095646794.08256, 12839.1667849223, 1939.51379405199, -295.27266529443
632394000       , 94643084926.6903, -774456399611.644, 1094583812.48744, 12839.1669248139, 1939.51362114545, -295.272665328544
632397600       , 94689305927.8714, -774449417362.919, 1093520830.89219, 12839.1670647084, 1939.5134482302 , -295.272665362756
632401200       , 94735526929.5562, -774442435114.816, 1092457849.29683, 12839.1672046058, 1939.51327530624, -295.272665397066
632404800       , 94781747931.7446, -774435452867.336, 1091394867.70134, 12839.167344506 , 1939.51310237357, -295.272665431474
632408400       , 94827968934.4367, -774428470620.479, 1090331886.10572, 12839.1674844092, 1939.51292943219, -295.272665465979
632412000       , 94874189937.6324, -774421488374.245, 1089268904.50998, 12839.1676243153, 1939.51275648209, -295.272665500583
632415600       , 94920410941.3317, -774414506128.632, 1088205922.91412, 12839.1677642242, 1939.51258352329, -295.272665535284
632419200       , 94966631945.5348, -774407523883.643, 1087142941.31813, 12839.1679041361, 1939.51241055576, -295.272665570084
632422800       , 95012852950.2415, -774400541639.276, 1086079959.72201, 12839.1680440508, 1939.51223757953, -295.272665604982
632426400       , 95059073955.452 , -774393559395.532, 1085016978.12577, 12839.1681839685, 1939.51206459458, -295.272665639977
632430000       , 95105294961.1661, -774386577152.411, 1083953996.5294 , 12839.168323889 , 1939.51189160092, -295.272665675071
632433600       , 95151515967.384 , -774379594909.913, 1082891014.93291, 12839.1684638125, 1939.51171859854, -295.272665710263
632437200       , 95197736974.1056, -774372612668.037, 1081828033.33629, 12839.1686037388, 1939.51154558745, -295.272665745552
632440800       , 95243957981.3309, -774365630426.785, 1080765051.73954, 12839.168743668 , 1939.51137256764, -295.27266578094
632444400       , 95290178989.06  , -774358648186.155, 1079702070.14267, 12839.1688836002, 1939.51119953911, -295.272665816426
632448000       , 95336399997.2928, -774351665946.148, 1078639088.54566, 12839.1690235352, 1939.51102650187, -295.272665852011
632451600       , 95382621006.0294, -774344683706.764, 1077576106.94853, 12839.1691634731, 1939.51085345591, -295.272665887693
632455200       , 95428842015.2698, -774337701468.003, 1076513125.35127, 12839.169303414 , 1939.51068040123, -295.272665923474
632458800       , 95475063025.014 , -774330719229.865, 1075450143.75388, 12839.1694433577, 1939.51050733784, -295.272665959353
632462400       , 95521284035.262 , -774323736992.35, 1074387162.15636, 12839.1695833043, 1939.51033426572, -295.27266599533
632466000       , 95567505046.0138, -774316754755.459, 1073324180.55872, 12839.1697232538, 1939.51016118489, -295.272666031405
632469600       , 95613726057.2694, -774309772519.19, 1072261198.96094, 12839.1698632062, 1939.50998809534, -295.272666067579
632473200       , 95659947069.0289, -774302790283.544, 1071198217.36303, 12839.1700031615, 1939.50981499706, -295.272666103851
632476800       , 95706168081.2922, -774295808048.522, 1070135235.76499, 12839.1701431198, 1939.50964189007, -295.272666140222
632480400       , 95752389094.0594, -774288825814.123, 1069072254.16682, 12839.1702830809, 1939.50946877436, -295.272666176691
632484000       , 95798610107.3304, -774281843580.347, 1068009272.56852, 12839.1704230449, 1939.50929564992, -295.272666213258
632487600       , 95844831121.1053, -774274861347.194, 1066946290.97008, 12839.1705630118, 1939.50912251677, -295.272666249923
632491200       , 95891052135.3841, -774267879114.665, 1065883309.37152, 12839.1707029816, 1939.50894937489, -295.272666286687
632494800       , 95937273150.1668, -774260896882.759, 1064820327.77282, 12839.1708429543, 1939.50877622428, -295.27266632355
632498400       , 95983494165.4534, -774253914651.476, 1063757346.17399, 12839.1709829299, 1939.50860306496, -295.272666360511
632502000       , 96029715181.2439, -774246932420.817, 1062694364.57502, 12839.1711229084, 1939.50842989691, -295.27266639757
632505600       , 96075936197.5383, -774239950190.781, 1061631382.97593, 12839.1712628898, 1939.50825672014, -295.272666434728
632509200       , 96122157214.3367, -774232967961.368, 1060568401.37669, 12839.1714028741, 1939.50808353465, -295.272666471985
632512800       , 96168378231.639 , -774225985732.579, 1059505419.77733, 12839.1715428613, 1939.50791034042, -295.27266650934
632516400       , 96214599249.4453, -774219003504.414, 1058442438.17783, 12839.1716828514, 1939.50773713748, -295.272666546794
632520000       , 96260820267.7555, -774212021276.872, 1057379456.57819, 12839.1718228444, 1939.50756392581, -295.272666584346
632523600       , 96307041286.5698, -774205039049.954, 1056316474.97842, 12839.1719628403, 1939.50739070541, -295.272666621997
632527200       , 96353262305.888 , -774198056823.659, 1055253493.37851, 12839.1721028391, 1939.50721747628, -295.272666659747
632530800       , 96399483325.7102, -774191074597.988, 1054190511.77847, 12839.1722428408, 1939.50704423843, -295.272666697595
632534400       , 96445704346.0364, -774184092372.94, 1053127530.17829, 12839.1723828454, 1939.50687099185, -295.272666735542
632538000       , 96491925366.8667, -774177110148.517, 1052064548.57797, 12839.1725228529, 1939.50669773654, -295.272666773588
632541600       , 96538146388.201 , -774170127924.717, 1051001566.97752, 12839.1726628633, 1939.50652447251, -295.272666811732
632545200       , 96584367410.0393, -774163145701.541, 1049938585.37693, 12839.1728028766, 1939.50635119974, -295.272666849975
632548800       , 96630588432.3817, -774156163478.988, 1048875603.7762 , 12839.1729428928, 1939.50617791825, -295.272666888317
632552400       , 96676809455.2281, -774149181257.06, 1047812622.17533, 12839.1730829119, 1939.50600462803, -295.272666926758
632556000       , 96723030478.5787, -774142199035.755, 1046749640.57433, 12839.173222934 , 1939.50583132907, -295.272666965298
632559600       , 96769251502.4333, -774135216815.074, 1045686658.97318, 12839.1733629589, 1939.50565802139, -295.272667003936
632563200       , 96815472526.792 , -774128234595.017, 1044623677.3719 , 12839.1735029867, 1939.50548470497, -295.272667042674
632566800       , 96861693551.6548, -774121252375.584, 1043560695.77047, 12839.1736430174, 1939.50531137982, -295.27266708151
632570400       , 96907914577.0217, -774114270156.775, 1042497714.16891, 12839.173783051 , 1939.50513804595, -295.272667120445
632574000       , 96954135602.8928, -774107287938.59, 1041434732.56721, 12839.1739230875, 1939.50496470333, -295.272667159479
632577600       , 97000356629.2679, -774100305721.029, 1040371750.96536, 12839.1740631269, 1939.50479135199, -295.272667198612
632581200       , 97046577656.1473, -774093323504.093, 1039308769.36338, 12839.1742031693, 1939.50461799191, -295.272667237844
632584800       , 97092798683.5308, -774086341287.78, 1038245787.76125, 12839.1743432145, 1939.5044446231 , -295.272667277175
632588400       , 97139019711.4184, -774079359072.091, 1037182806.15898, 12839.1744832626, 1939.50427124555, -295.272667316605
632592000       , 97185240739.8103, -774072376857.027, 1036119824.55657, 12839.1746233137, 1939.50409785927, -295.272667356134
632595600       , 97231461768.7063, -774065394642.587, 1035056842.95402, 12839.1747633676, 1939.50392446426, -295.272667395762
632599200       , 97277682798.1065, -774058412428.771, 1033993861.35132, 12839.1749034244, 1939.5037510605 , -295.27266743549
632602800       , 97323903828.0109, -774051430215.579, 1032930879.74848, 12839.1750434842, 1939.50357764802, -295.272667475316
632606400       , 97370124858.4196, -774044448003.012, 1031867898.1455 , 12839.1751835468, 1939.50340422679, -295.272667515242
632610000       , 97416345889.3325, -774037465791.069, 1030804916.54237, 12839.1753236124, 1939.50323079683, -295.272667555266
632613600       , 97462566920.7496, -774030483579.75, 1029741934.9391 , 12839.1754636808, 1939.50305735813, -295.27266759539
632617200       , 97508787952.671 , -774023501369.056, 1028678953.33568, 12839.1756037522, 1939.50288391069, -295.272667635613
632620800       , 97555008985.0966, -774016519158.986, 1027615971.73212, 12839.1757438264, 1939.50271045452, -295.272667675936
632624400       , 97601230018.0266, -774009536949.541, 1026552990.12842, 12839.1758839036, 1939.50253698961, -295.272667716357
632628000       , 97647451051.4607, -774002554740.72, 1025490008.52457, 12839.1760239836, 1939.50236351595, -295.272667756878
632631600       , 97693672085.3992, -773995572532.523, 1024427026.92057, 12839.1761640666, 1939.50219003356, -295.272667797498
632635200       , 97739893119.842 , -773988590324.951, 1023364045.31642, 12839.1763041525, 1939.50201654243, -295.272667838217
632638800       , 97786114154.7891, -773981608118.004, 1022301063.71213, 12839.1764442413, 1939.50184304255, -295.272667879036
632642400       , 97832335190.2406, -773974625911.681, 1021238082.10769, 12839.176584333 , 1939.50166953394, -295.272667919954
632646000       , 97878556226.1963, -773967643705.983, 1020175100.50311, 12839.1767244276, 1939.50149601658, -295.272667960971
632649600       , 97924777262.6564, -773960661500.91, 1019112118.89838, 12839.176864525 , 1939.50132249049, -295.272668002088
632653200       , 97970998299.6209, -773953679296.461, 1018049137.29349, 12839.1770046254, 1939.50114895565, -295.272668043305
632656800       , 98017219337.0898, -773946697092.638, 1016986155.68846, 12839.1771447288, 1939.50097541206, -295.27266808462
632660400       , 98063440375.063 , -773939714889.438, 1015923174.08328, 12839.177284835 , 1939.50080185974, -295.272668126035
632664000       , 98109661413.5406, -773932732686.864, 1014860192.47796, 12839.1774249441, 1939.50062829867, -295.27266816755
632667600       , 98155882452.5226, -773925750484.915, 1013797210.87248, 12839.1775650561, 1939.50045472885, -295.272668209164
632671200       , 98202103492.009 , -773918768283.59, 1012734229.26685, 12839.177705171 , 1939.50028115029, -295.272668250878
632674800       , 98248324531.9998, -773911786082.89, 1011671247.66107, 12839.1778452889, 1939.50010756299, -295.272668292691
632678400       , 98294545572.4951, -773904803882.816, 1010608266.05514, 12839.1779854096, 1939.49993396694, -295.272668334604
632682000       , 98340766613.4948, -773897821683.366, 1009545284.44906, 12839.1781255333, 1939.49976036214, -295.272668376616
632685600       , 98386987654.9989, -773890839484.541, 1008482302.84283, 12839.1782656598, 1939.4995867486 , -295.272668418728
632689200       , 98433208697.0075, -773883857286.341, 1007419321.23645, 12839.1784057893, 1939.49941312631, -295.27266846094
632692800       , 98479429739.5206, -773876875088.766, 1006356339.62991, 12839.1785459216, 1939.49923949527, -295.272668503251
632696400       , 98525650782.5382, -773869892891.817, 1005293358.02322, 12839.1786860569, 1939.49906585549, -295.272668545662
632700000       , 98571871826.0602, -773862910695.492, 1004230376.41638, 12839.1788261951, 1939.49889220696, -295.272668588173
632703600       , 98618092870.0868, -773855928499.793, 1003167394.80939, 12839.1789663362, 1939.49871854967, -295.272668630783
632707200       , 98664313914.6178, -773848946304.719, 1002104413.20224, 12839.1791064802, 1939.49854488364, -295.272668673493
632710800       , 98710534959.6534, -773841964110.27, 1001041431.59494, 12839.1792466271, 1939.49837120886, -295.272668716303
632714400       , 98756756005.1936, -773834981916.446, 999978449.987484, 12839.1793867769, 1939.49819752533, -295.272668759213
632718000       , 98802977051.2382, -773827999723.248, 998915468.379873, 12839.1795269296, 1939.49802383305, -295.272668802222
632721600       , 98849198097.7875, -773821017530.675, 997852486.772107, 12839.1796670852, 1939.49785013202, -295.272668845331
632725200       , 98895419144.8412, -773814035338.727, 996789505.164186, 12839.1798072438, 1939.49767642224, -295.272668888541
632728800       , 98941640192.3996, -773807053147.404, 995726523.55611 , 12839.1799474052, 1939.4975027037 , -295.27266893185
632732400       , 98987861240.4626, -773800070956.707, 994663541.947877, 12839.1800875696, 1939.49732897641, -295.272668975258
632736000       , 99034082289.0301, -773793088766.636, 993600560.339488, 12839.1802277368, 1939.49715524037, -295.272669018767
632739600       , 99080303338.1023, -773786106577.19, 992537578.730942, 12839.180367907 , 1939.49698149558, -295.272669062376
632743200       , 99126524387.6791, -773779124388.369, 991474597.122239, 12839.1805080801, 1939.49680774203, -295.272669106085
632746800       , 99172745437.7605, -773772142200.174, 990411615.513378, 12839.1806482561, 1939.49663397973, -295.272669149893
632750400       , 99218966488.3465, -773765160012.604, 989348633.904359, 12839.180788435 , 1939.49646020867, -295.272669193802
632754000       , 99265187539.4372, -773758177825.66, 988285652.295182, 12839.1809286168, 1939.49628642886, -295.272669237811
632757600       , 99311408591.0326, -773751195639.342, 987222670.685847, 12839.1810688015, 1939.49611264029, -295.27266928192
632761200       , 99357629643.1326, -773744213453.649, 986159689.076352, 12839.1812089891, 1939.49593884297, -295.272669326129
632764800       , 99403850695.7373, -773737231268.582, 985096707.466699, 12839.1813491796, 1939.49576503689, -295.272669370437
632768400       , 99450071748.8467, -773730249084.141, 984033725.856885, 12839.1814893731, 1939.49559122205, -295.272669414847
632772000       , 99496292802.4608, -773723266900.326, 982970744.246912, 12839.1816295694, 1939.49541739846, -295.272669459356
632775600       , 99542513856.5796, -773716284717.136, 981907762.636778, 12839.1817697687, 1939.49524356611, -295.272669503965
632779200       , 99588734911.2031, -773709302534.572, 980844781.026483, 12839.1819099709, 1939.495069725  , -295.272669548675
632782800       , 99634955966.3314, -773702320352.634, 979781799.416027, 12839.182050176 , 1939.49489587513, -295.272669593484
632786400       , 99681177021.9644, -773695338171.322, 978718817.80541 , 12839.182190384 , 1939.4947220165 , -295.272669638394
632790000       , 99727398078.1021, -773688355990.635, 977655836.19463 , 12839.1823305949, 1939.49454814911, -295.272669683404
632793600       , 99773619134.7447, -773681373810.575, 976592854.583689, 12839.1824708087, 1939.49437427297, -295.272669728515
632797200       , 99819840191.892 , -773674391631.141, 975529872.972585, 12839.1826110254, 1939.49420038806, -295.272669773726
632800800       , 99866061249.5441, -773667409452.332, 974466891.361318, 12839.182751245 , 1939.49402649439, -295.272669819037
632804400       , 99912282307.7009, -773660427274.15, 973403909.749888, 12839.1828914676, 1939.49385259196, -295.272669864448
632808000       , 99958503366.3626, -773653445096.594, 972340928.138294, 12839.183031693 , 1939.49367868076, -295.27266990996
632811600       , 100004724425.529, -773646462919.663, 971277946.526536, 12839.1831719214, 1939.49350476081, -295.272669955572
632815200       , 100050945485.2  , -773639480743.359, 970214964.914614, 12839.1833121527, 1939.49333083209, -295.272670001284
632818800       , 100097166545.377, -773632498567.681, 969151983.302527, 12839.1834523869, 1939.49315689461, -295.272670047097
632822400       , 100143387606.058, -773625516392.63, 968089001.690274, 12839.183592624 , 1939.49298294836, -295.27267009301
632826000       , 100189608667.244, -773618534218.204, 967026020.077857, 12839.183732864 , 1939.49280899336, -295.272670139024
632829600       , 100235829728.934, -773611552044.405, 965963038.465273, 12839.183873107 , 1939.49263502958, -295.272670185138
632833200       , 100282050791.13 , -773604569871.232, 964900056.852524, 12839.1840133528, 1939.49246105704, -295.272670231353
632836800       , 100328271853.83 , -773597587698.685, 963837075.239607, 12839.1841536016, 1939.49228707574, -295.272670277668
632840400       , 100374492917.036, -773590605526.765, 962774093.626524, 12839.1842938532, 1939.49211308567, -295.272670324084
632844000       , 100420713980.746, -773583623355.471, 961711112.013274, 12839.1844341078, 1939.49193908683, -295.2726703706 
632847600       , 100466935044.961, -773576641184.804, 960648130.399856, 12839.1845743653, 1939.49176507923, -295.272670417217
632851200       , 100513156109.682, -773569659014.763, 959585148.78627 , 12839.1847146257, 1939.49159106285, -295.272670463935
632854800       , 100559377174.907, -773562676845.348, 958522167.172516, 12839.184854889 , 1939.49141703772, -295.272670510753
632858400       , 100605598240.637, -773555694676.56, 957459185.558592, 12839.1849951553, 1939.49124300381, -295.272670557672
632862000       , 100651819306.872, -773548712508.398, 956396203.9445  , 12839.1851354244, 1939.49106896113, -295.272670604691
632865600       , 100698040373.612, -773541730340.864, 955333222.330238, 12839.1852756965, 1939.49089490969, -295.272670651811
632869200       , 100744261440.857, -773534748173.955, 954270240.715807, 12839.1854159715, 1939.49072084947, -295.272670699032
632872800       , 100790482508.607, -773527766007.673, 953207259.101205, 12839.1855562493, 1939.49054678048, -295.272670746354
632876400       , 100836703576.862, -773520783842.018, 952144277.486433, 12839.1856965301, 1939.49037270273, -295.272670793776
632880000       , 100882924645.622, -773513801676.99, 951081295.87149 , 12839.1858368139, 1939.4901986162 , -295.272670841299
632883600       , 100929145714.887, -773506819512.589, 950018314.256376, 12839.1859771005, 1939.4900245209 , -295.272670888923
632887200       , 100975366784.657, -773499837348.814, 948955332.64109 , 12839.18611739  , 1939.48985041683, -295.272670936648
632890800       , 101021587854.932, -773492855185.666, 947892351.025632, 12839.1862576825, 1939.48967630399, -295.272670984473
632894400       , 101067808925.712, -773485873023.144, 946829369.410001, 12839.1863979779, 1939.48950218237, -295.2726710324 
632898000       , 101114029996.998, -773478890861.25, 945766387.794198, 12839.1865382762, 1939.48932805198, -295.272671080427
632901600       , 101160251068.788, -773471908699.982, 944703406.178222, 12839.1866785774, 1939.48915391282, -295.272671128555
632905200       , 101206472141.083, -773464926539.342, 943640424.562073, 12839.1868188815, 1939.48897976488, -295.272671176785
632908800       , 101252693213.884, -773457944379.328, 942577442.945749, 12839.1869591885, 1939.48880560817, -295.272671225115
632912400       , 101298914287.189, -773450962219.941, 941514461.329252, 12839.1870994985, 1939.48863144268, -295.272671273546
632916000       , 101345135361    , -773443980061.182, 940451479.71258 , 12839.1872398113, 1939.48845726842, -295.272671322078
632919600       , 101391356435.316, -773436997903.049, 939388498.095733, 12839.1873801271, 1939.48828308538, -295.272671370711
632923200       , 101437577510.137, -773430015745.543, 938325516.47871 , 12839.1875204458, 1939.48810889357, -295.272671419445
632926800       , 101483798585.463, -773423033588.665, 937262534.861513, 12839.1876607674, 1939.48793469297, -295.27267146828
632930400       , 101530019661.295, -773416051432.414, 936199553.244139, 12839.187801092 , 1939.4877604836 , -295.272671517217
632934000       , 101576240737.631, -773409069276.789, 935136571.626588, 12839.1879414194, 1939.48758626545, -295.272671566254
632937600       , 101622461814.473, -773402087121.792, 934073590.008862, 12839.1880817498, 1939.48741203853, -295.272671615392
632941200       , 101668682891.82 , -773395104967.423, 933010608.390957, 12839.1882220831, 1939.48723780282, -295.272671664632
632944800       , 101714903969.672, -773388122813.68, 931947626.772876, 12839.1883624193, 1939.48706355834, -295.272671713973
632948400       , 101761125048.029, -773381140660.565, 930884645.154617, 12839.1885027584, 1939.48688930507, -295.272671763415
632952000       , 101807346126.892, -773374158508.077, 929821663.536179, 12839.1886431004, 1939.48671504303, -295.272671812958
632955600       , 101853567206.26 , -773367176356.217, 928758681.917563, 12839.1887834453, 1939.4865407722 , -295.272671862602
632959200       , 101899788286.133, -773360194204.984, 927695700.298768, 12839.1889237932, 1939.4863664926 , -295.272671912348
632962800       , 101946009366.511, -773353212054.378, 926632718.679794, 12839.189064144 , 1939.48619220421, -295.272671962195
632966400       , 101992230447.394, -773346229904.4 , 925569737.060641, 12839.1892044977, 1939.48601790704, -295.272672012143
632970000       , 102038451528.783, -773339247755.049, 924506755.441307, 12839.1893448543, 1939.48584360109, -295.272672062193
632973600       , 102084672610.677, -773332265606.326, 923443773.821793, 12839.1894852138, 1939.48566928635, -295.272672112343
632977200       , 102130893693.077, -773325283458.23, 922380792.202098, 12839.1896255763, 1939.48549496283, -295.272672162596
632980800       , 102177114775.982, -773318301310.762, 921317810.582222, 12839.1897659417, 1939.48532063053, -295.272672212949
632984400       , 102223335859.392, -773311319163.922, 920254828.962165, 12839.18990631  , 1939.48514628944, -295.272672263404
632988000       , 102269556943.307, -773304337017.709, 919191847.341925, 12839.1900466812, 1939.48497193957, -295.272672313961
632991600       , 102315778027.728, -773297354872.124, 918128865.721504, 12839.1901870553, 1939.48479758091, -295.272672364618
632995200       , 102361999112.654, -773290372727.167, 917065884.1009  , 12839.1903274323, 1939.48462321347, -295.272672415378
632998800       , 102408220198.085, -773283390582.837, 916002902.480113, 12839.1904678123, 1939.48444883724, -295.272672466238
633002400       , 102454441284.022, -773276408439.135, 914939920.859143, 12839.1906081952, 1939.48427445222, -295.272672517201
633006000       , 102500662370.464, -773269426296.061, 913876939.237989, 12839.190748581 , 1939.48410005842, -295.272672568265
633009600       , 102546883457.412, -773262444153.615, 912813957.616651, 12839.1908889697, 1939.48392565583, -295.27267261943
633013200       , 102593104544.865, -773255462011.796, 911750975.995129, 12839.1910293613, 1939.48375124445, -295.272672670697
633016800       , 102639325632.823, -773248479870.606, 910687994.373422, 12839.1911697559, 1939.48357682428, -295.272672722065
633020400       , 102685546721.287, -773241497730.043, 909625012.75153 , 12839.1913101534, 1939.48340239533, -295.272672773535
633024000       , 102731767810.256, -773234515590.108, 908562031.129452, 12839.1914505538, 1939.48322795758, -295.272672825107
633027600       , 102777988899.731, -773227533450.802, 907499049.507189, 12839.1915909571, 1939.48305351105, -295.272672876781
633031200       , 102824209989.711, -773220551312.123, 906436067.88474 , 12839.1917313633, 1939.48287905572, -295.272672928556
633034800       , 102870431080.197, -773213569174.073, 905373086.262103, 12839.1918717725, 1939.4827045916 , -295.272672980432
633038400       , 102916652171.188, -773206587036.65, 904310104.63928 , 12839.1920121846, 1939.4825301187 , -295.272673032411
633042000       , 102962873262.685, -773199604899.856, 903247123.01627 , 12839.1921525996, 1939.482355637  , -295.272673084491
633045600       , 103009094354.687, -773192622763.69, 902184141.393072, 12839.1922930175, 1939.4821811465 , -295.272673136673
633049200       , 103055315447.194, -773185640628.151, 901121159.769686, 12839.1924334383, 1939.48200664722, -295.272673188957
633052800       , 103101536540.207, -773178658493.242, 900058178.146111, 12839.1925738621, 1939.48183213914, -295.272673241342
633056400       , 103147757633.726, -773171676358.96, 898995196.522348, 12839.1927142888, 1939.48165762227, -295.27267329383
633060000       , 103193978727.75 , -773164694225.307, 897932214.898396, 12839.1928547184, 1939.4814830966 , -295.272673346419
633063600       , 103240199822.28 , -773157712092.282, 896869233.274254, 12839.1929951509, 1939.48130856215, -295.27267339911
633067200       , 103286420917.315, -773150729959.885, 895806251.649922, 12839.1931355864, 1939.48113401889, -295.272673451903
633070800       , 103332642012.856, -773143747828.117, 894743270.0254  , 12839.1932760247, 1939.48095946684, -295.272673504798
633074400       , 103378863108.903, -773136765696.977, 893680288.400687, 12839.193416466 , 1939.48078490599, -295.272673557795
633078000       , 103425084205.455, -773129783566.465, 892617306.775784, 12839.1935569102, 1939.48061033635, -295.272673610893
633081600       , 103471305302.513, -773122801436.583, 891554325.150689, 12839.1936973574, 1939.48043575791, -295.272673664094
633085200       , 103517526400.076, -773115819307.328, 890491343.525402, 12839.1938378074, 1939.48026117068, -295.272673717397
633088800       , 103563747498.145, -773108837178.702, 889428361.899923, 12839.1939782604, 1939.48008657464, -295.272673770802
633092400       , 103609968596.719, -773101855050.705, 888365380.274252, 12839.1941187163, 1939.47991196981, -295.272673824308
633096000       , 103656189695.8  , -773094872923.336, 887302398.648388, 12839.1942591751, 1939.47973735618, -295.272673877917
633099600       , 103702410795.385, -773087890796.596, 886239417.022331, 12839.1943996369, 1939.47956273375, -295.272673931628
633103200       , 103748631895.477, -773080908670.484, 885176435.39608 , 12839.1945401015, 1939.47938810252, -295.272673985441
633106800       , 103794852996.074, -773073926545.001, 884113453.769636, 12839.1946805691, 1939.47921346249, -295.272674039356
633110400       , 103841074097.177, -773066944420.147, 883050472.142997, 12839.1948210397, 1939.47903881366, -295.272674093374
633114000       , 103887295198.786, -773059962295.922, 881987490.516163, 12839.1949615131, 1939.47886415603, -295.272674147493
633117600       , 103933516300.9  , -773052980172.325, 880924508.889135, 12839.1951019895, 1939.4786894896 , -295.272674201715
633121200       , 103979737403.52 , -773045998049.358, 879861527.261911, 12839.1952424687, 1939.47851481436, -295.272674256038
633124800       , 104025958506.646, -773039015927.019, 878798545.634491, 12839.195382951 , 1939.47834013032, -295.272674310464
633128400       , 104072179610.277, -773032033805.309, 877735564.006875, 12839.1955234361, 1939.47816543748, -295.272674364993
633132000       , 104118400714.414, -773025051684.228, 876672582.379063, 12839.1956639241, 1939.47799073584, -295.272674419623
633135600       , 104164621819.057, -773018069563.776, 875609600.751054, 12839.1958044151, 1939.4778160254 , -295.272674474356
633139200       , 104210842924.206, -773011087443.952, 874546619.122847, 12839.195944909 , 1939.47764130614, -295.272674529191
633142800       , 104257064029.861, -773004105324.758, 873483637.494443, 12839.1960854059, 1939.47746657809, -295.272674584129
633146400       , 104303285136.021, -772997123206.193, 872420655.865842, 12839.1962259056, 1939.47729184123, -295.272674639169
633150000       , 104349506242.687, -772990141088.257, 871357674.237041, 12839.1963664083, 1939.47711709556, -295.272674694311
633153600       , 104395727349.859, -772983158970.95, 870294692.608042, 12839.1965069139, 1939.47694234109, -295.272674749555
633157200       , 104441948457.537, -772976176854.272, 869231710.978844, 12839.1966474224, 1939.47676757781, -295.272674804902
633160800       , 104488169565.721, -772969194738.223, 868168729.349447, 12839.1967879339, 1939.47659280572, -295.272674860352
633164400       , 104534390674.41 , -772962212622.804, 867105747.71985 , 12839.1969284483, 1939.47641802483, -295.272674915904
633168000       , 104580611783.606, -772955230508.013, 866042766.090052, 12839.1970689656, 1939.47624323513, -295.272674971558
633171600       , 104626832893.307, -772948248393.852, 864979784.460054, 12839.1972094858, 1939.47606843662, -295.272675027315
633175200       , 104673054003.514, -772941266280.321, 863916802.829856, 12839.197350009 , 1939.4758936293 , -295.272675083174
633178800       , 104719275114.227, -772934284167.418, 862853821.199455, 12839.197490535 , 1939.47571881318, -295.272675139136
633182400       , 104765496225.446, -772927302055.145, 861790839.568854, 12839.197631064 , 1939.47554398824, -295.272675195201
633186000       , 104811717337.171, -772920319943.502, 860727857.93805 , 12839.197771596 , 1939.47536915449, -295.272675251368
633189600       , 104857938449.401, -772913337832.487, 859664876.307044, 12839.1979121308, 1939.47519431193, -295.272675307638
633193200       , 104904159562.138, -772906355722.103, 858601894.675835, 12839.1980526686, 1939.47501946056, -295.27267536401
633196800       , 104950380675.38 , -772899373612.347, 857538913.044423, 12839.1981932093, 1939.47484460038, -295.272675420485
633200400       , 104996601789.129, -772892391503.221, 856475931.412807, 12839.198333753 , 1939.47466973139, -295.272675477063
633204000       , 105042822903.383, -772885409394.725, 855412949.780988, 12839.1984742995, 1939.47449485358, -295.272675533743
633207600       , 105089044018.144, -772878427286.858, 854349968.148964, 12839.198614849 , 1939.47431996696, -295.272675590526
633211200       , 105135265133.41 , -772871445179.621, 853286986.516736, 12839.1987554015, 1939.47414507153, -295.272675647412
633214800       , 105181486249.183, -772864463073.014, 852224004.884303, 12839.1988959568, 1939.47397016729, -295.2726757044 
633218400       , 105227707365.461, -772857480967.036, 851161023.251664, 12839.1990365151, 1939.47379525423, -295.272675761492
633222000       , 105273928482.246, -772850498861.688, 850098041.61882 , 12839.1991770763, 1939.47362033235, -295.272675818686
633225600       , 105320149599.536, -772843516756.97, 849035059.98577 , 12839.1993176404, 1939.47344540166, -295.272675875983
633229200       , 105366370717.333, -772836534652.881, 847972078.352513, 12839.1994582075, 1939.47327046215, -295.272675933382
633232800       , 105412591835.635, -772829552549.422, 846909096.719049, 12839.1995987774, 1939.47309551383, -295.272675990885
633236400       , 105458812954.444, -772822570446.594, 845846115.085378, 12839.1997393504, 1939.47292055669, -295.272676048491
633240000       , 105505034073.759, -772815588344.394, 844783133.4515  , 12839.1998799262, 1939.47274559073, -295.272676106199
633243600       , 105551255193.579, -772808606242.825, 843720151.817413, 12839.200020505 , 1939.47257061596, -295.27267616401
633247200       , 105597476313.906, -772801624141.886, 842657170.183119, 12839.2001610867, 1939.47239563237, -295.272676221925
633250800       , 105643697434.739, -772794642041.577, 841594188.548615, 12839.2003016713, 1939.47222063996, -295.272676279942
633254400       , 105689918556.078, -772787659941.897, 840531206.913903, 12839.2004422588, 1939.47204563873, -295.272676338062
633258000       , 105736139677.924, -772780677842.848, 839468225.278981, 12839.2005828493, 1939.47187062868, -295.272676396285
633261600       , 105782360800.275, -772773695744.429, 838405243.64385 , 12839.2007234427, 1939.47169560981, -295.272676454612
633265200       , 105828581923.132, -772766713646.64, 837342262.008508, 12839.2008640391, 1939.47152058212, -295.272676513041
633268800       , 105874803046.496, -772759731549.481, 836279280.372956, 12839.2010046383, 1939.47134554561, -295.272676571573
633272400       , 105921024170.366, -772752749452.952, 835216298.737193, 12839.2011452405, 1939.47117050027, -295.272676630209
633276000       , 105967245294.742, -772745767357.053, 834153317.101218, 12839.2012858457, 1939.47099544612, -295.272676688947
633279600       , 106013466419.624, -772738785261.784, 833090335.465032, 12839.2014264537, 1939.47082038314, -295.272676747789
633283200       , 106059687545.012, -772731803167.146, 832027353.828634, 12839.2015670647, 1939.47064531134, -295.272676806734
633286800       , 106105908670.907, -772724821073.138, 830964372.192023, 12839.2017076786, 1939.47047023072, -295.272676865782
633290400       , 106152129797.307, -772717838979.76, 829901390.5552  , 12839.2018482955, 1939.47029514128, -295.272676924933
633294000       , 106198350924.214, -772710856887.013, 828838408.918164, 12839.2019889153, 1939.470120043  , -295.272676984188
633297600       , 106244572051.628, -772703874794.896, 827775427.280914, 12839.202129538 , 1939.46994493591, -295.272677043545
633301200       , 106290793179.547, -772696892703.41, 826712445.64345 , 12839.2022701636, 1939.46976981999, -295.272677103006
633304800       , 106337014307.973, -772689910612.554, 825649464.005772, 12839.2024107922, 1939.46959469524, -295.27267716257
633308400       , 106383235436.905, -772682928522.328, 824586482.367879, 12839.2025514237, 1939.46941956167, -295.272677222238
633312000       , 106429456566.343, -772675946432.733, 823523500.729772, 12839.2026920581, 1939.46924441927, -295.272677282009
633315600       , 106475677696.288, -772668964343.768, 822460519.091449, 12839.2028326955, 1939.46906926805, -295.272677341883
633319200       , 106521898826.738, -772661982255.434, 821397537.45291 , 12839.2029733358, 1939.468894108  , -295.27267740186
633322800       , 106568119957.696, -772655000167.73, 820334555.814155, 12839.203113979 , 1939.46871893912, -295.272677461941
633326400       , 106614341089.159, -772648018080.658, 819271574.175184, 12839.2032546252, 1939.46854376141, -295.272677522126
633330000       , 106660562221.129, -772641035994.215, 818208592.535996, 12839.2033952742, 1939.46836857487, -295.272677582413
633333600       , 106706783353.605, -772634053908.404, 817145610.89659 , 12839.2035359263, 1939.4681933795 , -295.272677642805
633337200       , 106753004486.588, -772627071823.223, 816082629.256967, 12839.2036765812, 1939.46801817531, -295.272677703299
633340800       , 106799225620.077, -772620089738.673, 815019647.617126, 12839.2038172391, 1939.46784296228, -295.272677763897
633344400       , 106845446754.072, -772613107654.754, 813956665.977067, 12839.2039578999, 1939.46766774042, -295.272677824599
633348000       , 106891667888.573, -772606125571.465, 812893684.336789, 12839.2040985637, 1939.46749250973, -295.272677885404
633351600       , 106937889023.581, -772599143488.808, 811830702.696292, 12839.2042392303, 1939.46731727021, -295.272677946313
633355200       , 106984110159.096, -772592161406.781, 810767721.055575, 12839.2043799   , 1939.46714202186, -295.272678007325
633358800       , 107030331295.117, -772585179325.385, 809704739.414639, 12839.2045205725, 1939.46696676467, -295.272678068441
633362400       , 107076552431.644, -772578197244.62, 808641757.773483, 12839.204661248 , 1939.46679149866, -295.272678129661
633366000       , 107122773568.678, -772571215164.486, 807578776.132105, 12839.2048019264, 1939.4666162238 , -295.272678190984
633369600       , 107168994706.218, -772564233084.983, 806515794.490507, 12839.2049426077, 1939.46644094012, -295.272678252411
633373200       , 107215215844.264, -772557251006.111, 805452812.848688, 12839.205083292 , 1939.4662656476 , -295.272678313941
633376800       , 107261436982.818, -772550268927.871, 804389831.206647, 12839.2052239792, 1939.46609034624, -295.272678375575
633380400       , 107307658121.877, -772543286850.261, 803326849.564384, 12839.2053646694, 1939.46591503605, -295.272678437313
633384000       , 107353879261.443, -772536304773.282, 802263867.921898, 12839.2055053624, 1939.46573971703, -295.272678499155
633387600       , 107400100401.516, -772529322696.935, 801200886.27919 , 12839.2056460585, 1939.46556438916, -295.2726785611 
633391200       , 107446321542.095, -772522340621.219, 800137904.636258, 12839.2057867574, 1939.46538905246, -295.272678623149
633394800       , 107492542683.18 , -772515358546.134, 799074922.993103, 12839.2059274593, 1939.46521370693, -295.272678685302
633398400       , 107538763824.773, -772508376471.68, 798011941.349724, 12839.2060681641, 1939.46503835255, -295.272678747559
633402000       , 107584984966.871, -772501394397.858, 796948959.70612 , 12839.2062088718, 1939.46486298934, -295.27267880992
633405600       , 107631206109.476, -772494412324.667, 795885978.062292, 12839.2063495825, 1939.46468761729, -295.272678872384
633409200       , 107677427252.588, -772487430252.107, 794822996.418239, 12839.2064902961, 1939.4645122364 , -295.272678934953
633412800       , 107723648396.207, -772480448180.179, 793760014.77396 , 12839.2066310127, 1939.46433684667, -295.272678997625
633416400       , 107769869540.331, -772473466108.882, 792697033.129456, 12839.2067717322, 1939.4641614481 , -295.272679060401
633420000       , 107816090684.963, -772466484038.216, 791634051.484725, 12839.2069124546, 1939.46398604069, -295.272679123281
633423600       , 107862311830.101, -772459501968.182, 790571069.839768, 12839.20705318  , 1939.46381062444, -295.272679186266
633427200       , 107908532975.746, -772452519898.78, 789508088.194584, 12839.2071939083, 1939.46363519934, -295.272679249354
633430800       , 107954754121.897, -772445537830.009, 788445106.549173, 12839.2073346395, 1939.46345976541, -295.272679312546
633434400       , 108000975268.555, -772438555761.869, 787382124.903534, 12839.2074753736, 1939.46328432263, -295.272679375842
633438000       , 108047196415.72 , -772431573694.362, 786319143.257667, 12839.2076161107, 1939.46310887101, -295.272679439242
633441600       , 108093417563.391, -772424591627.485, 785256161.611571, 12839.2077568508, 1939.46293341055, -295.272679502746
633445200       , 108139638711.569, -772417609561.241, 784193179.965247, 12839.2078975938, 1939.46275794124, -295.272679566355
633448800       , 108185859860.254, -772410627495.628, 783130198.318693, 12839.2080383397, 1939.46258246309, -295.272679630067
633452400       , 108232081009.445, -772403645430.647, 782067216.67191 , 12839.2081790885, 1939.46240697609, -295.272679693884
633456000       , 108278302159.143, -772396663366.298, 781004235.024897, 12839.2083198403, 1939.46223148025, -295.272679757805
633459600       , 108324523309.348, -772389681302.581, 779941253.377654, 12839.208460595 , 1939.46205597556, -295.27267982183
633463200       , 108370744460.06 , -772382699239.495, 778878271.73018 , 12839.2086013526, 1939.46188046203, -295.272679885959
633466800       , 108416965611.278, -772375717177.042, 777815290.082475, 12839.2087421132, 1939.46170493965, -295.272679950192
633470400       , 108463186763.003, -772368735115.22, 776752308.434538, 12839.2088828768, 1939.46152940842, -295.27268001453
633474000       , 108509407915.235, -772361753054.03, 775689326.78637 , 12839.2090236432, 1939.46135386835, -295.272680078972
633477600       , 108555629067.973, -772354770993.472, 774626345.13797 , 12839.2091644126, 1939.46117831943, -295.272680143518
633481200       , 108601850221.218, -772347788933.546, 773563363.489337, 12839.209305185 , 1939.46100276165, -295.272680208168
633484800       , 108648071374.97 , -772340806874.252, 772500381.840471, 12839.2094459602, 1939.46082719503, -295.272680272923
633488400       , 108694292529.229, -772333824815.59, 771437400.191371, 12839.2095867385, 1939.46065161956, -295.272680337782
633492000       , 108740513683.995, -772326842757.56, 770374418.542039, 12839.2097275196, 1939.46047603524, -295.272680402746
633495600       , 108786734839.267, -772319860700.163, 769311436.892472, 12839.2098683037, 1939.46030044208, -295.272680467814
633499200       , 108832955995.047, -772312878643.397, 768248455.24267 , 12839.2100090907, 1939.46012484005, -295.272680532986
633502800       , 108879177151.333, -772305896587.264, 767185473.592634, 12839.2101498807, 1939.45994922918, -295.272680598263
633506400       , 108925398308.126, -772298914531.763, 766122491.942363, 12839.2102906736, 1939.45977360946, -295.272680663644
633510000       , 108971619465.426, -772291932476.894, 765059510.291856, 12839.2104314694, 1939.45959798088, -295.272680729129
633513600       , 109017840623.233, -772284950422.657, 763996528.641113, 12839.2105722682, 1939.45942234345, -295.27268079472
633517200       , 109064061781.546, -772277968369.053, 762933546.990134, 12839.2107130699, 1939.45924669717, -295.272680860414
633520800       , 109110282940.367, -772270986316.081, 761870565.338918, 12839.2108538746, 1939.45907104204, -295.272680926213
633524400       , 109156504099.694, -772264004263.741, 760807583.687465, 12839.2109946822, 1939.45889537805, -295.272680992117
633528000       , 109202725259.528, -772257022212.034, 759744602.035774, 12839.2111354927, 1939.4587197052 , -295.272681058125
633531600       , 109248946419.87 , -772250040160.96, 758681620.383846, 12839.2112763062, 1939.4585440235 , -295.272681124238
633535200       , 109295167580.718, -772243058110.517, 757618638.73168 , 12839.2114171226, 1939.45836833295, -295.272681190456
633538800       , 109341388742.073, -772236076060.708, 756555657.079275, 12839.211557942 , 1939.45819263354, -295.272681256778
633542400       , 109387609903.935, -772229094011.53, 755492675.426631, 12839.2116987642, 1939.45801692527, -295.272681323205
633546000       , 109433831066.304, -772222111962.986, 754429693.773747, 12839.2118395895, 1939.45784120814, -295.272681389736
633549600       , 109480052229.18 , -772215129915.074, 753366712.120624, 12839.2119804177, 1939.45766548216, -295.272681456372
633553200       , 109526273392.563, -772208147867.794, 752303730.467261, 12839.2121212488, 1939.45748974732, -295.272681523113
633556800       , 109572494556.453, -772201165821.148, 751240748.813658, 12839.2122620828, 1939.45731400362, -295.272681589959
633560400       , 109618715720.85 , -772194183775.134, 750177767.159814, 12839.2124029198, 1939.45713825107, -295.272681656909
633564000       , 109664936885.754, -772187201729.752, 749114785.505728, 12839.2125437597, 1939.45696248965, -295.272681723964
633567600       , 109711158051.165, -772180219685.004, 748051803.851401, 12839.2126846026, 1939.45678671937, -295.272681791124
633571200       , 109757379217.083, -772173237640.888, 746988822.196832, 12839.2128254484, 1939.45661094024, -295.272681858389
633574800       , 109803600383.508, -772166255597.405, 745925840.54202 , 12839.2129662972, 1939.45643515224, -295.272681925758
633578400       , 109849821550.441, -772159273554.555, 744862858.886966, 12839.2131071489, 1939.45625935538, -295.272681993233
633582000       , 109896042717.88 , -772152291512.338, 743799877.231669, 12839.2132480035, 1939.45608354966, -295.272682060812
633585600       , 109942263885.826, -772145309470.753, 742736895.576128, 12839.2133888611, 1939.45590773508, -295.272682128496
633589200       , 109988485054.28 , -772138327429.802, 741673913.920344, 12839.2135297216, 1939.45573191163, -295.272682196286
633592800       , 110034706223.24 , -772131345389.483, 740610932.264315, 12839.2136705851, 1939.45555607933, -295.27268226418
633596400       , 110080927392.708, -772124363349.798, 739547950.608041, 12839.2138114515, 1939.45538023815, -295.272682332179
633600000       , 110127148562.683, -772117381310.746, 738484968.951523, 12839.2139523208, 1939.45520438812, -295.272682400283
633603600       , 110173369733.165, -772110399272.326, 737421987.294759, 12839.2140931931, 1939.45502852922, -295.272682468492
633607200       , 110219590904.154, -772103417234.54, 736359005.63775 , 12839.2142340684, 1939.45485266145, -295.272682536806
633610800       , 110265812075.65 , -772096435197.387, 735296023.980494, 12839.2143749465, 1939.45467678482, -295.272682605225
633614400       , 110312033247.653, -772089453160.867, 734233042.322992, 12839.2145158276, 1939.45450089933, -295.272682673749
633618000       , 110358254420.164, -772082471124.981, 733170060.665243, 12839.2146567117, 1939.45432500497, -295.272682742379
633621600       , 110404475593.182, -772075489089.727, 732107079.007247, 12839.2147975987, 1939.45414910174, -295.272682811113
633625200       , 110450696766.707, -772068507055.107, 731044097.349003, 12839.2149384886, 1939.45397318964, -295.272682879953
633628800       , 110496917940.739, -772061525021.12, 729981115.690511, 12839.2150793815, 1939.45379726867, -295.272682948897
633632400       , 110543139115.278, -772054542987.767, 728918134.031771, 12839.2152202774, 1939.45362133884, -295.272683017947
633636000       , 110589360290.325, -772047560955.047, 727855152.372782, 12839.2153611761, 1939.45344540014, -295.272683087102
633639600       , 110635581465.879, -772040578922.96, 726792170.713543, 12839.2155020778, 1939.45326945257, -295.272683156362
633643200       , 110681802641.94 , -772033596891.507, 725729189.054056, 12839.2156429825, 1939.45309349613, -295.272683225728
633646800       , 110728023818.508, -772026614860.687, 724666207.394318, 12839.2157838901, 1939.45291753082, -295.272683295199
633650400       , 110774244995.584, -772019632830.5 , 723603225.73433 , 12839.2159248006, 1939.45274155664, -295.272683364775
633654000       , 110820466173.167, -772012650800.948, 722540244.074091, 12839.2160657141, 1939.45256557358, -295.272683434456
633657600       , 110866687351.257, -772005668772.028, 721477262.413602, 12839.2162066306, 1939.45238958166, -295.272683504243
633661200       , 110912908529.854, -771998686743.743, 720414280.752861, 12839.2163475499, 1939.45221358086, -295.272683574135
633664800       , 110959129708.959, -771991704716.091, 719351299.091868, 12839.2164884723, 1939.45203757119, -295.272683644132
633668400       , 111005350888.571, -771984722689.072, 718288317.430623, 12839.2166293975, 1939.45186155265, -295.272683714235
633672000       , 111051572068.691, -771977740662.687, 717225335.769125, 12839.2167703257, 1939.45168552524, -295.272683784443
633675600       , 111097793249.318, -771970758636.936, 716162354.107375, 12839.2169112569, 1939.45150948895, -295.272683854756
633679200       , 111144014430.452, -771963776611.819, 715099372.445371, 12839.217052191 , 1939.45133344378, -295.272683925175
633682800       , 111190235612.093, -771956794587.336, 714036390.783113, 12839.217193128 , 1939.45115738975, -295.2726839957 
633686400       , 111236456794.242, -771949812563.486, 712973409.120602, 12839.217334068 , 1939.45098132683, -295.27268406633
633690000       , 111282677976.899, -771942830540.27, 711910427.457836, 12839.217475011 , 1939.45080525504, -295.272684137065
633693600       , 111328899160.063, -771935848517.688, 710847445.794815, 12839.2176159568, 1939.45062917438, -295.272684207906
633697200       , 111375120343.734, -771928866495.74, 709784464.131539, 12839.2177569057, 1939.45045308483, -295.272684278853
633700800       , 111421341527.912, -771921884474.426, 708721482.468007, 12839.2178978574, 1939.45027698641, -295.272684349905
633704400       , 111467562712.598, -771914902453.746, 707658500.804219, 12839.2180388122, 1939.45010087912, -295.272684421062
633708000       , 111513783897.792, -771907920433.699, 706595519.140175, 12839.2181797698, 1939.44992476294, -295.272684492326
633711600       , 111560005083.493, -771900938414.287, 705532537.475874, 12839.2183207304, 1939.44974863789, -295.272684563694
633715200       , 111606226269.701, -771893956395.509, 704469555.811316, 12839.218461694 , 1939.44957250395, -295.272684635169
633718800       , 111652447456.417, -771886974377.365, 703406574.146501, 12839.2186026605, 1939.44939636114, -295.272684706749
633722400       , 111698668643.64 , -771879992359.855, 702343592.481428, 12839.2187436299, 1939.44922020944, -295.272684778435
633726000       , 111744889831.371, -771873010342.98, 701280610.816096, 12839.2188846023, 1939.44904404887, -295.272684850227
633729600       , 111791111019.609, -771866028326.738, 700217629.150506, 12839.2190255777, 1939.44886787942, -295.272684922124
633733200       , 111837332208.355, -771859046311.131, 699154647.484657, 12839.219166556 , 1939.44869170108, -295.272684994127
633736800       , 111883553397.608, -771852064296.158, 698091665.818548, 12839.2193075372, 1939.44851551386, -295.272685066236
633740400       , 111929774587.369, -771845082281.819, 697028684.15218 , 12839.2194485214, 1939.44833931776, -295.27268513845
633744000       , 111975995777.638, -771838100268.115, 695965702.485551, 12839.2195895085, 1939.44816311277, -295.272685210771
633747600       , 112022216968.414, -771831118255.045, 694902720.818662, 12839.2197304986, 1939.44798689891, -295.272685283197
633751200       , 112068438159.697, -771824136242.609, 693839739.151512, 12839.2198714916, 1939.44781067616, -295.272685355729
633754800       , 112114659351.489, -771817154230.808, 692776757.484101, 12839.2200124876, 1939.44763444452, -295.272685428367
633758400       , 112160880543.787, -771810172219.641, 691713775.816428, 12839.2201534865, 1939.447458204  , -295.272685501111
633762000       , 112207101736.594, -771803190209.109, 690650794.148492, 12839.2202944884, 1939.44728195459, -295.272685573961
633765600       , 112253322929.908, -771796208199.211, 689587812.480295, 12839.2204354932, 1939.4471056963 , -295.272685646916
633769200       , 112299544123.729, -771789226189.948, 688524830.811835, 12839.220576501 , 1939.44692942912, -295.272685719978
633772800       , 112345765318.058, -771782244181.319, 687461849.143111, 12839.2207175117, 1939.44675315306, -295.272685793146
633776400       , 112391986512.895, -771775262173.325, 686398867.474124, 12839.2208585253, 1939.44657686811, -295.272685866419
633780000       , 112438207708.24 , -771768280165.966, 685335885.804873, 12839.2209995419, 1939.44640057427, -295.272685939799
633783600       , 112484428904.092, -771761298159.241, 684272904.135357, 12839.2211405615, 1939.44622427154, -295.272686013285
633787200       , 112530650100.452, -771754316153.151, 683209922.465577, 12839.221281584 , 1939.44604795992, -295.272686086876
633790800       , 112576871297.319, -771747334147.696, 682146940.795532, 12839.2214226095, 1939.44587163942, -295.272686160574
633794400       , 112623092494.695, -771740352142.875, 681083959.125221, 12839.2215636379, 1939.44569531002, -295.272686234378
633798000       , 112669313692.578, -771733370138.69, 680020977.454644, 12839.2217046692, 1939.44551897174, -295.272686308288
633801600       , 112715534890.968, -771726388135.139, 678957995.783801, 12839.2218457035, 1939.44534262456, -295.272686382304
633805200       , 112761756089.867, -771719406132.223, 677895014.112691, 12839.2219867408, 1939.44516626849, -295.272686456427
633808800       , 112807977289.273, -771712424129.942, 676832032.441314, 12839.222127781 , 1939.44498990354, -295.272686530655
633812400       , 112854198489.187, -771705442128.295, 675769050.76967 , 12839.2222688241, 1939.44481352969, -295.27268660499
633816000       , 112900419689.608, -771698460127.284, 674706069.097758, 12839.2224098702, 1939.44463714694, -295.272686679431
633819600       , 112946640890.538, -771691478126.908, 673643087.425578, 12839.2225509193, 1939.44446075531, -295.272686753978
633823200       , 112992862091.975, -771684496127.167, 672580105.75313 , 12839.2226919713, 1939.44428435478, -295.272686828631
633826800       , 113039083293.92 , -771677514128.06, 671517124.080412, 12839.2228330262, 1939.44410794536, -295.272686903391
633830400       , 113085304496.373, -771670532129.589, 670454142.407425, 12839.2229740842, 1939.44393152704, -295.272686978257
