	 631152000        
	 631238400        
	 631324800        
	 631411200        
	 631497600        
	 631584000        
	 631670400        
	 631756800        
	 631843200        
	 631929600        
	 632016000        
	 632102400        
	 632188800        
	 632275200        
	 632361600        
	 632448000        
	 632534400        
	 632620800        
	 632707200        
	 632793600        
	 632880000        
	 632966400        
	 633052800        
	 633139200        
	 633225600        
	 633312000        
	 633398400        
	 633484800        
	 633571200        
	 633657600        
	 633744000        
	 633830400        
	 633916800        
	 634003200        
	 634089600        
	 634176000        
	 634262400        
	 634348800        
	 634435200        
	 634521600        
	 634608000        
	 634694400        
	 634780800        
	 634867200        
	 634953600        
	 635040000        
	 635126400        
	 635212800        
	 635299200        
	 635385600        
	 635472000        
	 635558400        
	 635644800        
	 635731200        
	 635817600        
	 635904000        
	 635990400        
	 636076800        
	 636163200        
	 636249600        
	 636336000        
	 636422400        
	 636508800        
	 636595200        
	 636681600        
	 636768000        
	 636854400        
	 636940800        
	 637027200        
	 637113600        
	 637200000        
	 637286400        
	 637372800        
	 637459200        
	 637545600        
	 637632000        
	 637718400        
	 637804800        
	 637891200        
	 637977600        
	 638064000        
	 638150400        
	 638236800        
	 638323200        
	 638409600        
	 638496000        
	 638582400        
	 638668800        
	 638755200        
	 638841600        
	 638928000        
	 639014400        
	 639100800        
	 639187200        
	 639273600        
	 639360000        
	 639446400        
	 639532800        
	 639619200        
	 639705600        
	 639792000        
	 639878400        
	 639964800        
	 640051200        
	 640137600        
	 640224000        
	 640310400        
	 640396800        
	 640483200        
	 640569600        
	 640656000        
	 640742400        
	 640828800        
	 640915200        
	 641001600        
	 641088000        
	 641174400        
	 641260800        
	 641347200        
	 641433600        
	 641520000        
	 641606400        
	 641692800        
	 641779200        
	 641865600        
	 641952000        
	 642038400        
	 642124800        
	 642211200        
	 642297600        
	 642384000        
	 642470400        
	 642556800        
	 642643200        
	 642729600        
	 642816000        
	 642902400        
	 642988800        
	 643075200        
	 643161600        
	 643248000        
	 643334400        
	 643420800        
	 643507200        
	 643593600        
	 643680000        
	 643766400        
	 643852800        
	 643939200        
	 644025600        
	 644112000        
	 644198400        
	 644284800        
	 644371200        
	 644457600        
	 644544000        
	 644630400        
	 644716800        
	 644803200        
	 644889600        
	 644976000        
	 645062400        
	 645148800        
	 645235200        
	 645321600        
	 645408000        
	 645494400        
	 645580800        
	 645667200        
	 645753600        
	 645840000        
	 645926400        
	 646012800        
	 646099200        
	 646185600        
	 646272000        
	 646358400        
	 646444800        
	 646531200        
	 646617600        
	 646704000        
	 646790400        
	 646876800        
	 631152000        
	 631238400        
	 631324800        
	 631411200        
	 631497600        
	 631584000        
	 631670400        
	 631756800        
	 631843200        
	 631929600        
	 632016000        
	 632102400        
	 632188800        
	 632275200        
	 632361600        
	 632448000        
	 632534400        
	 632620800        
	 632707200        
	 632793600        
	 632880000        
	 632966400        
	 633052800        
	 633139200        
	 633225600        
	 633312000        
	 633398400        
	 633484800        
	 633571200        
	 633657600        
	 633744000        
	 633830400        
	 633916800        
	 634003200        
	 634089600        
	 634176000        
	 634262400        
	 634348800        
	 634435200        
	 634521600        
	 634608000        
	 634694400        
	 634780800        
	 634867200        
	 634953600        
	 635040000        
	 635126400        
	 635212800        
	 635299200        
	 635385600        
	 635472000        
	 635558400        
	 635644800        
	 635731200        
	 635817600        
	 635904000        
	 635990400        
	 636076800        
	 636163200        
	 636249600        
	 636336000        
	 636422400        
	 636508800        
	 636595200        
	 636681600        
	 636768000        
	 636854400        
	 636940800        
	 637027200        
	 637113600        
	 637200000        
	 637286400        
	 637372800        
	 637459200        
	 637545600        
	 637632000        
	 637718400        
	 637804800        
	 637891200        
	 637977600        
	 638064000        
	 638150400        
	 638236800        
	 638323200        
	 638409600        
	 638496000        
	 638582400        
	 638668800        
	 638755200        
	 638841600        
	 638928000        
	 639014400        
	 639100800        
	 639187200        
	 639273600        
	 639360000        
	 639446400        
	 639532800        
	 639619200        
	 639705600        
	 639792000        
	 639878400        
	 639964800        
	 640051200        
	 640137600        
	 640224000        
	 640310400        
	 640396800        
	 640483200        
	 640569600        
	 640656000        
	 640742400        
	 640828800        
	 640915200        
	 641001600        
	 641088000        
	 641174400        
	 641260800        
	 641347200        
	 641433600        
	 641520000        
	 641606400        
	 641692800        
	 641779200        
	 641865600        
	 641952000        
	 642038400        
	 642124800        
	 642211200        
	 642297600        
	 642384000        
	 642470400        
	 642556800        
	 642643200        
	 642729600        
	 642816000        
	 642902400        
	 642988800        
	 643075200        
	 643161600        
	 643248000        
	 643334400        
	 643420800        
	 643507200        
	 643593600        
	 643680000        
	 643766400        
	 643852800        
	 643939200        
	 644025600        
	 644112000        
	 644198400        
	 644284800        
	 644371200        
	 644457600        
	 644544000        
	 644630400        
	 644716800        
	 644803200        
	 644889600        
	 644976000        
	 645062400        
	 645148800        
	 645235200        
	 645321600        
	 645408000        
	 645494400        
	 645580800        
	 645667200        
	 645753600        
	 645840000        
	 645926400        
	 646012800        
	 646099200        
	 646185600        
	 646272000        
	 646358400        
	 646444800        
	 646531200        
	 646617600        
	 646704000        
	 646790400        
	 646876800        
	 631152000        
	 631238400        
	 631324800        
	 631411200        
	 631497600        
	 631584000        
	 631670400        
	 631756800        
	 631843200        
	 631929600        
	 632016000        
	 632102400        
	 632188800        
	 632275200        
	 632361600        
	 632448000        
	 632534400        
	 632620800        
	 632707200        
	 632793600        
	 632880000        
	 632966400        
	 633052800        
	 633139200        
	 633225600        
	 633312000        
	 633398400        
	 633484800        
	 633571200        
	 633657600        
	 633744000        
	 633830400        
	 633916800        
	 634003200        
	 634089600        
	 634176000        
	 634262400        
	 634348800        
	 634435200        
	 634521600        
	 634608000        
	 634694400        
	 634780800        
	 634867200        
	 634953600        
	 635040000        
	 635126400        
	 635212800        
	 635299200        
	 635385600        
	 635472000        
	 635558400        
	 635644800        
	 635731200        
	 635817600        
	 635904000        
	 635990400        
	 636076800        
	 636163200        
	 636249600        
	 636336000        
	 636422400        
	 636508800        
	 636595200        
	 636681600        
	 636768000        
	 636854400        
	 636940800        
	 637027200        
	 637113600        
	 637200000        
	 637286400        
	 637372800        
	 637459200        
	 637545600        
	 637632000        
	 637718400        
	 637804800        
	 637891200        
	 637977600        
	 638064000        
	 638150400        
	 638236800        
	 638323200        
	 638409600        
	 638496000        
	 638582400        
	 638668800        
	 638755200        
	 638841600        
	 638928000        
	 639014400        
	 639100800        
	 639187200        
	 639273600        
	 639360000        
	 639446400        
	 639532800        
	 639619200        
	 639705600        
	 639792000        
	 639878400        
	 639964800        
	 640051200        
	 640137600        
	 640224000        
	 640310400        
	 640396800        
	 640483200        
	 640569600        
	 640656000        
	 640742400        
	 640828800        
	 640915200        
	 641001600        
	 641088000        
	 641174400        
	 641260800        
	 641347200        
	 641433600        
	 641520000        
	 641606400        
	 641692800        
	 641779200        
	 641865600        
	 641952000        
	 642038400        
	 642124800        
	 642211200        
	 642297600        
	 642384000        
	 642470400        
	 642556800        
	 642643200        
	 642729600        
	 642816000        
	 642902400        
	 642988800        
	 643075200        
	 643161600        
	 643248000        
	 643334400        
	 643420800        
	 643507200        
	 643593600        
	 643680000        
	 643766400        
	 643852800        
	 643939200        
	 644025600        
	 644112000        
	 644198400        
	 644284800        
	 644371200        
	 644457600        
	 644544000        
	 644630400        
	 644716800        
	 644803200        
	 644889600        
	 644976000        
	 645062400        
	 645148800        
	 645235200        
	 645321600        
	 645408000        
	 645494400        
	 645580800        
	 645667200        
	 645753600        
	 645840000        
	 645926400        
	 646012800        
	 646099200        
	 646185600        
	 646272000        
	 646358400        
	 646444800        
	 646531200        
	 646617600        
	 646704000        
	 646790400        
	 646876800        
	 631152000        
	 631152000        
	 631238400        
	 631238400        
	 631324800        
	 631324800        
	 631411200        
	 631411200        
	 631497600        
	 631497600        
	 631584000        
	 631584000        
	 631670400        
	 631670400        
	 631756800        
	 631756800        
	 631843200        
	 631843200        
	 631929600        
	 631929600        
	 632016000        
	 632016000        
	 632102400        
	 632102400        
	 632188800        
	 632188800        
	 632275200        
	 632275200        
	 632361600        
	 632361600        
	 632448000        
	 632448000        
	 632534400        
	 632534400        
	 632620800        
	 632620800        
	 632707200        
	 632707200        
	 632793600        
	 632793600        
	 632880000        
	 632880000        
	 632966400        
	 632966400        
	 633052800        
	 633052800        
	 633139200        
	 633139200        
	 633225600        
	 633225600        
	 633312000        
	 633312000        
	 633398400        
	 633398400        
	 633484800        
	 633484800        
	 633571200        
	 633571200        
	 633657600        
	 633657600        
	 633744000        
	 633744000        
	 633830400        
	 633830400        
	 633916800        
	 633916800        
	 634003200        
	 634003200        
	 634089600        
	 634089600        
	 634176000        
	 634176000        
	 634262400        
	 634262400        
	 634348800        
	 634348800        
	 634435200        
	 634435200        
	 634521600        
	 634521600        
	 634608000        
	 634608000        
	 634694400        
	 634694400        
	 634780800        
	 634780800        
	 634867200        
	 634867200        
	 634953600        
	 634953600        
	 635040000        
	 635040000        
	 635126400        
	 635126400        
	 635212800        
	 635212800        
	 635299200        
	 635299200        
	 635385600        
	 635385600        
	 635472000        
	 635472000        
	 635558400        
	 635558400        
	 635644800        
	 635644800        
	 635731200        
	 635731200        
	 635817600        
	 635817600        
	 635904000        
	 635904000        
	 635990400        
	 635990400        
	 636076800        
	 636076800        
	 636163200        
	 636163200        
	 636249600        
	 636249600        
	 636336000        
	 636336000        
	 636422400        
	 636422400        
	 636508800        
	 636508800        
	 636595200        
	 636595200        
	 636681600        
	 636681600        
	 636768000        
	 636768000        
	 636854400        
	 636854400        
	 636940800        
	 636940800        
	 637027200        
	 637027200        
	 637113600        
	 637113600        
	 637200000        
	 637200000        
	 637286400        
	 637286400        
	 637372800        
	 637372800        
	 637459200        
	 637459200        
	 637545600        
	 637545600        
	 637632000        
	 637632000        
	 637718400        
	 637718400        
	 637804800        
	 637804800        
	 637891200        
	 637891200        
	 637977600        
	 637977600        
	 638064000        
	 638064000        
	 638150400        
	 638150400        
	 638236800        
	 638236800        
	 638323200        
	 638323200        
	 638409600        
	 638409600        
	 638496000        
	 638496000        
	 638582400        
	 638582400        
	 638668800        
	 638668800        
	 638755200        
	 638755200        
	 638841600        
	 638841600        
	 638928000        
	 638928000        
	 639014400        
	 639014400        
	 639100800        
	 639100800        
	 639187200        
	 639187200        
	 639273600        
	 639273600        
	 639360000        
	 639360000        
	 639446400        
	 639446400        
	 639532800        
	 639532800        
	 639619200        
	 639619200        
	 639705600        
	 639705600        
	 639792000        
	 639792000        
	 639878400        
	 639878400        
	 639964800        
	 639964800        
	 640051200        
	 640051200        
	 640137600        
	 640137600        
	 640224000        
	 640224000        
	 640310400        
	 640310400        
	 640396800        
	 640396800        
	 640483200        
	 640483200        
	 640569600        
	 640569600        
	 640656000        
	 640656000        
	 640742400        
	 640742400        
	 640828800        
	 640828800        
	 640915200        
	 640915200        
	 641001600        
	 641001600        
	 641088000        
	 641088000        
	 641174400        
	 641174400        
	 641260800        
	 641260800        
	 641347200        
	 641347200        
	 641433600        
	 641433600        
	 641520000        
	 641520000        
	 641606400        
	 641606400        
	 641692800        
	 641692800        
	 641779200        
	 641779200        
	 641865600        
	 641865600        
	 641952000        
	 641952000        
	 642038400        
	 642038400        
	 642124800        
	 642124800        
	 642211200        
	 642211200        
	 642297600        
	 642297600        
	 642384000        
	 642384000        
	 642470400        
	 642470400        
	 642556800        
	 642556800        
	 642643200        
	 642643200        
	 642729600        
	 642729600        
	 642816000        
	 642816000        
	 642902400        
	 642902400        
	 642988800        
	 642988800        
	 643075200        
	 643075200        
	 643161600        
	 643161600        
	 643248000        
	 643248000        
	 643334400        
	 643334400        
	 643420800        
	 643420800        
	 643507200        
	 643507200        
	 643593600        
	 643593600        
	 643680000        
	 643680000        
	 643766400        
	 643766400        
	 643852800        
	 643852800        
	 643939200        
	 643939200        
	 644025600        
	 644025600        
	 644112000        
	 644112000        
	 644198400        
	 644198400        
	 644284800        
	 644284800        
	 644371200        
	 644371200        
	 644457600        
	 644457600        
	 644544000        
	 644544000        
	 644630400        
	 644630400        
	 644716800        
	 644716800        
	 644803200        
	 644803200        
	 644889600        
	 644889600        
	 644976000        
	 644976000        
	 645062400        
	 645062400        
	 645148800        
	 645148800        
	 645235200        
	 645235200        
	 645321600        
	 645321600        
	 645408000        
	 645408000        
	 645494400        
	 645494400        
	 645580800        
	 645580800        
	 645667200        
	 645667200        
	 645753600        
	 645753600        
	 645840000        
	 645840000        
	 645926400        
	 645926400        
	 646012800        
	 646012800        
	 646099200        
	 646099200        
	 646185600        
	 646185600        
	 646272000        
	 646272000        
	 646358400        
	 646358400        
	 646444800        
	 646444800        
	 646531200        
	 646531200        
	 646617600        
	 646617600        
	 646704000        
	 646704000        
	 646790400        
	 646790400        
	 646876800        
	 646876800        
	 631152000        
	 631152000        
	 631238400        
	 631238400        
	 631324800        
	 631324800        
	 631411200        
	 631411200        
	 631497600        
	 631497600        
	 631584000        
	 631584000        
	 631670400        
	 631670400        
	 631756800        
	 631756800        
	 631843200        
	 631843200        
	 631929600        
	 631929600        
	 632016000        
	 632016000        
	 632102400        
	 632102400        
	 632188800        
	 632188800        
	 632275200        
	 632275200        
	 632361600        
	 632361600        
	 632448000        
	 632448000        
	 632534400        
	 632534400        
	 632620800        
	 632620800        
	 632707200        
	 632707200        
	 632793600        
	 632793600        
	 632880000        
	 632880000        
	 632966400        
	 632966400        
	 633052800        
	 633052800        
	 633139200        
	 633139200        
	 633225600        
	 633225600        
	 633312000        
	 633312000        
	 633398400        
	 633398400        
	 633484800        
	 633484800        
	 633571200        
	 633571200        
	 633657600        
	 633657600        
	 633744000        
	 633744000        
	 633830400        
	 633830400        
	 633916800        
	 633916800        
	 634003200        
	 634003200        
	 634089600        
	 634089600        
	 634176000        
	 634176000        
	 634262400        
	 634262400        
	 634348800        
	 634348800        
	 634435200        
	 634435200        
	 634521600        
	 634521600        
	 634608000        
	 634608000        
	 634694400        
	 634694400        
	 634780800        
	 634780800        
	 634867200        
	 634867200        
	 634953600        
	 634953600        
	 635040000        
	 635040000        
	 635126400        
	 635126400        
	 635212800        
	 635212800        
	 635299200        
	 635299200        
	 635385600        
	 635385600        
	 635472000        
	 635472000        
	 635558400        
	 635558400        
	 635644800        
	 635644800        
	 635731200        
	 635731200        
	 635817600        
	 635817600        
	 635904000        
	 635904000        
	 635990400        
	 635990400        
	 636076800        
	 636076800        
	 636163200        
	 636163200        
	 636249600        
	 636249600        
	 636336000        
	 636336000        
	 636422400        
	 636422400        
	 636508800        
	 636508800        
	 636595200        
	 636595200        
	 636681600        
	 636681600        
	 636768000        
	 636768000        
	 636854400        
	 636854400        
	 636940800        
	 636940800        
	 637027200        
	 637027200        
	 637113600        
	 637113600        
	 637200000        
	 637200000        
	 637286400        
	 637286400        
	 637372800        
	 637372800        
	 637459200        
	 637459200        
	 637545600        
	 637545600        
	 637632000        
	 637632000        
	 637718400        
	 637718400        
	 637804800        
	 637804800        
	 637891200        
	 637891200        
	 637977600        
	 637977600        
	 638064000        
	 638064000        
	 638150400        
	 638150400        
	 638236800        
	 638236800        
	 638323200        
	 638323200        
	 638409600        
	 638409600        
	 638496000        
	 638496000        
	 638582400        
	 638582400        
	 638668800        
	 638668800        
	 638755200        
	 638755200        
	 638841600        
	 638841600        
	 638928000        
	 638928000        
	 639014400        
	 639014400        
	 639100800        
	 639100800        
	 639187200        
	 639187200        
	 639273600        
	 639273600        
	 639360000        
	 639360000        
	 639446400        
	 639446400        
	 639532800        
	 639532800        
	 639619200        
	 639619200        
	 639705600        
	 639705600        
	 639792000        
	 639792000        
	 639878400        
	 639878400        
	 639964800        
	 639964800        
	 640051200        
	 640051200        
	 640137600        
	 640137600        
	 640224000        
	 640224000        
	 640310400        
	 640310400        
	 640396800        
	 640396800        
	 640483200        
	 640483200        
	 640569600        
	 640569600        
	 640656000        
	 640656000        
	 640742400        
	 640742400        
	 640828800        
	 640828800        
	 640915200        
	 640915200        
	 641001600        
	 641001600        
	 641088000        
	 641088000        
	 641174400        
	 641174400        
	 641260800        
	 641260800        
	 641347200        
	 641347200        
	 641433600        
	 641433600        
	 641520000        
	 641520000        
	 641606400        
	 641606400        
	 641692800        
	 641692800        
	 641779200        
	 641779200        
	 641865600        
	 641865600        
	 641952000        
	 641952000        
	 642038400        
	 642038400        
	 642124800        
	 642124800        
	 642211200        
	 642211200        
	 642297600        
	 642297600        
	 642384000        
	 642384000        
	 642470400        
	 642470400        
	 642556800        
	 642556800        
	 642643200        
	 642643200        
	 642729600        
	 642729600        
	 642816000        
	 642816000        
	 642902400        
	 642902400        
	 642988800        
	 642988800        
	 643075200        
	 643075200        
	 643161600        
	 643161600        
	 643248000        
	 643248000        
	 643334400        
	 643334400        
	 643420800        
	 643420800        
	 643507200        
	 643507200        
	 643593600        
	 643593600        
	 643680000        
	 643680000        
	 643766400        
	 643766400        
	 643852800        
	 643852800        
	 643939200        
	 643939200        
	 644025600        
	 644025600        
	 644112000        
	 644112000        
	 644198400        
	 644198400        
	 644284800        
	 644284800        
	 644371200        
	 644371200        
	 644457600        
	 644457600        
	 644544000        
	 644544000        
	 644630400        
	 644630400        
	 644716800        
	 644716800        
	 644803200        
	 644803200        
	 644889600        
	 644889600        
	 644976000        
	 644976000        
	 645062400        
	 645062400        
	 645148800        
	 645148800        
	 645235200        
	 645235200        
	 645321600        
	 645321600        
	 645408000        
	 645408000        
	 645494400        
	 645494400        
	 645580800        
	 645580800        
	 645667200        
	 645667200        
	 645753600        
	 645753600        
	 645840000        
	 645840000        
	 645926400        
	 645926400        
	 646012800        
	 646012800        
	 646099200        
	 646099200        
	 646185600        
	 646185600        
	 646272000        
	 646272000        
	 646358400        
	 646358400        
	 646444800        
	 646444800        
	 646531200        
	 646531200        
	 646617600        
	 646617600        
	 646704000        
	 646704000        
	 646790400        
	 646790400        
	 646876800        
	 646876800        
	 631152000        
	 631238400        
	 631324800        
	 631411200        
	 631497600        
	 631584000        
	 631670400        
	 631756800        
	 631843200        
	 631929600        
	 632016000        
	 632102400        
	 632188800        
	 632275200        
	 632361600        
	 632448000        
	 632534400        
	 632620800        
	 632707200        
	 632793600        
	 632880000        
	 632966400        
	 633052800        
	 633139200        
	 633225600        
	 633312000        
	 633398400        
	 633484800        
	 633571200        
	 633657600        
	 633744000        
	 633830400        
	 633916800        
	 634003200        
	 634089600        
	 634176000        
	 634262400        
	 634348800        
	 634435200        
	 634521600        
	 634608000        
	 634694400        
	 634780800        
	 634867200        
	 634953600        
	 635040000        
	 635126400        
	 635212800        
	 635299200        
	 635385600        
	 635472000        
	 635558400        
	 635644800        
	 635731200        
	 635817600        
	 635904000        
	 635990400        
	 636076800        
	 636163200        
	 636249600        
	 636336000        
	 636422400        
	 636508800        
	 636595200        
	 636681600        
	 636768000        
	 636854400        
	 636940800        
	 637027200        
	 637113600        
	 637200000        
	 637286400        
	 637372800        
	 637459200        
	 637545600        
	 637632000        
	 637718400        
	 637804800        
	 637891200        
	 637977600        
	 638064000        
	 638150400        
	 638236800        
	 638323200        
	 638409600        
	 638496000        
	 638582400        
	 638668800        
	 638755200        
	 638841600        
	 638928000        
	 639014400        
	 639100800        
	 639187200        
	 639273600        
	 639360000        
	 639446400        
	 639532800        
	 639619200        
	 639705600        
	 639792000        
	 639878400        
	 639964800        
	 640051200        
	 640137600        
	 640224000        
	 640310400        
	 640396800        
	 640483200        
	 640569600        
	 640656000        
	 640742400        
	 640828800        
	 640915200        
	 641001600        
	 641088000        
	 641174400        
	 641260800        
	 641347200        
	 641433600        
	 641520000        
	 641606400        
	 641692800        
	 641779200        
	 641865600        
	 641952000        
	 642038400        
	 642124800        
	 642211200        
	 642297600        
	 642384000        
	 642470400        
	 642556800        
	 642643200        
	 642729600        
	 642816000        
	 642902400        
	 642988800        
	 643075200        
	 643161600        
	 643248000        
	 643334400        
	 643420800        
	 643507200        
	 643593600        
	 643680000        
	 643766400        
	 643852800        
	 643939200        
	 644025600        
	 644112000        
	 644198400        
	 644284800        
	 644371200        
	 644457600        
	 644544000        
	 644630400        
	 644716800        
	 644803200        
	 644889600        
	 644976000        
	 645062400        
	 645148800        
	 645235200        
	 645321600        
	 645408000        
	 645494400        
	 645580800        
	 645667200        
	 645753600        
	 645840000        
	 645926400        
	 646012800        
	 646099200        
	 646185600        
	 646272000        
	 646358400        
	 646444800        
	 646531200        
	 646617600        
	 646704000        
	 646790400        
	 646876800        
	 631152000        
	 631238400        
	 631324800        
	 631411200        
	 631497600        
	 631584000        
	 631670400        
	 631756800        
	 631843200        
	 631929600        
	 632016000        
	 632102400        
	 632188800        
	 632275200        
	 632361600        
	 632448000        
	 632534400        
	 632620800        
	 632707200        
	 632793600        
	 632880000        
	 632966400        
	 633052800        
	 633139200        
	 633225600        
	 633312000        
	 633398400        
	 633484800        
	 633571200        
	 633657600        
	 633744000        
	 633830400        
	 633916800        
	 634003200        
	 634089600        
	 634176000        
	 634262400        
	 634348800        
	 634435200        
	 634521600        
	 634608000        
	 634694400        
	 634780800        
	 634867200        
	 634953600        
	 635040000        
	 635126400        
	 635212800        
	 635299200        
	 635385600        
	 635472000        
	 635558400        
	 635644800        
	 635731200        
	 635817600        
	 635904000        
	 635990400        
	 636076800        
	 636163200        
	 636249600        
	 636336000        
	 636422400        
	 636508800        
	 636595200        
	 636681600        
	 636768000        
	 636854400        
	 636940800        
	 637027200        
	 637113600        
	 637200000        
	 637286400        
	 637372800        
	 637459200        
	 637545600        
	 637632000        
	 637718400        
	 637804800        
	 637891200        
	 637977600        
	 638064000        
	 638150400        
	 638236800        
	 638323200        
	 638409600        
	 638496000        
	 638582400        
	 638668800        
	 638755200        
	 638841600        
	 638928000        
	 639014400        
	 639100800        
	 639187200        
	 639273600        
	 639360000        
	 639446400        
	 639532800        
	 639619200        
	 639705600        
	 639792000        
	 639878400        
	 639964800        
	 640051200        
	 640137600        
	 640224000        
	 640310400        
	 640396800        
	 640483200        
	 640569600        
	 640656000        
	 640742400        
	 640828800        
	 640915200        
	 641001600        
	 641088000        
	 641174400        
	 641260800        
	 641347200        
	 641433600        
	 641520000        
	 641606400        
	 641692800        
	 641779200        
	 641865600        
	 641952000        
	 642038400        
	 642124800        
	 642211200        
	 642297600        
	 642384000        
	 642470400        
	 642556800        
	 642643200        
	 642729600        
	 642816000        
	 642902400        
	 642988800        
	 643075200        
	 643161600        
	 643248000        
	 643334400        
	 643420800        
	 643507200        
	 643593600        
	 643680000        
	 643766400        
	 643852800        
	 643939200        
	 644025600        
	 644112000        
	 644198400        
	 644284800        
	 644371200        
	 644457600        
	 644544000        
	 644630400        
	 644716800        
	 644803200        
	 644889600        
	 644976000        
	 645062400        
	 645148800        
	 645235200        
	 645321600        
	 645408000        
	 645494400        
	 645580800        
	 645667200        
	 645753600        
	 645840000        
	 645926400        
	 646012800        
	 646099200        
	 646185600        
	 646272000        
	 646358400        
	 646444800        
	 646531200        
	 646617600        
	 646704000        
	 646790400        
	 646876800        

