	 214691796200.2447
	 214854395292.777 
	 214734497863.8957
	 214329130798.8875
	 213632621723.814 
	 212636274823.7588
	 211327891277.1459
	 209691084999.1231
	 207704318893.2636
	 205339547977.3147
	 202560295267.0138
	 199318890997.8636
	 195552456732.8482
	 191176995097.043 
	 186078681624.3682
	 180101453723.3062
	 173031964882.189 
	 164595620714.2355
	 154543316970.528 
	 143185113926.8515
	 132968579264.1021
	 127984231044.8333
	 128541426319.2486
	 132190763847.8382
	 137131934389.2904
	 142472760774.4718
	 147802074171.7251
	 152932783115.1045
	 157782507671.9196
	 162319032362.725 
	 166534600628.5738
	 170433344234.005 
	 174024935947.6183
	 177321308610.8032
	 180334936586.0701
	 183077933763.5447
	 185561584702.1827
	 187796105377.6017
	 189790522340.3558
	 191552607770.1667
	 193088833859.5785
	 194404323306.6747
	 195502778493.3245
	 196386372944.2957
	 197055586512.499 
	 197508960943.1152
	 197742744278.6356
	 197750378904.3628
	 197521765335.1132
	 197042196105.9969
	 196290790585.6668
	 195238151947.6985
	 193842772745.3557
	 192045357843.982 
	 189759556596.9497
	 186856292426.9213
	 183136430024.8305
	 178282790697.7447
	 171784202476.755 
	 162893042242.153 
	 151130504377.4229
	 138323455981.1359
	 128267845464.0432
	 122192310566.1195
	 119246042703.7554
	 118420496994.041 
	 118983897183.251 
	 120445519072.6085
	 122478901736.0735
	 124865475446.1552
	 127457690870.4681
	 130155261112.1965
	 132889754633.8412
	 135614487007.749 
	 138297802746.9643
	 140918551033.6628
	 143462998939.1554
	 145922698247.6314
	 148292992212.2552
	 150571955908.9574
	 152759632201.8019
	 154857469192.8169
	 156867893214.8858
	 158793969287.9754
	 160639111676.0257
	 162406812490.2896
	 164100356832.3435
	 165722488377.0159
	 167274977900.7494
	 168758025383.9274
	 170169386612.9541
	 171503043130.5083
	 172747100394.9223
	 173880340853.8797
	 174866339195.2665
	 175642950426.417 
	 176102553009.6485
	 176052869791.9015
	 175135892253.385 
	 172664715923.7381
	 167414025263.5474
	 158181462273.8593
	 146312496889.605 
	 134961812141.4199
	 125496368381.6856
	 117935135450.2747
	 111998035170.1871
	 107408704321.5828
	 103940032825.7452
	 101409079637.2527
	 99666589253.20915
	 98588846151.36739
	 98072188847.88037
	 98029364435.72441
	 98386992392.62639
	 99083659568.23438
	 100068373998.6395
	 101299238529.4696
	 102742280968.53  
	 104370415228.7837
	 106162523538.2309
	 108102654076.3903
	 110179327826.3938
	 112384946444.028 
	 114715291064.4348
	 117169100572.4823
	 119747716585.2999
	 122454780282.9611
	 125295961832.9045
	 128278694505.3337
	 131411869433.3256
	 134705416620.0313
	 138169638267.0311
	 141814038305.1666
	 145645130086.7656
	 149662115080.0912
	 153847923257.6504
	 158149553582.6215
	 162432128794.1837
	 166365373334.1987
	 169148665625.542 
	 169092085901.1349
	 164458154595.2698
	 156405954805.8169
	 147509074932.3185
	 139019170473.703 
	 131264455331.6467
	 124272850199.9692
	 117995035093.3848
	 112369203884.6531
	 107338720705.5827
	 102855982616.1833
	 98882263572.5041 
	 95386508776.88397
	 92343990220.4222 
	 89735085276.00005
	 87544234757.54745
	 85759076894.92595
	 84369741448.64693
	 83368290218.95825
	 82748294883.74603
	 82504546546.70898
	 82632892506.52454
	 83130194689.4072 
	 83994401772.43095
	 85224724536.28706
	 86821902722.03709
	 88788552565.50105
	 91129587591.13295
	 93852710857.59157
	 96968983680.9366 
	 100493481990.2169
	 104446052865.5397
	 108852170835.004 
	 113743840935.3503
	 119160333553.0653
	 125148061503.1641
	 131757496190.48  
	 139030605737.2416
	 146957733622.407 
	 155334281018.3503
	 163326245829.1927
	 168781655545.9362
	 214685239422.4222
	 214850553933.7487
	 214733462282.0983
	 214330947156.1988
	 213637349701.2526
	 212643989697.0815
	 211338686689.7798
	 209705076658.4457
	 207721649512.6094
	 205360393922.0001
	 202584875546.5535
	 199347479466.9496
	 195585398527.4219
	 191214728038.7566
	 186121761037.9128
	 180150568930.3739
	 173087894083.0677
	 164658900661.4985
	 154612725888.9649
	 143252331348.067 
	 133012385970.3136
	 127993126071.9438
	 128526434676.8539
	 132163264997.9077
	 137098127593.3733
	 142435824828.472 
	 147763729475.6382
	 152894026981.4006
	 157743955637.3147
	 162281085448.6844
	 166497532666.4429
	 170397350232.3949
	 173990160326.7639
	 177287862470.8073
	 180302908724.2974
	 183047397990.5051
	 185532604898.3828
	 187768739144.6338
	 189764823775.6265
	 191528629712.9309
	 193066629852.2056
	 194383949454.6455
	 195484295373.3516
	 196369847696.9756
	 197041095265.8915
	 197496591750.0837
	 197732600818.3989
	 197742585307.3096
	 197516472661.3708
	 197039591284.2739
	 196291109075.3366
	 195241696161.4601
	 193849939615.0675
	 192056681293.3689
	 189775774909.9791
	 186878457637.2682
	 183166085636.5501
	 178322235825.1797
	 171836688144.6758
	 162961552528.041 
	 151209702650.4597
	 138390596431.9816
	 128309283389.8871
	 122212740906.7552
	 119252367247.8513
	 118417399600.4397
	 118974304610.3157
	 120431305707.3858
	 122461320875.0857
	 124845400970.7117
	 127435754814.1972
	 130131935011.6103
	 132865399653.6423
	 135589386042.4444
	 138272181709.1677
	 140892593421.5839
	 143436856096.0591
	 145896496787.579 
	 148266839543.6287
	 150545944464.1247
	 152733842784.9368
	 154831973737.4959
	 156842757171.0389
	 158769253818.4361
	 160614875828.8929
	 162383115522.4832
	 164077260895.2965
	 165700061847.0214
	 167253299763.5338
	 168737191303.2947
	 170149517697.7918
	 171484299102.5862
	 172729700132.0938
	 173864595729.4266
	 174852709542.1646
	 175632145738.2083
	 176095718778.3366
	 176051951857.3496
	 175144354202.7145
	 172688728580.251 
	 167462189310.5521
	 158252758267.6544
	 146384685608.6985
	 135020292969.9318
	 125540564454.1371
	 117967835796.1439
	 112021818257.8992
	 107425500083.1492
	 103951246011.9427
	 101415744422.2017
	 99669482474.57768
	 98588563359.24089
	 98069194944.72038
	 98024027857.18999
	 98379608642.50856
	 99074467763.1351 
	 100057568727.5446
	 101286978503.6968
	 102728695424.5744
	 104355608724.5629
	 106146579577.3869
	 108085637861.4109
	 110161288353.351 
	 112365918094.352 
	 114695294813.4991
	 117148144916.3445
	 119725798283.5434
	 122431885028.2907
	 125272064993.7452
	 128253762163.6324
	 131385860094.9492
	 134678284285.7087
	 138141338178.0433
	 141784537975.2242
	 145614431039.3293
	 149630297120.6243
	 153815238646.5375
	 158116638479.3929
	 162400506807.7537
	 166338698521.9756
	 169135451298.295 
	 169106964300.074 
	 164504200694.1804
	 156463577521.9035
	 147564449136.716 
	 139068486906.1859
	 131307466393.597 
	 124310173411.2429
	 118027399928.7253
	 112397265679.7832
	 107363028503.6494
	 102876986928.7305
	 98900332180.23076
	 95401941860.26991
	 92357032847.46971
	 89745937202.61002
	 87553057970.14169
	 85766001363.922  
	 84374869484.79057
	 83371699731.54713
	 82750041758.98706
	 82504666300.51305
	 82631401316.41609
	 83127089870.31313
	 83989661727.01021
	 85218308178.91832
	 86813748343.96635
	 88778576074.38304
	 91117680019.09209
	 93838734985.99294
	 96952769577.70222
	 100474821203.7876
	 104424690995.141 
	 108827798283.1051
	 113716082091.2839
	 119128736191.6009
	 125112093076.7333
	 131716569347.916 
	 138984207463.3701
	 146905913322.1897
	 155279360864.1094
	 163277734109.8446
	 168758950081.317 
	 214681939924.1367
	 214847252609.7305
	 214730164453.8702
	 214327658343.4639
	 213634075662.3205
	 212640736476.9525
	 211335460675.9911
	 209701884646.4503
	 207718498782.8933
	 205357292331.5776
	 202581831637.6685
	 199344502595.3516
	 195582499009.981 
	 191211917311.6609
	 186119051791.4423
	 180147975111.6242
	 173085430431.6294
	 164656580721.8452
	 154610555143.9893
	 143250286679.1349
	 133010381409.3063
	 127991043851.8592
	 128524220743.9321
	 132160923080.9994
	 137095678317.7308
	 142433289383.1611
	 147761126113.6392
	 152891370977.9076
	 157741259900.3037
	 162278361116.3392
	 166494789575.5447
	 170394597267.0066
	 173987405676.6563
	 177285113825.715 
	 180300173423.3516
	 183044683140.3781
	 185529917469.7227
	 187766086053.4411
	 189762211954.4596
	 191526066175.5782
	 193064121754.5409
	 194381504154.0953
	 195481920488.9423
	 196367551172.002 
	 197038885435.2238
	 197494477414.4384
	 197730591328.2309
	 197740690659.6322
	 197514703613.6732
	 197037959490.9733
	 196289627253.8946
	 195240378297.5293
	 193848801218.5662
	 192055739719.1451
	 189775049753.553 
	 186877971193.0695
	 183165863310.1485
	 178322306022.4041
	 171837079736.4297
	 162962282636.2237
	 151210734388.4665
	 138391775077.8626
	 128310397416.1283
	 122213652874.1026
	 119253023887.2471
	 118417796726.5389
	 118974461920.0051
	 120431252837.049 
	 122461090197.1096
	 124845024123.9095
	 127435261229.6173
	 130131351459.2944
	 132864750280.5677
	 135588692623.3887
	 138271463970.0992
	 140891869368.376 
	 143436142319.4027
	 145895808733.8185
	 148266191750.5267
	 150545350764.4701
	 152733316482.4931
	 154831527760.0642
	 156842404205.3092
	 158769006430.8195
	 160614746576.3752
	 162383117057.1812
	 164077406066.5637
	 165700363805.0599
	 167253772069.1884
	 168737848049.6233
	 170150373650.9031
	 171485369871.6593
	 172731002382.6738
	 173866147459.7994
	 174854530450.5117
	 175634257716.1581
	 176098146563.1483
	 176054723806.3161
	 175147502778.5583
	 172692288377.2796
	 167466183369.8997
	 158257152228.8344
	 146389350302.5876
	 135025078681.8194
	 125545363666.2548
	 117972577507.9334
	 112026453848.0585
	 107429995658.7522
	 103955578823.4019
	 101419901017.0874
	 99673457456.85333
	 98592358280.18416
	 98072817175.4054 
	 98027489442.55957
	 98382925192.4393 
	 99077657440.67049
	 100060651376.3967
	 101289974933.5465
	 102731626852.6666
	 104358496358.8233
	 106149444319.5959
	 108088500107.2585
	 110164167867.6276
	 112368833942.565 
	 114698265334.8747
	 117151187726.6577
	 119728930299.5944
	 122435122508.7304
	 125275423593.4567
	 128257257001.3707
	 131389505836.0211
	 134682095243.9631
	 138145328444.0784
	 141788721581.4375
	 145618822176.8231
	 149634910428.6075
	 153820089597.564 
	 158121743868.318 
	 162405885245.9861
	 166344370323.5963
	 169141434878.8121
	 169113259152.7654
	 164510752880.4625
	 156470292336.8722
	 147571250452.9677
	 139075328664.9162
	 131314320748.4907
	 124317022210.2722
	 118034230385.6405
	 112404068191.2118
	 107369795494.4477
	 102883712214.2842
	 98907010608.91217
	 95408569120.397  
	 92363605379.24977
	 89752452181.85056
	 87559513342.76659
	 85772395915.62466
	 84381202931.61832
	 83377972817.13191
	 82756256343.88564
	 82510825429.76344
	 82637509253.38765
	 83133152088.57944
	 83995684856.7879 
	 85224299909.91566
	 86819717291.35106
	 88784531618.31918
	 91123632130.29573
	 93844694050.09543
	 96958746230.1011 
	 100480826184.3644
	 104430735029.5175
	 108833891993.7092
	 113722235937.6   
	 119134960432.2081
	 125118397732.2747
	 131722964108.6043
	 138990701383.8329
	 146912513832.4469
	 155286070611.1819
	 163284541358.6048
	 168765808573.8221
	 1.656363746984097
	 0.02290845476254799
	 1.684039453013095
	 0.02434640470506655
	 1.712029476646689
	 0.02567180137842451
	 1.740375288981611
	 0.02687918390844768
	 1.769121963226956
	 0.02796127043446051
	 1.798318046206606
	 0.02890857349354659
	 1.828015341907996
	 0.02970887775864606
	 1.858268442894914
	 0.03034652138918448
	 1.889133732313349
	 0.03080139134367355
	 1.920667359617541
	 0.03104749214109193
	 1.95292126166747 
	 0.03105086167689208
	 1.985935426988997
	 0.03076645838313241
	 2.01972275723816 
	 0.03013337636476154
	 2.054238795230073
	 0.02906725174794844
	 2.089319020088176
	 0.02744779866354952
	 2.124542575917935
	 0.0250977144361888
	 2.158918259588957
	 0.02174654443682944
	 2.1901164676538  
	 0.01697274920993008
	 2.212554005097002
	 0.01015037030185617
	 2.213571684140465
	 0.0006901847957292429
	 2.175152490455303
	 -0.01030727600882808
	 2.103579968865011
	 -0.01850840610568127
	 2.03313516809144 
	 -0.02156687475180363
	 1.98121815975068 
	 -0.02099166250603046
	 1.94772245421938 
	 -0.01858318979927365
	 1.928391380630365
	 -0.01537848124865282
	 1.919359054237848
	 -0.01189111086287875
	 1.91780441189432 
	 -0.008367488938300749
	 1.921767566010539
	 -0.004924383893722073
	 1.929892989892739
	 -0.001615408323488721
	 1.941234203352543
	 0.001536969616010575
	 1.955121604129593
	 0.004525682944881648
	 1.971075467780021
	 0.007351122437700086
	 1.988748643701721
	 0.01001703592750536
	 2.007888397221401
	 0.01252837365984516
	 2.028310635368797
	 0.01489014224650842
	 2.049882242608404
	 0.0171067893885688
	 2.072508815593588
	 0.0191818685279268
	 2.096126058915864
	 0.02111784788979709
	 2.120693713989899
	 0.02291598838389231
	 2.14619128224117 
	 0.02457624660164703
	 2.172615057023874
	 0.02609717593587879
	 2.19997614654226 
	 0.02747580716438613
	 2.228299282395627
	 0.02870749284724217
	 2.257622284749535
	 0.02978569914090956
	 2.28799611003042 
	 0.03070172479779787
	 2.319485450889437
	 0.03144432006322417
	 2.352169896806366
	 0.03199916676287806
	 2.386145698224693
	 0.03234816262009566
	 2.421528203262991
	 0.03246842329085986
	 2.458455039180034
	 0.03233086683599717
	 2.497090049568365
	 0.03189816295413328
	 2.537627759070887
	 0.03112168636548396
	 2.580297403885392
	 0.02993685922453415
	 2.625363425442255
	 0.02825580542144501
	 2.67311299571427 
	 0.0259554046969499
	 2.72380157441264 
	 0.02285745207758594
	 2.777463151771681
	 0.01869634276044074
	 2.833269329388369
	 0.01307627354713325
	 2.887405273818167
	 0.005489614327955028
	 2.927646228580386
	 -0.004159456928602978
	 2.933000231013117
	 -0.01390208523524561
	 2.900280230503457
	 -0.02043850504758127
	 2.848880693078363
	 -0.02297252480346246
	 2.794841629076153
	 -0.02250840274341148
	 2.74571124317319 
	 -0.02014991684048462
	 2.704240946885656
	 -0.01670359046397718
	 2.670952722497645
	 -0.01270102710042376
	 2.645411014316224
	 -0.008476183644595681
	 2.62682941880158 
	 -0.004231744820574423
	 2.614352117964129
	 -8.673958705229801e-05
	 2.607175882683795
	 0.003891680990748547
	 2.604595047875908
	 0.007667846497627639
	 2.606010675907189
	 0.01122476578860421
	 2.610924298319008
	 0.01455619614370018
	 2.618926076072837
	 0.01766176608677217
	 2.629681930421783
	 0.02054398896103948
	 2.642921592995743
	 0.02320643866623917
	 2.658428276136597
	 0.02565263553682895
	 2.67603009334225 
	 0.02788536257006036
	 2.695593120747575
	 0.02990623819672988
	 2.717015911390303
	 0.0317154365273058
	 2.740225269209752
	 0.03331148520885652
	 2.765173118033813
	 0.03469109430725603
	 2.79183434334472 
	 0.03584898273193571
	 2.820205534055743
	 0.03677767494229434
	 2.850304606870551
	 0.0374672416899855
	 2.882171360075539
	 0.03790495483521905
	 2.915869083401031
	 0.03807481720836003
	 2.951487456687895
	 0.03795691214239394
	 2.989147119325435
	 0.03752648980389295
	 3.029006510106836
	 0.03675266165466007
	 3.071271898623703
	 0.03559649733115378
	 3.116211991959192
	 0.03400818660877269
	 -3.119006216986983
	 0.03192270212789783
	 -3.067546140829483
	 0.02925301319808904
	 -3.011973553669854
	 0.02587931090275664
	 -2.951476145410764
	 0.02163222202657278
	 -2.885078865392786
	 0.01627049700609606
	 -2.812085987064425
	 0.009477848725192528
	 -2.73436740322524
	 0.0010448518475763
	 -2.662895062474929
	 -0.008245730831424547
	 -2.61646351298468
	 -0.01592271535339695
	 -2.5991600826734 
	 -0.02041854885010808
	 -2.602056524573332
	 -0.02208638999430623
	 -2.617178334673666
	 -0.02164556608005297
	 -2.639549284398666
	 -0.01964135498410458
	 -2.665986305913214
	 -0.01646834576538203
	 -2.694277561457848
	 -0.01243435979214458
	 -2.722791180105145
	 -0.007795354828047163
	 -2.750294466569807
	 -0.002769985861464708
	 -2.775863218397789
	 0.00245550479829526
	 -2.798826513253249
	 0.007725762343392839
	 -2.818724020253528
	 0.01291504781935848
	 -2.835267627684867
	 0.01792505603978434
	 -2.848305644858844
	 0.02268172589997741
	 -2.857790167924742
	 0.02713141320795387
	 -2.863748571415656
	 0.03123689445964928
	 -2.866259694843388
	 0.03497358346771939
	 -2.865434753797637
	 0.0383261974068787
	 -2.861402580390894
	 0.04128597386154498
	 -2.854298553961873
	 0.04384844268686683
	 -2.844256494734084
	 0.0460116980919667
	 -2.831402807931971
	 0.04777508883351356
	 -2.815852233118754
	 0.04913823699646969
	 -2.797704634768366
	 0.05010029927314963
	 -2.777042339420253
	 0.0506593921906473
	 -2.753927566204519
	 0.05081210989680462
	 -2.728399501096104
	 0.05055306699882522
	 -2.700470520694011
	 0.04987439746058442
	 -2.670120958414461
	 0.04876513146804462
	 -2.637291583299805
	 0.04721035193820855
	 -2.601872553296138
	 0.04518999484274855
	 -2.563686876902465
	 0.04267709249412666
	 -2.522465129591567
	 0.03963515069949186
	 -2.477805902579181
	 0.03601418123613231
	 -2.429112585094546
	 0.03174469221128029
	 -2.37549142608484
	 0.02672889727219729
	 -2.315594059535613
	 0.0208299660668616
	 -2.247436512988418
	 0.01387113424083752
	 -2.168616705879613
	 0.00571617757838383
	 -2.079192786795846
	 -0.003279213637223721
	 -1.989707911986747
	 -0.0113681623458346
	 -1.916073865803237
	 -0.01659220723532862
	 -1.861045385191716
	 -0.01897151613293224
	 -1.819874182773036
	 -0.0193187598111717
	 -1.788409022054799
	 -0.01823570250732542
	 -1.764051287931213
	 -0.01608139096916794
	 -1.7452145955437 
	 -0.01307584055853606
	 -1.730894200199536
	 -0.009366214583732102
	 -1.720419705331009
	 -0.005062314517910282
	 -1.713315628631869
	 -0.0002559651029589993
	 -1.709219461764594
	 0.004967842758452745
	 -1.707830858183191
	 0.01052430571698393
	 -1.708878571863292
	 0.01632490283988308
	 -1.712098331198472
	 0.02227541434944236
	 -1.717218168006194
	 0.02827548108204869
	 -1.723949426284223
	 0.03421949712874151
	 -1.731982506604915
	 0.03999865933400359
	 -1.740986732406732
	 0.04550394727070928
	 -1.750613757285902
	 0.05062972198406812
	 -1.760503800447568
	 0.05527755139491664
	 -1.770293805908076
	 0.05935982890549774
	 -1.779626459774653
	 0.06280277181363014
	 -1.78815893716735
	 0.06554847208718839
	 -1.795570319262771
	 0.06755580868969124
	 -1.801566811950586
	 0.06880018806285038
	 -1.805884163082927
	 0.06927222311284598
	 -1.808286945201752
	 0.06897556312946618
	 -1.808564571099303
	 0.06792413313373413
	 -1.806523975312565
	 0.06613903153223433
	 -1.801978768134677
	 0.06364528048604323
	 -1.794734281902919
	 0.06046853879058323
	 -1.784567162646149
	 0.05663178493360732
	 -1.771196763890239
	 0.05215186616565948
	 -1.75424303798808
	 0.04703569549561681
	 -1.733160756327203
	 0.04127579718342633
	 -1.707130402784757
	 0.03484503192414934
	 -1.674868074462343
	 0.02769151789987134
	 -1.634290758725797
	 0.01974090459762468
	 -1.582010489219858
	 0.01094218712575445
	 -1.513340850068031
	 0.001510057358591332
	 -1.426961790252201
	 -0.007356624963259062
	 -1.485240226700753
	 -0.02293851009318515
	 -1.457567584335224
	 -0.02437737266542173
	 -1.429580711753144
	 -0.025703799193868
	 -1.401238105692737
	 -0.02691232753200201
	 -1.372494706367178
	 -0.02799569085464171
	 -1.343301972342574
	 -0.02894442095639516
	 -1.313608094510033
	 -0.02974632715947356
	 -1.283358460198689
	 -0.03038577934523823
	 -1.252496643459797
	 -0.03084270570468139
	 -1.220966416104881
	 -0.03109116509377041
	 -1.188715703524591
	 -0.03109726826043979
	 -1.155704279048482
	 -0.0308160733506786
	 -1.121918825575474
	 -0.03018681425181202
	 -1.08740305818212
	 -0.02912532835135773
	 -1.052320123501654
	 -0.02751162777246274
	 -1.017088209207435
	 -0.02516886174685351
	 -0.9826930393278858
	 -0.02182726276799141
	 -0.9514523625591707
	 -0.01706624838168347
	 -0.9289239078914067
	 -0.01026051248684157
	 -0.9277284952627906
	 -0.0008171844104281067
	 -0.9659255831733383
	 0.01017976716264979
	 -1.037423910056333
	 0.01840353821605833
	 -1.107934573520148
	 0.02148551577626101
	 -1.159944192295977
	 0.0209257413510886
	 -1.193519541890549
	 0.01852668135601476
	 -1.212913104460421
	 0.01532783866142817
	 -1.221993980470532
	 0.01184425906876596
	 -1.223586832093546
	 0.008323160809771801
	 -1.219654335526548
	 0.004881764828469137
	 -1.211554020465788
	 0.001573947879262239
	 -1.200233788205505
	 -0.001577660917366774
	 -1.186364257440403
	 -0.004565892639882607
	 -1.170425890914641
	 -0.007391071382581771
	 -1.15276638528458
	 -0.01005690025979833
	 -1.133638886823884
	 -0.01256829902981615
	 -1.113227804815488
	 -0.01493025340322762
	 -1.091666502740254
	 -0.01714719689628597
	 -1.069049582356937
	 -0.01922267367433439
	 -1.045441501395514
	 -0.02115914644642181
	 -1.020882654473088
	 -0.02295787364877522
	 -0.9953936572067392
	 -0.0246188120221511
	 -0.9689783198509001
	 -0.02614051753502378
	 -0.9416256287088522
	 -0.02752002595518377
	 -0.913310941085406
	 -0.02875269740474695
	 -0.8839965230786084
	 -0.0298320085075392
	 -0.8536315045371807
	 -0.03074927192646615
	 -0.8221512815805601
	 -0.03149325606146891
	 -0.7894763583628528
	 -0.03204966630086226
	 -0.755510585114149
	 -0.03240043102627865
	 -0.7201387231060081
	 -0.03252270611763231
	 -0.6832232635490547
	 -0.03238746309876284
	 -0.644600487472885
	 -0.03195744394798528
	 -0.604075990040111
	 -0.03118412315349217
	 -0.5614206193417451
	 -0.03000306394103136
	 -0.5163699023558889
	 -0.02832659503977575
	 -0.4686363085633706
	 -0.02603190148276524
	 -0.4179631165960073
	 -0.02294124089111449
	 -0.3643125082698183
	 -0.01878969225118543
	 -0.3085014915152517
	 -0.01318226538433431
	 -0.2543125430937557
	 -0.005611005519996715
	 -0.2139097802278196
	 0.004026947764652622
	 -0.2083184022341132
	 0.01377640927478274
	 -0.2408963444188165
	 0.0203299336207432
	 -0.292261815680308
	 0.02287768607667062
	 -0.3463158539531078
	 0.02242260785227601
	 -0.3954784953616611
	 0.02007010461113135
	 -0.4369855551208272
	 0.01662789275794951
	 -0.4703100372921186
	 0.01262826532521033
	 -0.4958856123830481
	 0.008405578340966002
	 -0.5144981180111959
	 0.004162756548031332
	 -0.5270033716511273
	 1.897898749492199e-05
	 -0.5342048338621366
	 -0.003958506155910202
	 -0.5368084810934133
	 -0.007733963729541049
	 -0.5354135733027268
	 -0.01129035832733383
	 -0.5305188826196627
	 -0.01462141633445957
	 -0.5225345223359592
	 -0.01772674438842436
	 -0.5117948141802062
	 -0.02060884022783305
	 -0.4985702403995076
	 -0.02327126669729007
	 -0.4830777772151637
	 -0.02571753651763609
	 -0.4654894786536561
	 -0.0279504278109477
	 -0.4459394193245066
	 -0.02997155644249117
	 -0.4245291842230615
	 -0.03178109603535728
	 -0.4013320986058176
	 -0.03337757575060807
	 -0.3763963627709032
	 -0.03475770922844124
	 -0.3497472141000088
	 -0.03591622120739535
	 -0.3213881893278494
	 -0.036845644577989
	 -0.2913015047260367
	 -0.03753606166241585
	 -0.2594475076953114
	 -0.03797475982263698
	 -0.2257630736020124
	 -0.03814576247180512
	 -0.1901587157839309
	 -0.03802918028008428
	 -0.1525140276995303
	 -0.03760029996870773
	 -0.1126708588910388
	 -0.03682828245936154
	 -0.07042330537921487
	 -0.03567426538867169
	 -0.02550313258541818
	 -0.03408853387053146
	 0.02244134253602801
	 -0.0320061972181851
	 0.07387529476004172
	 -0.02934042515895352
	 0.1294172901920682
	 -0.02597170762184664
	 0.1898787756060001
	 -0.02173111274756057
	 0.2562354700493067
	 -0.01637797015724241
	 0.3291915734086844
	 -0.009596269488598486
	 0.4069149814859068
	 -0.00117394765347778
	 0.4785107266418936
	 0.008116683311992334
	 0.5251432635441204
	 0.01580727131586235
	 0.5425913870412586
	 0.0203154053239365
	 0.5397732695274905
	 0.02198959932842914
	 0.5246918475081371
	 0.02155121978298591
	 0.502340784316965
	 0.0195473818064722
	 0.4759117233338478
	 0.01637370293687734
	 0.4476208848733353
	 0.0123385597743757
	 0.4191026049424059
	 0.007698219357137992
	 0.3915911198081432
	 0.002671514111784568
	 0.3660116878647733
	 -0.002555211537181634
	 0.3430360029405154
	 -0.007826546582001104
	 0.3231249789739103
	 -0.01301672526971953
	 0.306567172134542
	 -0.01802743489622172
	 0.2935146085336017
	 -0.02278461940862675
	 0.2840154389900515
	 -0.02723464755208127
	 0.2780424636957217
	 -0.0313403133217629
	 0.2755169591578813
	 -0.03507705027074515
	 0.2763277784840809
	 -0.0384295960058727
	 0.2803461203065245
	 -0.04138920828292258
	 0.2874366054984591
	 -0.04395143637123966
	 0.2974653890669796
	 -0.04611439298376507
	 0.3103060198175356
	 -0.04787744457512311
	 0.3258436931087567
	 -0.04924023042627534
	 0.3439784607205578
	 -0.0502019243946108
	 0.3646278924352477
	 -0.05076066077269936
	 0.3877296423505411
	 -0.05091305288619585
	 0.4132443691357284
	 -0.05065373697842412
	 0.4411595036256795
	 -0.04997487248704435
	 0.471494469456693
	 -0.04886552079006923
	 0.5043081841825795
	 -0.04731080437114898
	 0.5397100750639825
	 -0.04529071102189786
	 0.5778765689023976
	 -0.04277834295843697
	 0.6190762979344221
	 -0.03973730293985533
	 0.6637095244758763
	 -0.03611774065396478
	 0.7123711523374698
	 -0.0318503640950456
	 0.765952349213297
	 -0.0268376760287643
	 0.8257976889770947
	 -0.02094323330290426
	 0.8938868126129229
	 -0.01399058567851408
	 0.972624881748368
	 -0.005842578551450428
	 1.061999462742644
	 0.003151384956162406
	 1.151558195431702
	 0.01125346519072834
	 1.225336764561191
	 0.01649487240657077
	 1.280481044417661
	 0.01888471059086716
	 1.321729940732022
	 0.01923655897193921
	 1.353248140736638
	 0.01815468708171886
	 1.377644113092112
	 0.01599963106850955
	 1.396509877422844
	 0.01299219164698795
	 1.410853368383839
	 0.009279960923753494
	 1.421346845681259
	 0.004972991728651177
	 1.428466915654714
	 0.0001632691226405303
	 1.432576779809108
	 -0.005064103797235875
	 1.433977214806063
	 -0.01062423729715301
	 1.4329397297172  
	 -0.01642853781127496
	 1.429728750187616
	 -0.02238272008052111
	 1.424616326810143
	 -0.02838636315847021
	 1.417891152077624
	 -0.03433380158123933
	 1.409862834756342
	 -0.04011617475244278
	 1.400862047811781
	 -0.04562440777847265
	 1.391237131860788
	 -0.05075281175544943
	 1.381347867360442
	 -0.05540291112223916
	 1.371557320001659
	 -0.05948706433596929
	 1.362222824986729
	 -0.06293146418961726
	 1.353687238731686
	 -0.06567819007146425
	 1.346271517760633
	 -0.06768612118141104
	 1.340269493645768
	 -0.06893067724308044
	 1.335945447334264
	 -0.06940249711397528
	 1.333534816098024
	 -0.06910526789213978
	 1.333248165463057
	 -0.06805296327437582
	 1.335278492041905
	 -0.06626674036788494
	 1.339812048615203
	 -0.06377168973769343
	 1.347043267819913
	 -0.06059354892367064
	 1.357195124275257
	 -0.05675538764356514
	 1.370547665232969
	 -0.05227416126287232
	 1.387479989323825
	 -0.04715691546832934
	 1.408535792547429
	 -0.04139634383108404
	 1.434532037978786
	 -0.0349655288827353
	 1.466748228621936
	 -0.02781287076617911
	 1.507259704128615
	 -0.01986428632590864
	 1.559442515461712
	 -0.01106848817536688
	 1.62797832632105 
	 -0.001636928356856693
	 1.714250008770114
	 0.007240782593918249
	 -1.096054429829115e-05
	 -8.745301213047762e-08
	 1.085110397034271e-05
	 2.195471759233146e-05
	 3.333294911605613e-05
	 4.511061902773998e-05
	 5.743462556656652e-05
	 7.048309305135004e-05
	 8.447805081773996e-05
	 9.970349355451554e-05
	 0.0001165317275262254
	 0.0001354625836467482
	 0.000157182565429424
	 0.000182653847740471
	 0.0002132421801615366
	 0.0002508663019083895
	 0.0002979906119871361
	 0.0003564456435402721
	 0.0004200257299459928
	 0.0004433483086027068
	 0.0003142238746646755
	 7.240058569244699e-05
	 -9.570603038829652e-05
	 -0.0001730423915112649
	 -0.0002013568978898868
	 -0.0002068056571026155
	 -0.0002018007338631898
	 -0.0001920914048936184
	 -0.0001804016772976124
	 -0.0001680525604836876
	 -0.0001556898443747115
	 -0.0001436227842136964
	 -0.0001319882299326834
	 -0.0001208331116610963
	 -0.000110157125441941
	 -9.993526994315293e-05
	 -9.01298335887436e-05
	 -8.069669029379696e-05
	 -7.158843833091646e-05
	 -6.275573242290984e-05
	 -5.414752326151154e-05
	 -4.571055091040006e-05
	 -3.738820999893099e-05
	 -2.911875762325425e-05
	 -2.083273046527776e-05
	 -1.244932963896658e-05
	 -3.871369026375515e-06
	 5.021885913470812e-06
	 1.438510561152502e-05
	 2.442237359913927e-05
	 3.54109209146597e-05
	 4.773865187797067e-05
	 6.196544352443058e-05
	 7.892681469062361e-05
	 9.991555147216192e-05
	 0.0001270098391482382
	 0.0001636715194100005
	 0.0002157548023087604
	 0.0002923836612751286
	 0.0004000652819960856
	 0.0004986251355774777
	 0.0004619104630309163
	 0.0003096300189524124
	 0.0001677354756036488
	 6.799165889812079e-05
	 2.097020648486088e-06
	 -4.073873077630069e-05
	 -6.824492217438088e-05
	 -8.552710672714596e-05
	 -9.593389529593714e-05
	 -0.0001016809907891588
	 -0.0001042527264775332
	 -0.0001046564013306979
	 -0.0001035842213947129
	 -0.0001015175093948728
	 -9.879458441412165e-05
	 -9.565553410363285e-05
	 -9.22721041023096e-05
	 -8.876786695562438e-05
	 -8.523194306192877e-05
	 -8.172836727170414e-05
	 -7.830244772321455e-05
	 -7.498497909587557e-05
	 -7.17948464711856e-05
	 -6.874032153226647e-05
	 -6.581916306452724e-05
	 -6.301744962822886e-05
	 -6.030685164866901e-05
	 -5.763973331278585e-05
	 -5.494095987950018e-05
	 -5.209438074638647e-05
	 -4.892027376437236e-05
	 -4.513674470060071e-05
	 -4.029133396084927e-05
	 -3.363459018551097e-05
	 -2.387469399431206e-05
	 -8.675688311755602e-06
	 1.641654965138424e-05
	 6.027564876102466e-05
	 0.0001400799124887977
	 0.0002767847308919922
	 0.0004287340621059754
	 0.0004651405767152887
	 0.0004049532098577766
	 0.0003278255367204658
	 0.0002593742905816912
	 0.0002023320629518836
	 0.0001550344325537304
	 0.0001155818659259799
	 8.247790148192286e-05
	 5.459766780618628e-05
	 3.107527447564407e-05
	 1.121589558546267e-05
	 -5.559646411665211e-06
	 -1.974698650844348e-05
	 -3.177630342792669e-05
	 -4.202288644146653e-05
	 -5.081408936125635e-05
	 -5.843474584477245e-05
	 -6.513199291015e-05
	 -7.111983524767576e-05
	 -7.658349384561885e-05
	 -8.168347646707078e-05
	 -8.655929109709179e-05
	 -9.133274022367233e-05
	 -9.611074928656479e-05
	 -0.0001009876720328102
	 -0.0001060469582531628
	 -0.0001113619475882074
	 -0.0001169953390198528
	 -0.0001229965003456585
	 -0.0001293950204684656
	 -0.0001361873056214826
	 -0.0001433095275779359
	 -0.0001505822933132936
	 -0.000157593360523619
	 -0.0001634361216346176
	 -0.0001660898322747812
	 -0.0001608579330875321
	 -0.0001363405799820007
	 -6.596646740520983e-05
	 8.62030063052421e-05
	 0.0002637198495917608
	 0.0003406788475134432
	 0.0003401460735124666
	 0.000314834014915898
	 0.0002850115147009425
	 0.000256305993323112
	 0.0002299459988518068
	 0.0002059254273517486
	 0.0001839263357849983
	 0.0001635904458872759
	 0.0001445954322765395
	 0.0001266711109629793
	 0.0001095975734316311
	 9.319867217511228e-05
	 7.733498613659656e-05
	 6.189732170972847e-05
	 4.680082803443972e-05
	 3.197955596915584e-05
	 1.738128995096069e-05
	 2.962560738757852e-06
	 -1.1316160294326e-05
	 -2.549501234425715e-05
	 -3.961893958860326e-05
	 -5.374144950428477e-05
	 -6.792792391764081e-05
	 -8.225856549711784e-05
	 -9.68311571957555e-05
	 -0.0001117638827905248
	 -0.000127198474912369
	 -0.0001433038725791958
	 -0.0001602802575212879
	 -0.000178362453100965
	 -0.0001978192442718467
	 -0.0002189384030380769
	 -0.0002419674902548512
	 -0.000266919841186553
	 -0.0002929562476501398
	 -0.0003163697554308791
	 -0.0003240303566099167
	 -0.0002772099860527499
	 -0.0001255256359205452
	 -1.184856320129908e-05
	 -9.685108876180769e-07
	 9.976690170142451e-06
	 2.108661896759236e-05
	 3.247079411961807e-05
	 4.425397202148133e-05
	 5.658295771840646e-05
	 6.963574214347567e-05
	 8.363416493698689e-05
	 9.886195140332067e-05
	 0.0001156910253118902
	 0.0001346206762403126
	 0.0001563366525916164
	 0.0001818001239259612
	 0.00021237569329129
	 0.0002499815898511132
	 0.0002970859488812603
	 0.0003555428124431164
	 0.0004192508049658186
	 0.0004431303630751601
	 0.000314844462388872
	 7.283631271475198e-05
	 -9.585993649899836e-05
	 -0.0001735623144266692
	 -0.0002020677336291735
	 -0.0002076192151852447
	 -0.0002026730642036374
	 -0.0001929992764562848
	 -0.0001813319825653896
	 -0.0001689974588646835
	 -0.0001566444065311014
	 -0.0001445837782668641
	 -0.0001329534602246816
	 -0.0001218010403714769
	 -0.0001111266465904612
	 -0.0001009055693381159
	 -9.110029932581375e-05
	 -8.166685423122714e-05
	 -7.25579374033926e-05
	 -6.3724283311356e-05
	 -5.511490654458011e-05
	 -4.667660231935102e-05
	 -3.835281739909859e-05
	 -3.008186325665355e-05
	 -2.179433898541387e-05
	 -1.340952357822089e-05
	 -4.830334664730254e-06
	 4.063817437021909e-06
	 1.342739408446132e-05
	 2.34641694000036e-05
	 3.445090649341368e-05
	 4.67747867974009e-05
	 6.099454531703553e-05
	 7.794385389647593e-05
	 9.891244470723292e-05
	 0.0001259733900873551
	 0.0001625801853705188
	 0.0002145757776305273
	 0.0002910860128247022
	 0.0003987428416417008
	 0.0004978785657487037
	 0.0004621011314371835
	 0.0003098386135477858
	 0.0001676057333642161
	 6.759055377940666e-05
	 1.51564672322214e-06
	 -4.143988641794863e-05
	 -6.902814593808332e-05
	 -8.636837717021915e-05
	 -9.681738476294638e-05
	 -0.0001025959301750933
	 -0.0001051915792579102
	 -0.0001056137610710299
	 -0.0001045561220158792
	 -0.0001025009798711956
	 -9.978735335629876e-05
	 -9.665582909302243e-05
	 -9.327851251544385e-05
	 -8.977923762874121e-05
	 -8.624731568040407e-05
	 -8.274692102199413e-05
	 -7.932346371623226e-05
	 -7.600781304950736e-05
	 -7.28189095462428e-05
	 -6.976506832959497e-05
	 -6.684408683300938e-05
	 -6.404208592848128e-05
	 -6.133079336943498e-05
	 -5.86626625404192e-05
	 -5.596270657929851e-05
	 -5.311502628856654e-05
	 -4.994033262593259e-05
	 -4.615748791288419e-05
	 -4.131538023582111e-05
	 -3.466702477284121e-05
	 -2.492527407419258e-05
	 -9.763363991640983e-06
	 1.525421863555876e-05
	 5.896473499314042e-05
	 0.0001384999809403833
	 0.0002749558955260256
	 0.000427461058105215
	 0.0004648054821481131
	 0.0004048284008022377
	 0.0003275983960647605
	 0.0002590110162867871
	 0.0002018520775421163
	 0.0001544595642564396
	 0.0001149294804461086
	 8.176142520346721e-05
	 5.382775442735526e-05
	 3.02606382500926e-05
	 1.03638213861815e-05
	 -6.442994159139919e-06
	 -2.065636417657147e-05
	 -3.27072441023677e-05
	 -4.297158374634127e-05
	 -5.177729653377175e-05
	 -5.940968505566792e-05
	 -6.611627323126852e-05
	 -7.211137886569831e-05
	 -7.758047032316516e-05
	 -8.268424471145653e-05
	 -8.756234852875096e-05
	 -9.23366785685422e-05
	 -9.711421648422056e-05
	 -0.0001019893399629804
	 -0.000107045496405702
	 -0.0001123560036739079
	 -0.0001179835293551045
	 -0.0001239774166066738
	 -0.0001303672670750268
	 -0.0001371495981301679
	 -0.0001442609181364226
	 -0.0001515226725723709
	 -0.0001585245914285183
	 -0.0001643647002309775
	 -0.0001670334562997433
	 -0.0001618624412738811
	 -0.0001375221520416432
	 -6.757075634429632e-05
	 8.41081857175657e-05
	 0.0002621339191760125
	 0.0003399287013280503
	 0.0003397199621350526
	 0.0003144793891184585
	 0.0002846543876645849
	 0.0002559271731472306
	 0.0002295413461730727
	 0.0002054947019449913
	 0.000183470067049657
	 0.0001631090962678095
	 0.0001440892389066364
	 0.0001261401265089309
	 0.0001090417581029348
	 9.261799041065811e-05
	 7.672949345410164e-05
	 6.126723715132372e-05
	 4.614659058041906e-05
	 3.130186422160884e-05
	 1.668112501928497e-05
	 2.241193118970908e-06
	 -1.205717793060114e-05
	 -2.625386333501832e-05
	 -4.039356829622773e-05
	 -5.452958835136179e-05
	 -6.872711740673128e-05
	 -8.306618632544541e-05
	 -9.764440994661157e-05
	 -0.0001125797911013115
	 -0.0001280138484036913
	 -0.0001441152503978925
	 -0.0001610838271271586
	 -0.0001791539491580041
	 -0.0001985938530052358
	 -0.0002196907625637218
	 -0.0002426920860120947
	 -0.0002676127894726336
	 -0.0002936218885645659
	 -0.0003170441759690162
	 -0.0003248599389984786
	 -0.0002785978886050413
	 -0.0001275989119876936

